% # columns="iteration, evaluation, sigma, axis ratio, bestever, best, median, worst objective function value, further objective values of best", seed=691495, Mon Oct 30 12:58:19 2023, <python>{}</python>
1 56 0.4170296383598798 1.0000437509570452 10.71567661812839 1.0715676618128390e+01 10000.0 10000.0   
2 112 0.42047312535507575 1.2536468839890258 3.9129625587342702 3.9129625587342702e+00 10000.0 10000.0   
3 168 0.40495754406802836 1.4140742010585983 3.9129625587342702 4.7193741531940265e+00 10000.0 10000.0   
4 224 0.3533835013524366 1.5765037602062075 2.2336992141835337 2.2336992141835337e+00 10000.0 10000.0   
5 280 0.3385619468264041 1.7020217728924314 2.2336992141835337 3.8185648236189622e+00 10000.0 10000.0   
6 336 0.3578773749026786 2.026271100715917 2.2336992141835337 3.2555873179442685e+00 10000.0 10000.0   
7 392 0.3688890165454823 2.007260004583437 2.2336992141835337 2.4054654835856595e+00 14.775076312366435 10000.0   
8 448 0.37975270760642144 2.0895318518058543 1.4739296075292279 1.4739296075292279e+00 10000.0 10000.0   
9 504 0.3851487118859966 2.096609458165341 1.1227479870287826 1.1227479870287826e+00 18.360040794429576 10000.0   
10 560 0.35691312306821227 2.23340441047311 1.1227479870287826 1.4123398777645813e+00 10000.0 10000.0   
11 616 0.3303821312874243 2.2235313934074474 1.1227479870287826 1.1863781571375636e+00 10.793034968607138 10000.0   
12 672 0.3470990599017068 2.3605809650911715 0.8795143203807352 8.7951432038073518e-01 7.003063782266749 10000.0   
13 728 0.3414061140349184 2.5627147060734115 0.8795143203807352 1.0099179960391578e+00 5.194344059056355 10000.0   
14 784 0.3017397154345666 2.7470919781713175 0.7760193272426449 7.7601932724264489e-01 5.856216222614453 10000.0   
15 840 0.3082334968432062 2.978127782466648 0.46965944132948456 4.6965944132948456e-01 3.5775457424327373 10000.0   
16 896 0.2817157853964974 3.439363413216283 0.46965944132948456 7.5218271175346241e-01 3.414864637098892 10000.0   
17 952 0.2908183598343052 3.5160136513859017 0.4116494621850639 4.1164946218506387e-01 2.1607903873785665 10000.0   
18 1008 0.2801808416154071 3.8363066553141962 0.4116494621850639 5.8369075987085506e-01 1.7686871055712914 10000.0   
19 1064 0.24894694057549355 4.16484512575797 0.4116494621850639 4.3280268021278900e-01 1.6423726396304035 10000.0   
20 1120 0.25522733804745 4.530071452309718 0.4116494621850639 4.3799669036179734e-01 1.364351894941776 10000.0   
21 1176 0.23791669870001528 5.0944438239170555 0.38640371500957776 3.8640371500957776e-01 1.2194626117590674 10000.0   
22 1232 0.23873860728054458 5.3771356010208935 0.38640371500957776 4.2330363525032250e-01 1.2096265214323079 10000.0   
23 1288 0.2209256398185393 5.6619348126885995 0.3813833876913213 3.8138338769132130e-01 0.794655872350807 10000.0   
24 1344 0.21102444602416012 6.836621842898425 0.3669131125162054 3.6691311251620540e-01 0.6386511380578859 10000.0   
25 1400 0.20340632178832269 8.345210939398834 0.36603168115989315 3.6603168115989315e-01 0.5330765677946029 10000.0   
26 1456 0.20338268504230023 9.79889047163858 0.3302809185531359 3.3028091855313590e-01 0.489712678335965 1.4655568790996187   
27 1512 0.20283808553450078 11.572072962457742 0.3302809185531359 3.8262335362442329e-01 0.48449503767731467 1.164269868139447   
28 1568 0.20324149940074368 11.353708519568105 0.3302809185531359 3.4655927044627793e-01 0.48149168695947625 10000.0   
29 1624 0.19692315043924552 14.328556578411021 0.3302809185531359 3.5801579550807250e-01 0.4631474343275257 10000.0   
30 1680 0.19298104478458702 17.58839405821039 0.29953259939180615 2.9953259939180615e-01 0.41361083005128724 10000.0   
31 1736 0.1972883181554419 18.54273734750912 0.27970571619052254 2.7970571619052254e-01 0.4088217994011275 0.7001049638233737   
32 1792 0.19263442217080357 19.817734446337216 0.27908956358420733 2.7908956358420733e-01 0.4256924329629242 10000.0   
33 1848 0.19477114330379056 20.896125574905774 0.27908956358420733 2.9750506161554796e-01 0.40713222916829556 10000.0   
34 1904 0.1886905080886714 24.252208988904652 0.27908956358420733 3.0534182137551663e-01 0.4033848979222467 10000.0   
35 1960 0.1844676831672006 24.055432960541005 0.27850898502453775 2.7850898502453775e-01 0.39401459051933335 0.6367227227044575   
36 2016 0.1786569358214469 26.43581707631967 0.2717513963787411 2.7175139637874107e-01 0.38195533756925615 10000.0   
37 2072 0.1742032763685363 28.415941025525274 0.2717513963787411 2.7675091612497116e-01 0.37524778582586515 0.45653759087851925   
38 2128 0.1660600751702566 30.28402219127228 0.2717513963787411 2.7862407959078567e-01 0.3451123000667762 0.43664441813812   
39 2184 0.1592987501892609 36.30546699664986 0.26782570141162604 2.6782570141162604e-01 0.31587170905438977 0.5580324918628151   
40 2240 0.1468874375578535 42.15248663018518 0.2654901788117801 2.6549017881178011e-01 0.31698521877647456 10000.0   
41 2296 0.15976849145467106 47.84156511858335 0.2654901788117801 2.6902933043060867e-01 0.2977064307585067 0.43185325724413126   
42 2352 0.13948507925183448 51.03733095385276 0.2654901788117801 2.7279476502326050e-01 0.299442815217521 0.4588863578072153   
43 2408 0.13930685212804222 55.18041618043172 0.2654901788117801 2.7448417541904108e-01 0.29664926002099995 10000.0   
44 2464 0.13277467658898945 61.664428092140845 0.2654901788117801 2.7251247365027298e-01 0.292688052028779 0.3622651268991684   
45 2520 0.11613057223705973 68.4916500288583 0.2654901788117801 2.7077598203415953e-01 0.2823934773924264 0.39771607289708466   
46 2576 0.11425226307948363 70.37197475463559 0.2654901788117801 2.7168831063919296e-01 0.27803270297498267 0.3614730861122449   
47 2632 0.11063928461624574 75.31348294310725 0.2654901788117801 2.7345808958388135e-01 0.2796016704298731 0.38337183046377155   
48 2688 0.11141194480519986 81.3281075350733 0.2654901788117801 2.6799278315351788e-01 0.27809670937956377 0.39130665313071467   
49 2744 0.10106319317927813 84.90137922184375 0.2654901788117801 2.6819476459118996e-01 0.2761435143268983 10000.0   
50 2800 0.09758550105949548 89.41225328656867 0.2654901788117801 2.6854446016123279e-01 0.2768101200730578 0.3326642660235359   
51 2856 0.08702478374948625 89.92998046164105 0.2654901788117801 2.6740025854247451e-01 0.27686347034995035 0.3154139739950002   
52 2912 0.0921897160130869 88.17615868521493 0.2654901788117801 2.6685902723828370e-01 0.2748951870754366 0.32545921876741574   
53 2968 0.1008449010448893 92.16467636607291 0.2654901788117801 2.6616252352900283e-01 0.27418743198007883 0.32559048861053047   
54 3024 0.10622451578365029 89.09017554924013 0.2654901788117801 2.6621167962261538e-01 0.27517371220392994 0.3589592637691304   
55 3080 0.09810904212489567 95.43860320746926 0.26474136593740366 2.6474136593740366e-01 0.27612105145620014 0.32365119321597635   
56 3136 0.09223955147536306 90.13208867996623 0.2645413322231865 2.6454133222318649e-01 0.2753230469719751 0.3214728435471449   
57 3192 0.09597668149386024 91.17723691476833 0.26192683325014604 2.6192683325014604e-01 0.2728975284218643 0.32275058531711426   
58 3248 0.11810911356372752 92.7480519058408 0.26192683325014604 2.6344305249870253e-01 0.2749257882963903 0.39881763477308463   
59 3304 0.12684684106926497 89.64404618206233 0.26192683325014604 2.6221545204454300e-01 0.275688204000631 0.35609813610729607   
60 3360 0.12852797265997815 101.64101594259961 0.2615167240485704 2.6151672404857040e-01 0.27711626999100597 10000.0   
61 3416 0.12450543245354137 106.33128760623035 0.2615167240485704 2.6856810308580503e-01 0.2752914070709895 10000.0   
62 3472 0.13355025774656173 114.825718682069 0.2598664425284763 2.5986644252847629e-01 0.2738962505452521 10000.0   
63 3528 0.11480782697271173 118.08777902926406 0.25858038588218646 2.5858038588218646e-01 0.2751142788622428 0.3871258739921477   
64 3584 0.11068622101801183 125.59220449081899 0.2548713445370255 2.5487134453702548e-01 0.27350052428874605 10000.0   
65 3640 0.11897113392911864 118.7141549055002 0.25336704051056463 2.5336704051056463e-01 0.2716421227146234 0.3845070630797721   
66 3696 0.11662045503946752 119.55423811433842 0.25336704051056463 2.5370468668995855e-01 0.2779128053468151 0.4083328853430859   
67 3752 0.10837471836470107 126.7656973469038 0.25336704051056463 2.5398149617767768e-01 0.2725685853336273 0.421459840823585   
68 3808 0.10700837927792507 127.1997138886512 0.25336704051056463 2.5486664708174384e-01 0.2723578476798695 10000.0   
69 3864 0.1096811471974861 135.01039445088966 0.25297543312619475 2.5297543312619475e-01 0.2688543201077985 0.364920678692281   
70 3920 0.11595188454946725 130.08066620857772 0.25271339159717243 2.5271339159717243e-01 0.2663400214284874 0.3658678379438613   
71 3976 0.0962042182959957 148.80136077244708 0.25271339159717243 2.5535845555441578e-01 0.26216170197629807 0.3840026281171356   
72 4032 0.09241141803356404 155.08805841824795 0.25271339159717243 2.5441414840138599e-01 0.26206747833559385 0.3351035669454741   
73 4088 0.0873059649894453 163.81435604766452 0.25271339159717243 2.5313714552842914e-01 0.2613083086226326 0.33811517913869416   
74 4144 0.08633755962234908 185.40702776873127 0.25271339159717243 2.5328756631014021e-01 0.26144272006708447 0.34101078293964554   
75 4200 0.08921239207312158 212.8252159761712 0.2525313883015644 2.5253138830156441e-01 0.2610938420968307 0.3219204879632579   
76 4256 0.08414243044565475 213.6119688806679 0.2525313883015644 2.5301807672659893e-01 0.26028110349655614 0.3716144050637176   
77 4312 0.08010936200976808 230.42960729298898 0.2525313883015644 2.5274389150896648e-01 0.2613778578746171 0.2967749491029584   
78 4368 0.07530524741335612 232.925103958034 0.2525313883015644 2.5253877680451492e-01 0.25831071665863986 0.3216212443934906   
79 4424 0.07886967725120854 253.8895803822672 0.2525313883015644 2.5259558399444870e-01 0.255364073603442 0.29488077814784025   
80 4480 0.08989686912487205 286.28988418000887 0.2525313883015644 2.5313094331118047e-01 0.2552062350854834 0.32143077634423817   
81 4536 0.07974496458375924 272.2015878460531 0.2525313883015644 2.5305103240132670e-01 0.2594840680765455 0.4076898052018918   
82 4592 0.06936321325254427 285.54530989735196 0.2524334549703181 2.5243345497031811e-01 0.2558139898657798 0.3355508143243764   
83 4648 0.07152768654644458 259.7819036813374 0.2524334549703181 2.5371752167252887e-01 0.255049849678664 0.2966549821207157   
84 4704 0.07605326226293174 245.4929436604851 0.2524334549703181 2.5315644774745832e-01 0.25501125982593253 0.3659924055483097   
85 4760 0.09264284091129824 244.27578006792976 0.2524334549703181 2.5305307709115160e-01 0.255155942726711 0.3678261336177779   
86 4816 0.08728838464250889 238.4916653450398 0.2524334549703181 2.5321101272608582e-01 0.2599860390071466 0.4131375085624994   
87 4872 0.0802455517988253 241.43046891944206 0.2524334549703181 2.5313198717905550e-01 0.25483542022877315 0.35622750421364485   
88 4928 0.07591829542454054 244.82069003460404 0.2524334549703181 2.5315065253519131e-01 0.2547884876377861 0.3672681779602304   
89 4984 0.07416475205364453 256.76372493127195 0.2524334549703181 2.5345382960578017e-01 0.2546549303302245 0.33324008764130975   
90 5040 0.0769395599463007 259.5926722131181 0.2524334549703181 2.5321994962490546e-01 0.2546908533436779 0.3217202054860218   
91 5096 0.07779489874732863 253.23051462271513 0.2524334549703181 2.5310552241701995e-01 0.254602148916893 0.3215290210562643   
92 5152 0.07980359765153516 251.3581786964286 0.2524334549703181 2.5305580763943381e-01 0.2544635467507497 0.30606454977616404   
93 5208 0.07900540682772923 293.8189242355731 0.2524334549703181 2.5302495224087845e-01 0.2545090060197865 0.3324657620017203   
94 5264 0.07471315456837864 295.0848131815719 0.2524334549703181 2.5301658117255449e-01 0.2544680816145008 0.41450636993792156   
95 5320 0.07421846102265857 330.1899180730717 0.2524334549703181 2.5295961538057676e-01 0.25445214945624567 0.32213753464093553   
96 5376 0.0787330374047424 329.90729092066925 0.2524334549703181 2.5301976607872911e-01 0.2544591681304649 0.32890904661868225   
97 5432 0.08058611476973045 337.93035732900665 0.2524334549703181 2.5299816911697237e-01 0.2629613899162755 0.4138188462777544   
98 5488 0.08863208332639765 320.4985572403571 0.2524334549703181 2.5305178604905093e-01 0.2547073260413547 0.32182156175998317   
99 5544 0.08525563294437104 325.9335255357943 0.2524334549703181 2.5310913299557475e-01 0.25434985930464465 0.29511055913296264   
100 5600 0.08554932632784913 318.6625277847737 0.2524334549703181 2.5303696661129704e-01 0.2543224377297067 0.3560359934147992   
101 5656 0.09020151779876216 319.8201360904542 0.2524334549703181 2.5300141981948393e-01 0.25439461786643575 0.3049843294713744   
102 5712 0.10590026334700182 312.1907064220139 0.2524334549703181 2.5293019478723677e-01 0.2543339313512526 0.3531030308981653   
103 5768 0.10841966606319405 293.9346753997083 0.2524334549703181 2.5295438880829946e-01 0.2607092342816049 0.3300814071107696   
104 5824 0.1013704766006188 271.85957608181997 0.2524334549703181 2.5293190785510061e-01 0.26072511583328745 0.3707429096869995   
105 5880 0.09420144552335873 290.4193771377338 0.2524334549703181 2.5294398254081246e-01 0.2542699238593681 0.323611926898418   
106 5936 0.1013650615175411 283.73009015711835 0.2524334549703181 2.5292917038186447e-01 0.25315013401349723 0.35596332618070076   
107 5992 0.09885622529923017 302.4326457989322 0.2524334549703181 2.5294666473882071e-01 0.2604874320035883 0.37148785525577394   
108 6048 0.09542016012017504 306.973349001516 0.2524334549703181 2.5295601464862227e-01 0.2607148934370338 0.32175819066307443   
109 6104 0.09753575246368311 315.082674483312 0.2524334549703181 2.5295680717330365e-01 0.25318384850111536 0.3060868943790029   
110 6160 0.09536262914424129 325.86666183933164 0.2524334549703181 2.5292883058984122e-01 0.2530942079331682 0.32176638500953153   
111 6216 0.08690714042509703 320.0766769447363 0.2524334549703181 2.5292197571088859e-01 0.25424072438370504 0.37070371725854295   
112 6272 0.08306376538806126 336.7113340510868 0.2524334549703181 2.5294240329584411e-01 0.2530331281952619 0.32174224413696456   
113 6328 0.07784041902333207 332.55595332897985 0.2524334549703181 2.5292236317109834e-01 0.25301995732878446 0.33433209816219034   
114 6384 0.0785115050565336 354.5101958399609 0.2524334549703181 2.5289052977470983e-01 0.2530343939414672 0.3342518208623926   
115 6440 0.08252242067239945 359.70761948701795 0.2524334549703181 2.5288034193113057e-01 0.2530005118781443 0.3352011916694111   
116 6496 0.07353343322580343 370.05009366170896 0.2524334549703181 2.5291439710869223e-01 0.2606431344450533 0.3694976404994482   
117 6552 0.07662506234092799 361.5568407123282 0.2524334549703181 2.5286801520068297e-01 0.25296873301325057 0.36836137341022657   
118 6608 0.0915535067865352 404.45841465054764 0.2524334549703181 2.5287475988723196e-01 0.2529732380858413 0.32163819120259657   
119 6664 0.08763871532314733 466.4212231245613 0.2524334549703181 2.5288480542680530e-01 0.2607398638347552 0.3341684177726988   
120 6720 0.07622519821946103 474.84103864451856 0.2524334549703181 2.5288388935359996e-01 0.25806271469995645 0.3340199322688348   
121 6776 0.07221465345768442 471.01772646447796 0.2524334549703181 2.5288005360579013e-01 0.2529476788890135 0.2945792212898352   
122 6832 0.06724341077087481 527.5775599411819 0.2524334549703181 2.5288449937249813e-01 0.2529285898469972 0.3051160343954187   
123 6888 0.07614105668396538 606.0650187936521 0.2524334549703181 2.5287000952217492e-01 0.2529126986709561 0.32166624822811074   
124 6944 0.08426291050958312 631.2072387105248 0.2524334549703181 2.5286595352471281e-01 0.2606679066050811 0.3530163606980328   
125 7000 0.07538749778782813 668.5558111618936 0.2524334549703181 2.5288991375118103e-01 0.2612515226113641 0.321692481924783   
126 7056 0.07727491372624466 689.3926199364242 0.2524334549703181 2.5286774165137382e-01 0.25291068701124003 0.32167026875841515   
127 7112 0.08032590336957116 760.9198267859878 0.2524334549703181 2.5286372446214556e-01 0.25290237755947464 0.32055333982868134   
128 7168 0.07999373872995208 794.6161093703835 0.2524334549703181 2.5285730273105694e-01 0.2529254025032415 0.35304101009991323   
129 7224 0.07785514290659684 865.5791867546048 0.2524334549703181 2.5285435931474126e-01 0.2529212200084215 0.3682931061309209   
