% # columns="iteration, evaluation, void, void, void, xmean", seed=691495, Mon Oct 30 12:58:19 2023, <python>{}</python> # scaling_of_variables: 1, typical_x: 0
1 56 0 0 0 -0.015437495467309987 0.00988908082169387 0.0009257567062838079 0.05107176870547863 -0.058647456128617666 -0.022170097471364673 0.11505497945858094 0.03556958722065049
2 112 0 0 0 -0.1176313649704699 -0.2198255205604406 0.00016039981023312222 0.14669368291781798 -0.09598346200223434 0.09383544964194328 0.08383999291077113 0.10400933131346105
3 168 0 0 0 -0.07678781384159736 -0.19221299112708046 -0.05008501978886587 -0.05191545306148648 -0.02188463729609999 -0.044625014684482114 0.024434166780840344 -0.06268772900741557
4 224 0 0 0 -0.041757521959174176 -0.16873499745454612 0.07995185162074547 -4.917550601131471e-05 -0.020383412923894242 -0.03684682177325412 0.030876111096686365 0.06240150718300977
5 280 0 0 0 -0.15037917772362494 -0.1545270854331193 0.007906414844117124 0.00446117580143277 0.01583840583239366 0.0908872673711898 0.022091534647032497 0.016704062986886092
6 336 0 0 0 -0.1657099572992276 -0.046477029330246986 -0.09711653562050991 0.0346637086478815 -0.03502688938544203 -0.02632896453445381 -0.05858860089635601 0.13516497749328488
7 392 0 0 0 -0.2947173548807809 0.0111126488003392 -0.09284108905885036 0.031359189663258284 0.003407469347470979 -0.12966167135009957 -0.08419878446831063 0.01906133528056128
8 448 0 0 0 -0.282398793450625 0.04960510449178056 -0.1911041274367721 0.048018794529230656 0.06790083099203213 -0.18476574115963043 -0.06684307159667564 -0.10065146914737498
9 504 0 0 0 -0.22343452746440237 0.09075381196249964 -0.3071734695601701 0.020967156591021094 -0.012486489375359108 -0.04194603780258277 -0.01797348778352642 0.03293555538809996
10 560 0 0 0 -0.3078490192613535 0.07434587741681943 -0.2258735139878681 0.050931371724967776 0.044072219890779675 0.012867073634903907 0.0016080379434389135 0.05070831718121238
11 616 0 0 0 -0.33241521297143856 0.07741018175906729 -0.2327718661153198 0.05637464815131991 -0.018935128829861543 0.08411651875944587 -0.04249158652083658 0.054849577159763935
12 672 0 0 0 -0.3352548779447275 0.1476431400910409 -0.2598141309732776 -0.020269850887054817 0.07431903594377623 0.07898468184401755 -0.08523989831831479 0.15909674327596987
13 728 0 0 0 -0.2794011173887458 0.13901198457682104 -0.28033543938103844 -0.026938059716492865 0.08445699875396664 0.0011756008021190506 -0.07573178215729426 0.2275011524785479
14 784 0 0 0 -0.3504720351789565 0.1541371849136306 -0.2621838275291908 -0.021024206567167414 0.033425398291841414 0.02102243759041517 -0.14033778819956325 0.19623612952436462
15 840 0 0 0 -0.40062643736160114 0.181663114461943 -0.18304785178402277 -0.0364919597823178 0.0313519855643134 0.026315744133823423 -0.06771224995838986 0.10560434858823761
16 896 0 0 0 -0.39162143188862014 0.20869416592674503 -0.21304788187889218 -0.02143578887914485 0.021959633912993656 0.02517104280532087 -0.0862441500470325 0.09114365246680145
17 952 0 0 0 -0.4039153332202888 0.23293969402223838 -0.17574854390091005 -0.046826059681236126 0.08833509137418645 0.0028238222288250042 -0.08349820831789671 -0.005628950466926588
18 1008 0 0 0 -0.41161964893114356 0.22811597541353468 -0.28619457712554663 -0.04249487211331754 0.07087082851229612 0.0032732603283781945 -0.14622611374831074 0.07126410544257676
19 1064 0 0 0 -0.3823210331614954 0.22989831872954244 -0.2882975760132312 -0.04451027306584762 0.050117849619753276 0.006430086439612815 -0.09128012747433989 0.04292047339945589
20 1120 0 0 0 -0.3666218234395166 0.24342710253988165 -0.30075536073379155 -0.03844429077317938 0.012167539816549403 0.003465027291405106 -0.14291324792284582 -0.022722788701799203
21 1176 0 0 0 -0.3729448631458861 0.24950515477484247 -0.2941524184048507 -0.020735268872190907 -0.016782903537638002 -0.0009843810264399569 -0.10844591265090496 -0.04185316364684685
22 1232 0 0 0 -0.3723512236623225 0.24252669533693258 -0.21333737998298988 -0.01897872560716228 0.02534042436572796 0.002820745482548578 -0.1153515144133689 -0.05427989586624274
23 1288 0 0 0 -0.4103908927095829 0.2489425008551997 -0.16413394165640258 -0.01773102877763074 0.012907309613336387 0.006328812396125494 -0.06871575757889122 -0.07597892127207344
24 1344 0 0 0 -0.422090943856312 0.2513668035595712 -0.16088556723603392 0.011324902445064539 0.009673756329410308 0.0019133106926227618 -0.07496857859161046 -0.08874032333446386
25 1400 0 0 0 -0.3597128860967804 0.24599426115033843 -0.21947593706525548 -0.00013761944476648434 -0.004183964140163242 -0.0007845216617385128 -0.10821802622890159 -0.06542657866918634
26 1456 0 0 0 -0.3338562634187975 0.24722399943162496 -0.21669944714506958 0.004375058100126469 -0.01129603364286583 -0.0038918660249857287 -0.10135358058577049 -0.02288875675695201
27 1512 0 0 0 -0.32857229366843277 0.2509518798185658 -0.20993530232141744 -0.004113719835969837 -0.013895050977286811 0.0005906055137547906 -0.05300165202715901 -0.009590356309644985
28 1568 0 0 0 -0.3222338722488409 0.24713008961915756 -0.1667383995420966 0.015306693004657701 -0.012234869457381085 -0.0035278965598991322 -0.0499935883714419 0.0023492608341106544
29 1624 0 0 0 -0.38176460322485445 0.2506903892276863 -0.10664016970970037 0.02917328951557826 -0.01840159326410153 0.002275101897435244 0.009972975747786425 -0.028442220897679647
30 1680 0 0 0 -0.36228828451439976 0.24962715698751703 -0.0892931369103982 0.04340598729516473 -0.026693364817633635 -0.0033547888195092183 -0.006832285615460357 -0.00086827898358139
31 1736 0 0 0 -0.34218504975011566 0.2489620600154384 -0.08884991263207417 0.056503402608727625 -0.016626996273278558 -0.002114918384761588 -0.048292655800369 -0.006734584504150604
32 1792 0 0 0 -0.34793506983046146 0.25037234282388277 -0.07575559977470192 0.05645431011354486 -0.01012517760193534 0.00016264264364607888 -0.07345118709246064 -0.053371646062991177
33 1848 0 0 0 -0.3642041895536413 0.2524916846534205 -0.048322808359494214 0.037052617713996115 -0.004006145134178733 -0.00209831591488792 0.0007591368935632031 -0.041075453492631954
34 1904 0 0 0 -0.371961929179495 0.2519926287027361 -0.04530434625261018 0.023955938376297253 0.0008205722545694119 -0.0022518654951410966 -0.030333509396126463 -0.03569890816116876
35 1960 0 0 0 -0.3621267941809339 0.2521291551318797 -0.03540356540276247 0.025144541975055678 -0.00892652232478083 -0.003381977531562563 -0.060469499085025746 -0.02259122008552118
36 2016 0 0 0 -0.36552747793000023 0.2523182905267779 -0.0038429090960922993 0.019973218849822578 -0.00796499841574817 -4.087681229299721e-05 -0.058795173378010435 -0.04324300691509885
37 2072 0 0 0 -0.35669411288875663 0.2516012394254741 9.247602471176581e-05 0.03400830323497121 -0.00874264384394779 0.0020033806384898755 -0.056147204608982794 -0.051606573484930175
38 2128 0 0 0 -0.3502516991966548 0.25299524514545074 0.00853007617068472 0.03137072130952915 -0.0010571250992482606 0.0031296056250920594 -0.06031734185867936 -0.0570891808971217
39 2184 0 0 0 -0.3611161628540998 0.25186985360182057 0.018519114654988553 0.01817887250079222 -0.005343768288295159 0.0007223583404630998 -0.04217142854649058 -0.048055963958613
40 2240 0 0 0 -0.36867239945691516 0.2521266989764349 0.017648175306121526 0.01436024158510039 -0.004902686715334883 -0.0006938876028331899 -0.02624729065660242 -0.0376092848093112
41 2296 0 0 0 -0.3471669205047231 0.2500302102613859 -0.006442398409309151 0.004050918425315396 0.0067250707483248965 -0.0002462491229250946 -0.017296903531413537 -0.04516759349085974
42 2352 0 0 0 -0.3515578758138902 0.250836516973807 -0.01804191963164117 0.012056263168295925 0.007817336264989556 3.0987829428407256e-05 -0.042538831612708085 -0.03397441257356186
43 2408 0 0 0 -0.3418314383207444 0.24958371777542052 -0.010946793854236558 0.0012166534129007776 0.003934232808006933 0.0004930204361691356 -0.06282878439321822 -0.038695352903960964
44 2464 0 0 0 -0.3391227407368512 0.2496050028367489 -0.023985270381910208 -0.00880604554166809 -0.0006685902219459956 -0.0009702643712842705 -0.05819207039668509 -0.0364497184662299
45 2520 0 0 0 -0.33866696710798716 0.2493249192810999 -0.034977209932061354 -0.004851619980717421 -0.0035331871165331674 -0.0006278197336076522 -0.051350870372310245 -0.040198434608148585
46 2576 0 0 0 -0.3465397696703826 0.2494203253194176 -0.0001237948136375358 -0.005292407784703903 -0.0022263345680359767 -0.0008433486692115042 -0.0442748515307106 -0.04041561842286597
47 2632 0 0 0 -0.3577102298258528 0.25010115707721653 0.008787933542968 -0.0065311162482776285 0.0036457042999833737 -0.001186532083294926 -0.017167290061564266 -0.04216302802427233
48 2688 0 0 0 -0.360233161606867 0.24987653705627774 0.020794300624405803 -0.015077674200153587 0.003214232567250636 -0.002001273304275535 -0.0006053319925103315 -0.049026054213305345
49 2744 0 0 0 -0.36191842243064876 0.2501885356046273 0.025931690116433894 -0.01954543535194554 0.0032135958429544177 -0.00205303399974244 -0.003511628791642613 -0.03873767088509723
50 2800 0 0 0 -0.3658784361510945 0.25037587104325265 0.017413271882607346 -0.018264594266593534 0.006322173682449635 -0.0017730189603944416 0.0129012428812474 -0.03239137114878053
51 2856 0 0 0 -0.3637701202141029 0.2501183550924311 0.0210039395488589 -0.015966979753886723 0.009841627439823785 -0.0007899244436486276 0.0050760987271069955 -0.03393334181231334
52 2912 0 0 0 -0.36244263437058505 0.25003501430102154 0.03808998292211816 -0.01152068053798455 0.006978611823224422 -0.001321038097398894 -0.001764790083013116 -0.03302221427692955
53 2968 0 0 0 -0.37423837394514536 0.2503097969903127 0.04388769818622419 -0.016963711696726575 0.012696664719867256 -0.0001588884665440749 0.0034483435049568172 -0.035322630473496874
54 3024 0 0 0 -0.3813513113652162 0.25049231341275713 0.06462304456096171 -0.01820056577881241 0.012709979739898092 -0.0008695494757709897 0.008465180516561721 -0.030219109842686533
55 3080 0 0 0 -0.37605795152940996 0.25016496875281513 0.05007274424061493 -0.01893558461304233 0.01845329747802964 -6.195590776378074e-05 0.003733650093297139 -0.023891670445803592
56 3136 0 0 0 -0.37580790569394434 0.2503450275288622 0.06127915223152723 -0.027078390564520945 0.020084221811743297 0.00045408950197066325 0.008344382342835197 -0.025398450443381352
57 3192 0 0 0 -0.3842415924066836 0.25035903154360806 0.055609952412436534 -0.032131537379601574 0.020956645722456993 -0.0004752991207782111 0.01629091911814431 -0.02024960131537383
58 3248 0 0 0 -0.3854512388183453 0.2507196495906717 0.053718059585798124 -0.0431764931140484 0.014408957820765459 -0.0020366124794840433 0.027122029240978975 -0.02174205759300683
59 3304 0 0 0 -0.3876470429471882 0.2507813787813937 0.048339524411040044 -0.05399821413590545 0.01412839213948157 -0.002423014454153237 0.04276024693134551 -0.020996596918207194
60 3360 0 0 0 -0.386747828243531 0.25083575595953006 0.0334798334648621 -0.06267703076437176 0.014196045888030591 -0.0024812773350515287 0.0336195531676949 -0.024736234147152692
61 3416 0 0 0 -0.38041129587297484 0.25078187102984384 0.03826758931854565 -0.0581427457978796 0.011671708814288433 -0.002758167905726363 0.021951057007939888 -0.017349445958946257
62 3472 0 0 0 -0.3922050882187293 0.2509864460074929 0.036531873647854755 -0.07370545454402766 0.017791536422910495 -0.0021121133173318137 0.012853126067504224 -0.01446062949199432
63 3528 0 0 0 -0.392745422064943 0.25102995275863677 0.03814967269339541 -0.07353579653056094 0.018996432542209417 -0.0021024736656546318 0.018749251297535123 -0.008702933633081271
64 3584 0 0 0 -0.39652698642407846 0.2510058941781547 0.04065082231107958 -0.07623684429466157 0.019531514413311364 -0.0014188852852992041 0.02334761972756344 -0.012285389270084332
65 3640 0 0 0 -0.4035409068008039 0.25133807653560003 0.04642948798201764 -0.08866178101088901 0.023588741597071115 -0.0015624118920527412 0.014284266364257012 -0.009960260124311206
66 3696 0 0 0 -0.4078288444173318 0.251314199682566 0.053065895541546615 -0.07875241403477046 0.023230347368801578 -0.0012540694084654134 0.020762620515468146 -0.005752090762620402
67 3752 0 0 0 -0.40914023255161924 0.251414706666726 0.05072840280349254 -0.07761357827807305 0.01947501207404471 -0.0017825186071541105 0.013377634774881294 -0.013078840499063249
68 3808 0 0 0 -0.4051499348437634 0.25128000368547565 0.05119292095200524 -0.08311671028007978 0.026528552121479865 -0.0015026105818593829 0.012700766838714945 -0.014599640030331401
69 3864 0 0 0 -0.4078983404215553 0.25131680563805325 0.051379806144748456 -0.08259024312397531 0.023431003471398537 -0.0003293911625597385 0.012023329241726981 -0.020122421220511177
70 3920 0 0 0 -0.4072691428537618 0.25133972199815563 0.04641861113877706 -0.09601848082292634 0.03245927925679118 0.0002168090978685749 -0.0021186971090908988 -0.01837491012666706
71 3976 0 0 0 -0.4076721020408925 0.25132481760780273 0.04696294638143139 -0.09094412858561106 0.02721328905026292 -5.5606798975012055e-05 0.006899860405570588 -0.01879096952599116
72 4032 0 0 0 -0.4107961641222842 0.2513964303799665 0.0519508348858866 -0.08646372792931702 0.027293069323946567 0.00026060367249648893 0.003254832981731094 -0.014468171547194054
73 4088 0 0 0 -0.41079442806608607 0.25143223779053075 0.05430353342649094 -0.08625810039954453 0.027329228716160937 -0.0003697327673963214 0.003784445710425133 -0.011181554996496633
74 4144 0 0 0 -0.41153973811498834 0.25133121720984924 0.05603276626417658 -0.07913544880229739 0.02615144484935434 -5.082326104937187e-05 -0.0050500187684509226 -0.012097419682743285
75 4200 0 0 0 -0.4133978567212748 0.2513079007711465 0.05936205003399429 -0.07356776085730699 0.023906778728353523 5.059781935587651e-05 -0.01458041861308483 -0.010411529177993723
76 4256 0 0 0 -0.41411325602639587 0.2513473224884789 0.056775207672500314 -0.07215617924242064 0.026361951405873742 0.00017711616236712078 -0.01829521314912365 -0.014035392747293643
77 4312 0 0 0 -0.4132254743968039 0.2513068889803085 0.06205800501186501 -0.07404367292137265 0.029368122385163103 0.0003137470142112193 -0.014383555389366585 -0.01406242604015829
78 4368 0 0 0 -0.41377461729193854 0.2513149600576558 0.06625664039772575 -0.0743591982680863 0.029567009310091034 0.00041579560635370157 -0.02191650598067079 -0.013452582524536474
79 4424 0 0 0 -0.4165205965516923 0.2513566814108054 0.06276912080419306 -0.07335698202827012 0.028126306226489702 0.0005620253174176465 -0.028048912630288834 -0.01095634714516311
80 4480 0 0 0 -0.41778869127807783 0.2513385542156468 0.060301202753728744 -0.0729461216014129 0.02891646393801984 0.0006211607083104698 -0.03863653591866176 -0.004097911508367984
81 4536 0 0 0 -0.416651754587291 0.25135737599133884 0.05895946291928652 -0.0721002215529517 0.027139595124769416 0.00032822428240482344 -0.024360536278685212 -0.0051870384178259255
82 4592 0 0 0 -0.4158204965738958 0.2513691945008909 0.05783548043106079 -0.07294640182746254 0.025493517423305273 0.00031255456461139186 -0.026071495069158547 -0.007517288437432034
83 4648 0 0 0 -0.418506676692269 0.25136359313835555 0.057662176307855466 -0.07097146579189957 0.029762300101590224 0.00024555118026069894 -0.029294329509395263 -0.004199512486191155
84 4704 0 0 0 -0.41910818601929456 0.25133296498283114 0.0554628341007819 -0.07043492490818143 0.032766512867214555 -0.0002527988197627342 -0.023695685015373075 -0.0009440804636738492
85 4760 0 0 0 -0.4181538379235596 0.2512360599645107 0.05133994494589878 -0.06866011713385263 0.03476126267424337 -0.0006848473543408222 -0.017494326770025388 -0.00023810955628202188
86 4816 0 0 0 -0.41778787522406097 0.2512856547748422 0.05784389476895814 -0.07294807971752619 0.033261635562396724 -0.0003163809955079094 -0.02312392684938446 -0.0008913447615715635
87 4872 0 0 0 -0.4184409145167062 0.251322673487468 0.054454657098707844 -0.07150708983880895 0.03342156668280896 -0.00015718951433676262 -0.019483897749142966 -0.0033055150237697797
88 4928 0 0 0 -0.41866065721538026 0.2513594021991642 0.05394657862838229 -0.07195617617444014 0.03161966896855422 -8.069882504403464e-06 -0.02614771279002743 -0.003990128123867639
89 4984 0 0 0 -0.41946434951891026 0.2513456611890921 0.05607225462014586 -0.07273793804356458 0.034528755649664095 0.0002933678994208569 -0.03306871049851069 -0.004874294089736828
90 5040 0 0 0 -0.41958753656080233 0.25130675020866433 0.05676820186176479 -0.07148585707187362 0.03301801211859677 4.914932597133609e-05 -0.03503011857686713 -0.005511020792972839
91 5096 0 0 0 -0.41931857657495536 0.2512889244491806 0.056751899802912155 -0.07158516187241167 0.03256188097404789 -0.00018770237096224528 -0.040263322480663576 -0.005385546268794072
92 5152 0 0 0 -0.4195074356608079 0.2512983068894739 0.05660131374911468 -0.07098952051134765 0.030873252536801246 1.8296592889371335e-05 -0.05342832782651241 -0.004441949642093018
93 5208 0 0 0 -0.41937526113133006 0.2513021750445429 0.05776707426003484 -0.07156511993816914 0.02944565470732074 -0.00030810195874554386 -0.0572076708801063 -0.0038273791442656096
94 5264 0 0 0 -0.4196096067769701 0.25131714151945334 0.058072927485632385 -0.07132446713689257 0.02891989135741945 -0.00015317896288587047 -0.0660126742291877 -0.003780021388927483
95 5320 0 0 0 -0.41934131981894085 0.2513344479166763 0.058513592496285 -0.07216902104977754 0.027783877501438646 -3.875736850970701e-06 -0.07247760085430123 -0.0025465383413944428
96 5376 0 0 0 -0.4189416724666686 0.25127920822012745 0.05894369730624687 -0.07068272841321487 0.025108484391799184 3.998921672733021e-05 -0.08173263498316159 -0.003838996923661793
97 5432 0 0 0 -0.41853549569570747 0.2513141249492594 0.05450619515159694 -0.06942580226521873 0.023772348504563036 -5.188564699174085e-05 -0.07709789915661391 -0.0034618115276356296
98 5488 0 0 0 -0.4184368330741099 0.2513150069090175 0.05478453361024134 -0.06946728952061129 0.02325561097272224 3.879234065362671e-05 -0.07624179301758419 0.002065939525900153
99 5544 0 0 0 -0.41824935448493855 0.25131256910367133 0.05312250140200586 -0.06952978888826529 0.024247773647095006 0.00019378592751748496 -0.07638955826548079 0.003602504599441624
100 5600 0 0 0 -0.41855831543944066 0.25133175712280126 0.052351446620507516 -0.07034169158478466 0.02482313922740822 -3.6186373318743305e-05 -0.07305697842031923 0.006076171646007094
101 5656 0 0 0 -0.4183192529204327 0.2512833781593686 0.05427276110584686 -0.07087989566391671 0.02392940034432316 0.00042645599741864546 -0.08208767125292218 0.008189059398214111
102 5712 0 0 0 -0.41831431542117753 0.2512451112108878 0.054708443914909886 -0.07237683565166281 0.02559797627502056 0.00045731492505646926 -0.08118437690953831 0.014477503602725926
103 5768 0 0 0 -0.41766500373314963 0.2512287349816956 0.05322334781239796 -0.07264915294467017 0.022627001563055662 0.0004031952774197101 -0.08264231129508191 0.012517047578608491
104 5824 0 0 0 -0.41777983614924413 0.25121243546396305 0.05280869652635591 -0.07155495027167397 0.025563640608055875 0.0001482808747152053 -0.07760072773075952 0.011923381895805212
105 5880 0 0 0 -0.41799453542824594 0.2511886128933152 0.05420642129616268 -0.07239902441488118 0.02791606165097721 0.000510788835496334 -0.07933497812714174 0.015020358489358206
106 5936 0 0 0 -0.41800401737023146 0.25116834032444446 0.056872468572132566 -0.07341450361936257 0.027441786435862064 0.0007434453313600427 -0.08859724885112494 0.010753144921000686
107 5992 0 0 0 -0.41768344428280774 0.25114512125537586 0.0568979381887765 -0.07323405513853021 0.02601867065503026 0.00093035089022501 -0.0914558407522113 0.007071695508729877
108 6048 0 0 0 -0.4178305268539003 0.25119226695448643 0.05586255745334866 -0.0733204808948411 0.026629910504812577 0.0009048637961503399 -0.08818413749335689 0.013299388142217218
109 6104 0 0 0 -0.4180739138282768 0.2512020818855721 0.057280260117122526 -0.07383877289030855 0.0266427487686239 0.00037872386108647336 -0.0851822281914284 0.015627351909499095
110 6160 0 0 0 -0.41811621343126476 0.2511894274087132 0.05822233637819161 -0.07439533121335042 0.0265566872639442 0.00042061475969301795 -0.08949035124280443 0.01738525055378066
111 6216 0 0 0 -0.41833452114317027 0.25119845478098823 0.057745713895030686 -0.07386915863519358 0.02939767422835649 0.0006911873930758926 -0.08658857789924485 0.015161576939905904
112 6272 0 0 0 -0.418510622924229 0.2511950211558336 0.05879769790914489 -0.07439236531387163 0.03029628811326592 0.0007017428443653366 -0.08864253538513955 0.015434156131756978
113 6328 0 0 0 -0.41856322716006994 0.2512019770078593 0.059691396354718096 -0.0749437084116228 0.030029750175272794 0.0006555080494537256 -0.09107496555685744 0.016174534894371102
114 6384 0 0 0 -0.4186531549767869 0.2512031838801677 0.06100265935069427 -0.07561443169300057 0.03064762749833885 0.0008901012274218177 -0.09378357488593597 0.015823875692759476
115 6440 0 0 0 -0.41895171783862406 0.25122411120649096 0.062123870287918145 -0.0756030270107678 0.030882360819776057 0.0007786051563203672 -0.09603476167416408 0.013594555691375786
116 6496 0 0 0 -0.41891708124024324 0.2512354767090042 0.061723598597257325 -0.07553896228768149 0.030532302159547497 0.0007477616305677225 -0.0941877035091475 0.013169959258715459
117 6552 0 0 0 -0.41927415217709013 0.25125788228935747 0.06289012063611123 -0.07624156531071781 0.03183760574430246 0.0008431163120472165 -0.09317663203692293 0.013397342033462416
118 6608 0 0 0 -0.41964558083276904 0.25126582050237073 0.062090441612646034 -0.07599479049712513 0.03463896710693661 0.0006837989000771464 -0.08684304546928925 0.014564431086373342
119 6664 0 0 0 -0.4195318646240367 0.25127714741313656 0.062127841357861806 -0.07645546405295046 0.033223061767611084 0.00037169699859920883 -0.086282271652615 0.01652930719652517
120 6720 0 0 0 -0.4195963148482533 0.2512703103332991 0.0628790570718431 -0.07641628377990761 0.03344870730181191 0.0005048171837088741 -0.08787175618951305 0.013724746793112492
121 6776 0 0 0 -0.4195584141435462 0.25126198073374667 0.06374249795168353 -0.07653143167943065 0.033101687251515736 0.0006312956863217079 -0.09111772831602878 0.012547587153754635
122 6832 0 0 0 -0.41961941986048 0.2512609916978664 0.06385971165365563 -0.07659936409941742 0.03357035106629699 0.0005464020042195575 -0.09088388671610939 0.012324932147222904
123 6888 0 0 0 -0.4197354007140403 0.2512607800820076 0.06452458897127027 -0.07657277957274881 0.03402140208849274 0.0004897785953838344 -0.09294375887484554 0.011780070211586753
124 6944 0 0 0 -0.4201267244605659 0.25128963708894786 0.06590836548279706 -0.0770750566305328 0.034578422175304546 0.0005667322856589684 -0.09094114261458278 0.00956975559218271
125 7000 0 0 0 -0.41974020342595264 0.25126657364361893 0.06500606679718375 -0.07677001969203745 0.033334898243555795 0.0006200433697286186 -0.09243516164613141 0.00989653022882032
126 7056 0 0 0 -0.419748098339473 0.2512752803911912 0.06590759990879148 -0.07709863013883515 0.032205583669410925 0.0008605592070703284 -0.09521806194253171 0.00868673272361818
127 7112 0 0 0 -0.4199258974560203 0.25128072018672204 0.06668813526652406 -0.07719453687541071 0.03282214121845618 0.001095362580015036 -0.09625110499291212 0.006141929759509252
128 7168 0 0 0 -0.4200053038793031 0.25128983684647693 0.06681672870470273 -0.07717397152189553 0.0333084207781696 0.0010100633736741488 -0.09629603814645923 0.005343555439607319
129 7224 0 0 0 -0.4200797569371105 0.25129225464215216 0.06624150939183324 -0.07726627994821711 0.034199527270945176 0.0008026654321275597 -0.09315788363804546 0.006858115416210237
