% # columns="iteration, evaluation, void, void, void, xmean", seed=239931, Fri Mar 28 15:09:21 2025, <python>{}</python> # scaling_of_variables: 1, typical_x: 0
1 56 0 0 0 -0.07514655837553588 -0.16820678476307208 -0.13729333220001572 0.05146218356881529 -0.08396146915404651 -0.030798203844151776 0.04995144931966696 0.07945948432133453
2 112 0 0 0 0.05881611853782817 -0.20744104180150968 -0.005073066347535821 0.11175684774559051 -0.0192676677343398 -0.026635816880442663 0.20629311853057408 0.11536703491429001
3 168 0 0 0 0.0990827039343832 -0.12821570370868607 0.1640058915497743 0.05126769350215587 0.03627323230509764 -0.10813459052427235 0.17305374296135378 -0.060258050290273035
4 224 0 0 0 0.033698760634924 0.0038921472786951627 -0.02765409677737546 -0.08373269539591346 0.037416006355887106 -0.10366218381544813 0.1350504976347144 0.0500212243409463
5 280 0 0 0 0.16611463306358157 -0.009932334346542759 0.09381126934794462 -0.04829603599027954 0.03749712840254885 0.004822196054029129 0.17473969612566134 0.034080084972039994
6 336 0 0 0 0.1851809564682766 0.043976143452977505 0.08009645246838083 0.04707451008952185 0.0745224208729745 -0.07597907271495778 0.17829384938372547 0.04677258400527972
7 392 0 0 0 0.242426335475672 0.04090716359893183 0.08540122840519855 0.09595090852475283 0.141303963862441 -0.04954435911417176 0.10565813091048348 -0.05320757070387729
8 448 0 0 0 0.24326780063405096 0.03875113240682248 -0.005228228526697257 0.11752744537449526 0.070931579223824 -0.10865601106120859 -0.03660726930443778 0.046025620550003914
9 504 0 0 0 0.31010275675325744 0.008667507409158854 -0.02117063866038516 0.12549290660807166 0.030128812590855564 -0.13399491548485548 0.08733622689919891 -0.026643168611553143
10 560 0 0 0 0.3736563083488604 0.013047948757288763 -0.066207177284495 0.04024023453918081 0.04902219313336985 -0.1526194962182441 0.056746900055939645 -0.049614781719800716
11 616 0 0 0 0.4908434068827613 0.019467975458035733 0.00845274936653162 0.034231188953780634 -0.01221523720576892 -0.15610671207460722 0.11221086073108923 -0.09830815739982181
12 672 0 0 0 0.6358639225450945 -0.02688883535538543 0.13541124589385595 0.007105043303489256 -0.0607497493702752 -0.18963090873654642 0.17647081684562743 -0.0854870349933997
13 728 0 0 0 0.44611727754654096 0.010209758888801698 0.1335783644191518 0.13755605732816387 -0.06162405078197725 -0.11099129270527809 0.08991586230596121 -0.0387051846884624
14 784 0 0 0 0.3855204821768757 -0.04526125474736386 0.23753170936766912 0.1166213265830202 -0.024106084565546082 -0.18580321885679574 0.056081335059064784 0.03952371742805222
15 840 0 0 0 0.48359685118350815 -0.08736981451955105 0.27806952916793815 0.16566711716727348 0.0012714842576112481 -0.23117512332875198 0.19378271802948296 0.1143415159615121
16 896 0 0 0 0.44403180649801627 -0.10599037830819254 0.2978137127089271 0.1860842487955336 0.044978793305580085 -0.238122291345087 0.17772270343084062 0.18666269671652916
17 952 0 0 0 0.41714320185527964 -0.06579773478007007 0.35602982558254076 0.3657936992565442 0.05652881370731028 -0.1990052065668816 0.1837463787157846 0.2409510265227447
18 1008 0 0 0 0.31021844239885193 -0.004972454872228707 0.26262592640987314 0.41501715717329385 0.1271254198219787 -0.1220959338858116 0.05048810094366957 0.3252314717629923
19 1064 0 0 0 0.3258321835693663 0.0018867374131499512 0.20178057540923325 0.47113441916481874 0.18301056055497883 -0.1271898316166886 -0.04121046469651041 0.32434202537317824
20 1120 0 0 0 0.29912840187323175 0.0014848742965932438 0.2018303553043821 0.5716006683599316 0.18945453975418475 -0.11976797106064312 -0.0884505846975517 0.36302300391146747
21 1176 0 0 0 0.38844838261868725 0.016019775828925692 0.2068131154604533 0.5148626325916549 0.15859729864648148 -0.10016693691314198 -0.11806017200479826 0.34568040371566233
22 1232 0 0 0 0.38690815447475696 0.032756756369553296 0.21951175184377578 0.6420514174290446 0.17328265251337452 -0.06484915323325785 -0.1492574794371054 0.4448921620274697
23 1288 0 0 0 0.39101923338516986 0.01807373156886461 0.20950204064355102 0.6040762933188049 0.17773177208819552 -0.08006211803382071 -0.061766965771582916 0.38242117484532556
24 1344 0 0 0 0.40535112687040403 0.0369120099414508 0.23715193454845732 0.7063981808716396 0.1595655520075278 -0.059246093104237486 -0.118882529861872 0.3983139045880139
25 1400 0 0 0 0.48112346648346127 0.04120881228349403 0.2605225646105678 0.6573794146784256 0.1378717728373454 -0.053909470274470114 -0.18416979999226743 0.4739158014740071
26 1456 0 0 0 0.4942894419158419 0.06401285480842848 0.19363692812285457 0.6610874557949613 0.12460657794297025 -0.01945182487892739 -0.2342607707415202 0.48378465521478264
27 1512 0 0 0 0.5673637632353346 0.09491510658950471 0.1563029369231179 0.6452445559096698 0.14481395549674406 0.023089121180189874 -0.27372086890804476 0.5136989893806143
28 1568 0 0 0 0.563507399218962 0.08853194782783964 0.17446600889692002 0.6818219611466639 0.1882988058593905 0.01714576857412996 -0.28067940077426395 0.5438427908560114
29 1624 0 0 0 0.5652076604379256 0.07955586773473922 0.17086688457701824 0.7083272022706658 0.2019092927841897 0.007968219096700173 -0.2700760922108361 0.5717416109263069
30 1680 0 0 0 0.5731582599051234 0.07666025084897461 0.20343059654933823 0.7327204156588277 0.17829068590943 0.009537845245685978 -0.224883552109806 0.5340609481076647
31 1736 0 0 0 0.6007402102157857 0.06098855428471891 0.2490597978755879 0.7354080712018383 0.1562100093940632 -0.009699633964750615 -0.19525749954756985 0.5115003471659534
32 1792 0 0 0 0.5759955520396762 0.07358863762618327 0.2253474026944707 0.7508093137490125 0.19152822543692477 0.01941251556945943 -0.25987610314221554 0.5250204751408617
33 1848 0 0 0 0.56846026898565 0.0642322872129795 0.26865794756907346 0.7608943751546481 0.17866822898798265 0.006958808017349938 -0.23194310660720435 0.523583309199447
34 1904 0 0 0 0.5618158744256176 0.06040738920863155 0.28781011908435333 0.7692890676156887 0.15840086799752195 -0.004487309077895782 -0.19340756465814565 0.49968164233781537
35 1960 0 0 0 0.5782940155612036 0.04804834470369843 0.3020808933812039 0.7849563629323564 0.11773132626310456 -0.01919589534898886 -0.17094739538453618 0.44410653188042615
36 2016 0 0 0 0.5582046194261785 0.049224012382434415 0.33518491220357843 0.8390134084259113 0.06412399870757068 -0.020914106352736335 -0.11269059994415578 0.38974850173031117
37 2072 0 0 0 0.5435624723564456 0.06456720248049817 0.30689034070960325 0.8906808023926569 0.03228809929871146 -0.014354001584010467 -0.17495137625271331 0.34111384519730353
38 2128 0 0 0 0.5148816436360294 0.06938427361420227 0.3152391690992849 0.9045622921931687 0.019269257843922753 -0.010626897530492284 -0.17701458838838052 0.3131330994508278
39 2184 0 0 0 0.46925135240221116 0.07457709724439716 0.3333225575326819 0.969405326207505 -0.010119530435811642 0.002926424216114115 -0.15101874591358191 0.26411690158637446
40 2240 0 0 0 0.457084050476689 0.07465936847719279 0.36404317535661884 1.0160833556212976 -0.057304446852244034 -0.0008567465974381188 -0.10120281209287597 0.17766132562025133
41 2296 0 0 0 0.4663785178358686 0.07785986598684107 0.35285224741486465 0.9524544264482492 -0.0464453371299683 -0.005255643930425416 -0.08043566842781406 0.22219407136162833
42 2352 0 0 0 0.4694901749638501 0.08292379517573885 0.3283220343354387 0.9524586467106028 -0.032713353821437426 -0.002721703933809926 -0.13172634375093226 0.26039254460064826
43 2408 0 0 0 0.46437073675600216 0.08762322355232835 0.35741777333470237 0.981718867174029 -0.058514154276762854 0.009040621938414657 -0.10806156950804846 0.21630329699499592
44 2464 0 0 0 0.46881938963174463 0.08468748503448553 0.35975759407505364 1.0163876313356894 -0.09826949131822965 0.009701998088668477 -0.10004782377689184 0.1557652680465641
45 2520 0 0 0 0.48542338056161477 0.08257745607028592 0.3511343861876359 1.0316675206166739 -0.1225496274140662 0.002253886648566587 -0.0991344940918062 0.12414228031661047
46 2576 0 0 0 0.46548879381463 0.07979508628710547 0.3774948945412502 1.0701915193963687 -0.13078346415020098 0.001799265583181849 -0.08064579042627443 0.09842593968326643
47 2632 0 0 0 0.455478544558331 0.08019674660686127 0.3835159194315701 1.0829985804623532 -0.14989998440644928 0.003820724471733222 -0.0791442981483477 0.06293748587600506
48 2688 0 0 0 0.4706038804480872 0.08035162974166266 0.3675562854174837 1.0857900306015904 -0.14023840671489485 0.006398286638754402 -0.10531074564622674 0.08729478274280296
49 2744 0 0 0 0.4613637183080855 0.08492332030336013 0.3795470059478227 1.095025991257193 -0.14857192946625097 0.008044371168858137 -0.09328740069344581 0.08858597917244194
50 2800 0 0 0 0.4620707142500481 0.09029980370352611 0.35698243628783266 1.0851977046529149 -0.12802562799346964 0.013326412768166469 -0.10650074579103791 0.11964568983157299
51 2856 0 0 0 0.44616328624042767 0.08655926242086337 0.3696382653511165 1.1037049808361037 -0.15374933239352087 0.004180738891549936 -0.08969840740936573 0.08386698491175756
52 2912 0 0 0 0.44041682432544565 0.09047736387864444 0.36404383379865257 1.0894803967934221 -0.14148639630362622 0.009778148016021705 -0.09043067876345816 0.09660805983784813
53 2968 0 0 0 0.4440107890559506 0.08863533790408303 0.36192516867561336 1.1029524337680259 -0.1626638505604546 0.0033859995627027253 -0.08925027444498973 0.07036056048087257
54 3024 0 0 0 0.45662198034184215 0.09139722746278203 0.35363672205360935 1.100898420577643 -0.1650225326427696 0.004671011759954266 -0.09068134363467156 0.0688358472010696
55 3080 0 0 0 0.4548483948672095 0.09408027959688274 0.3547529871030964 1.0940337163117524 -0.16565996730094296 0.007625856874459399 -0.08376937428935825 0.07042853832515893
56 3136 0 0 0 0.4597429541986723 0.09444631563253057 0.34911235503044075 1.0917009069485735 -0.1592624057036089 0.010175575827726433 -0.09516289812097539 0.0830960976968598
57 3192 0 0 0 0.46142277392045006 0.09752412890625632 0.34693487454515426 1.0910692983209282 -0.1649366628223747 0.012096092819592012 -0.09681501109256889 0.08050281923633129
58 3248 0 0 0 0.45500932881440453 0.0960431191079362 0.3374512985497712 1.0791072380465339 -0.15822649673696298 0.011854883866754061 -0.10790854835939309 0.09041837029159305
59 3304 0 0 0 0.4656849762554744 0.09579465321867854 0.33753856279448924 1.0714267119862575 -0.16208147482134536 0.0119043410694987 -0.10889523697236723 0.09004575598677973
60 3360 0 0 0 0.4526932649478477 0.0971474900935231 0.3373989606675612 1.071815028986118 -0.1605686384528483 0.01306300957859754 -0.10970292625714005 0.09127686653493713
61 3416 0 0 0 0.44501400752218107 0.09784068427346539 0.33970876736559047 1.0786182189921754 -0.16633609021454984 0.010896232361048286 -0.10062008233800973 0.08257185924206352
62 3472 0 0 0 0.4510813219418191 0.09831061938309484 0.32784092912206325 1.075752504479842 -0.17034943543525397 0.011601533282750055 -0.10994625382518981 0.07981041007646804
63 3528 0 0 0 0.44629784076490203 0.10042898980499936 0.3220411513193238 1.0750864821040524 -0.168604892941979 0.011294061207110946 -0.11198772020128284 0.0838899173288951
64 3584 0 0 0 0.44708912004978923 0.10013948342372134 0.3197896660258398 1.0769852690816701 -0.1653198675403211 0.012172318316023415 -0.12223405924699794 0.08575850464825097
65 3640 0 0 0 0.4485497601788882 0.10117085495847386 0.3137351924967616 1.0822798681589376 -0.17193755341423275 0.011214350390217552 -0.1246845803803693 0.07795031298851249
66 3696 0 0 0 0.4444862607642541 0.10427014968536567 0.3054917391858056 1.0905567798720655 -0.17600791658675274 0.010372308531285575 -0.12138940880481819 0.07185115074143222
67 3752 0 0 0 0.4431524414117097 0.10320993260758544 0.3125820755008646 1.0907910299797166 -0.17891607624281475 0.010355358028661587 -0.11866401867204261 0.06643642008644501
68 3808 0 0 0 0.44308887823916243 0.10300782113154806 0.3135698388050421 1.0900779762719526 -0.1784437333896413 0.010163555697026554 -0.11549735687476627 0.06581187233034158
69 3864 0 0 0 0.44216128008500577 0.10276904101797643 0.3154714896328649 1.094552181222126 -0.17802354590516764 0.01051147443531184 -0.11721004166721528 0.06392286430858686
70 3920 0 0 0 0.4395479541173614 0.10332140633271951 0.3156957520150571 1.0996637849935016 -0.17886627291112295 0.010695088071944926 -0.1166305453933031 0.061706791410750965
71 3976 0 0 0 0.44124071614160915 0.10308580629732063 0.3129872994464848 1.0988081529715001 -0.18191417608245924 0.010306545196747192 -0.11669815558799021 0.05916051122840851
72 4032 0 0 0 0.4390793451252228 0.10369920980092792 0.31384396420477 1.1008838850326295 -0.17955318152043376 0.010558705510730128 -0.11783962492534465 0.0607454779109074
73 4088 0 0 0 0.4368586019169871 0.10386064761919964 0.3166684941910884 1.1038633708041412 -0.18000763550484136 0.010764134901394487 -0.11689580073978262 0.058906610142225174
74 4144 0 0 0 0.438705928098743 0.10345490601013461 0.31395968152894094 1.100864795301397 -0.1791802897857131 0.010951856918717745 -0.11826823664449998 0.06136802987836324
75 4200 0 0 0 0.4420922015550389 0.10357560025357387 0.3096699888000122 1.1004431703901438 -0.18022469566404167 0.01067056782363266 -0.12194998712072026 0.060547634410914444
76 4256 0 0 0 0.4398402228216922 0.10383931543703354 0.3081454982264487 1.1037665288320129 -0.17969527423143708 0.01100907149429312 -0.12167309760665829 0.06095242913844239
77 4312 0 0 0 0.43755085294338303 0.10402399979712242 0.3074686290581663 1.1066319864964924 -0.18052170224311198 0.011429213982102403 -0.12167235451679251 0.05995131174361362
78 4368 0 0 0 0.4375255894315525 0.10411298653053952 0.30568312059721264 1.1054231251006996 -0.17902893468073278 0.01155940057571509 -0.12290178705708547 0.06245375734342926
79 4424 0 0 0 0.4376846459793004 0.10373318154022079 0.30578418426427983 1.1058138080607767 -0.18029270854170654 0.011707253349556418 -0.12219310979869162 0.06110758641140563
80 4480 0 0 0 0.43721630769011777 0.1037714058210264 0.3050135304770342 1.1064693399544074 -0.1800463003281557 0.011783438451822862 -0.1222733685198854 0.06142680812335675
81 4536 0 0 0 0.4384508957354509 0.1038268797196095 0.3036548145035516 1.1052803165686078 -0.17978487412169664 0.011719401061330393 -0.12313730908731271 0.06255139012220579
82 4592 0 0 0 0.4381939117183272 0.10378580900455953 0.3036174086134029 1.1060437617960732 -0.17991840051918606 0.011766276246868006 -0.12335763313637715 0.06191519032201134
83 4648 0 0 0 0.4378374479808675 0.10387456945921887 0.30316430300478914 1.106374484797885 -0.17990164901570455 0.011818259126096615 -0.12357414448609223 0.0619931416200865
84 4704 0 0 0 0.4382091826349434 0.10392693962102179 0.30286485431281646 1.1063848688243425 -0.18047209698752642 0.011748671240760787 -0.12394676593136192 0.061453650020093224
85 4760 0 0 0 0.43826242909458757 0.10396682482455026 0.3021569891076243 1.1069077422206077 -0.17965822494333503 0.011868115771048224 -0.1252121466507414 0.062193241201579166
86 4816 0 0 0 0.43824801362682053 0.10392405757444696 0.3022822081468341 1.106772485077843 -0.18007732809685092 0.011787336600991835 -0.12448607865203988 0.06175839341568682
87 4872 0 0 0 0.4389587221979803 0.10379531222291141 0.30108033155964226 1.1066192180881034 -0.17915337956388155 0.011980121700170198 -0.12637591286997457 0.06285552354451283
88 4928 0 0 0 0.4390326175201557 0.10354750709069366 0.3017390996923855 1.106885720258538 -0.17899883957749513 0.012098480667860277 -0.12675138409542702 0.06263266576842653
89 4984 0 0 0 0.4395763511454626 0.10337845173154937 0.30236698023267117 1.1064718204474469 -0.17861005362986612 0.012105374995074575 -0.1271117327710466 0.06278951686264111
90 5040 0 0 0 0.4392439549241147 0.10335579483997356 0.302323136493286 1.1068041614516617 -0.17857805789036652 0.012147215247370257 -0.1270113659759138 0.06273170582102194
91 5096 0 0 0 0.43949354756180153 0.10319234389710288 0.30205865535010196 1.1070197003010698 -0.1786637856233213 0.012292513784773753 -0.12756577076594078 0.06267838637835198
92 5152 0 0 0 0.4398050118381709 0.10309568875819083 0.30188006238300186 1.1068889479525408 -0.1788657679094936 0.012305886211415425 -0.1276346153165866 0.0625684325978715
93 5208 0 0 0 0.439880953107456 0.1030945365959164 0.30177819044777826 1.1071230138740629 -0.1784372076121805 0.012320426502345985 -0.12835661153646352 0.06271797670773087
94 5264 0 0 0 0.44017965219202776 0.10311704527459492 0.30135939794386696 1.106918708551106 -0.1785535346064039 0.012298491600734204 -0.1285604531928386 0.06277885353683556
95 5320 0 0 0 0.4405364925101456 0.1030218318595288 0.3008792766009908 1.106739373446205 -0.17823488875212734 0.012351965009081478 -0.12913727443935985 0.06315927819916628
96 5376 0 0 0 0.44041095279596265 0.10295431817825274 0.301070435853431 1.1067602812698993 -0.17817328219835032 0.012394499256725651 -0.12900551875674016 0.06316863324551765
97 5432 0 0 0 0.44031714221147655 0.1029161925504747 0.30113011002619355 1.1067823111893362 -0.17827987216535884 0.012408097734880216 -0.1287828183141016 0.06308729364715195
98 5488 0 0 0 0.43997442690915917 0.10299855206572717 0.30146345109772527 1.1069267979129278 -0.17839240641855422 0.01237921530048589 -0.12833392464333923 0.06297058305759591
99 5544 0 0 0 0.4400205804253863 0.10296445642727095 0.3012069817711221 1.1068575168290589 -0.17856272873798845 0.012399419089112735 -0.12826348909731253 0.06294394412604135
100 5600 0 0 0 0.44006777988284945 0.10301560952414313 0.3010949966626601 1.106778627337703 -0.17872017710673102 0.012361406778508216 -0.12820498230641506 0.06286078256693806
101 5656 0 0 0 0.4399975191525809 0.10303067076823604 0.3010632945169093 1.1068409839794504 -0.17894670129794554 0.012345075376320855 -0.12798631896921742 0.0626570678228685
102 5712 0 0 0 0.4401210136680856 0.10300751705922821 0.30099182421038334 1.10683982609842 -0.17892074550719111 0.01235627988395339 -0.12817058556630884 0.06267894942260555
103 5768 0 0 0 0.43969064613489683 0.10307571402153212 0.30147418276730614 1.106989660997143 -0.1793736079997298 0.012293280606710328 -0.12727760772175511 0.06217159475554479
104 5824 0 0 0 0.4397242933774978 0.10303089128683145 0.30133049891466346 1.1069036701656472 -0.1793608968153956 0.012322954887798956 -0.1272602447765181 0.062273493807014045
105 5880 0 0 0 0.43954361355146127 0.1029940786390797 0.3015193168314522 1.1069478394740386 -0.17948477925452225 0.012349146968090028 -0.12691548242429396 0.06216064154094655
106 5936 0 0 0 0.4394927272118378 0.10305863675352922 0.3015885086033718 1.107037181760453 -0.17955279065681412 0.01230759591763863 -0.1268845330227694 0.06202440417379651
107 5992 0 0 0 0.439504191164577 0.10301050552047512 0.30144672566138137 1.1069594730639207 -0.17952483496066807 0.012341789468206077 -0.1268545979709301 0.06214709282581136
108 6048 0 0 0 0.43946790400434466 0.10301809954536281 0.301471290185156 1.1069338325554567 -0.17960107862701555 0.012333523091931337 -0.12672412952860349 0.06209208097925244
109 6104 0 0 0 0.43939021465294953 0.10300358184131969 0.30155366822932095 1.10699179171505 -0.17966339418038388 0.012342384492876106 -0.12659540019777157 0.06201534388806803
110 6160 0 0 0 0.4393099090409637 0.10301479440413688 0.30164522643202246 1.107055755063873 -0.17976790788626099 0.012333722488043762 -0.12646435140059134 0.06188592315581626
111 6216 0 0 0 0.43945217582130575 0.10297398159911036 0.3014180679187785 1.1069587691107454 -0.17967392320490344 0.012359492243285699 -0.1266708984119877 0.06204432781165285
112 6272 0 0 0 0.4394056981263307 0.10299036368005715 0.3014338523526894 1.1069550605283691 -0.1797265557677948 0.012352001448846822 -0.12656703886259285 0.06202390386432598
113 6328 0 0 0 0.43946306491171255 0.10300119219227341 0.3014239215725486 1.1069315245786313 -0.179687137946484 0.012342926882947648 -0.12665667951590998 0.06205002180572813
114 6384 0 0 0 0.43935952856025756 0.10302279157074054 0.3015193807104945 1.1069650404194056 -0.17979362524243878 0.012326867214917887 -0.12645626677562757 0.061938380670651424
115 6440 0 0 0 0.4392677418585099 0.10302685336639922 0.30162241894930464 1.1070046270071332 -0.17989650029091955 0.01232175811506752 -0.12627352425352195 0.06182491172852948
116 6496 0 0 0 0.4391885646742228 0.10304815184111948 0.30174593043690756 1.107026371388097 -0.17997459941383775 0.0123035784891852 -0.1261124859089863 0.06172629071989854
117 6552 0 0 0 0.4392647523352826 0.1030264446909184 0.301603860779204 1.1069854777825747 -0.1799222331308793 0.012320024283886169 -0.1262354507595074 0.061819942909273
118 6608 0 0 0 0.43926649906530973 0.10303200712396687 0.30157814813493183 1.1069921676041938 -0.1799150448982365 0.01231911045008279 -0.1262565945376767 0.061831068566447336
119 6664 0 0 0 0.43933295294141944 0.103025124065304 0.3014874996971343 1.1069868907701237 -0.17985829003088924 0.012327455123915 -0.12640503233657294 0.06189065887856584
120 6720 0 0 0 0.43939258840401924 0.10301806130039054 0.3013999819194464 1.1069353174008958 -0.17981187085599426 0.012331408735917537 -0.12648357665606733 0.06196571796342211
121 6776 0 0 0 0.4393501206570822 0.10301935036001798 0.3014531107170967 1.1069466268117485 -0.17985986881505675 0.012328647918168721 -0.12639011543851741 0.061915533437897095
122 6832 0 0 0 0.43938811907997927 0.10299057261680247 0.30135592335343 1.1069372509651882 -0.1798364587992391 0.0123499835642787 -0.1264566979536424 0.061963921679281754
123 6888 0 0 0 0.4393748126804896 0.10298168290385176 0.3013490636727745 1.1069486812141571 -0.17984996975326645 0.012357146484567863 -0.12643672420013394 0.06195492710826086
124 6944 0 0 0 0.43930505432146993 0.1029813382068887 0.3014170247013795 1.1069937163268926 -0.17992006896460502 0.012357263492328853 -0.12631471239293238 0.061872273127443984
125 7000 0 0 0 0.43921406319499284 0.10299202923643976 0.3015432027207871 1.1070392701317882 -0.17999872781663043 0.01234823688053602 -0.12615017122328678 0.06176971854393752
126 7056 0 0 0 0.4392103885573153 0.10297405162782854 0.3015158327139089 1.1070417482975252 -0.17999987646775065 0.012361599365905598 -0.12614399230105477 0.06178071962388915
127 7112 0 0 0 0.4391982408638082 0.10297849313705204 0.3015337853392948 1.1070355526427658 -0.18001367137718402 0.01235708656475973 -0.12610837575099534 0.061768936994084166
128 7168 0 0 0 0.43923333324560043 0.10297660032046584 0.3014850659178469 1.1070130382044687 -0.17998189868063455 0.012359098944105112 -0.12616999983312982 0.061813091964432444
129 7224 0 0 0 0.43917995460697445 0.10297643368612093 0.30155247623189124 1.1070405852710514 -0.1800291299721046 0.012358232075524594 -0.12607232150802478 0.06175452760976526
130 7280 0 0 0 0.43919069180159265 0.1029726934497738 0.30153156807847975 1.107034563673085 -0.1800193367108727 0.0123611207776521 -0.12609182359120732 0.06176954886931504
131 7336 0 0 0 0.4392039733592845 0.10297545847088796 0.3015164456657978 1.1070293895671421 -0.18000802989293307 0.012359556438833453 -0.12611825841945923 0.061781833652692575
132 7392 0 0 0 0.4392273334846888 0.10297081360942908 0.30148140138748664 1.107010660844132 -0.17999085088398661 0.012362442334845411 -0.12615082532415609 0.061810172342782535
133 7448 0 0 0 0.43922514858685735 0.10297216332377976 0.30148111908660613 1.107009390799628 -0.17999239630169347 0.012361613141359667 -0.12614634224698976 0.06181001179835937
134 7504 0 0 0 0.43923038739378406 0.1029731186582629 0.3014763174482215 1.1070106446968748 -0.17998863643340202 0.012361326504943424 -0.12615922011370853 0.061812494590421874
135 7560 0 0 0 0.4391927668239641 0.10298001946120926 0.30152838539720195 1.10703214055318 -0.18002312796072636 0.012356106413862023 -0.1260939421568012 0.06176622443522448
136 7616 0 0 0 0.43917893716681483 0.10297977577729649 0.30154401701282235 1.1070417652470321 -0.18003626449103666 0.012356173893638469 -0.12607081827495126 0.061749269389742914
