% # columns="iteration, evaluation, sigma, max axis length,  min axis length, all principal axes lengths  (sorted square roots of eigenvalues of C)", seed=648028, Thu Mar 20 18:37:10 2025
1 56 0.48435257953209826 1.0000437509570452 1.0 1.0 1.0000062500195313 1.0000125000781253 1.0000187501757822 1.0000250003125026 1.0000312504882864 1.0000375007031337 1.0000437509570452
2 112 0.4278816980700965 1.048419716688318 0.8612864987493171 0.8612864987493171 0.8970417752446764 0.910315386588579 0.9312131934932736 0.9446919612047703 0.958290372451992 0.9624803520528391 1.048419716688318
3 168 0.4231149790210919 1.026474738147665 0.7690338119522396 0.7690338119522396 0.8205608925702449 0.8284074136472919 0.863222922072183 0.8639247246350132 0.8798735576551715 0.9340686340256743 1.026474738147665
4 224 0.3827782069684427 1.042026062025223 0.725152752057166 0.725152752057166 0.7642134328976781 0.7758752573876535 0.8058428647944015 0.814196828524288 0.8711827206669116 0.9025291927622482 1.042026062025223
5 280 0.351812939712767 1.0867279986664966 0.6782567299814696 0.6782567299814696 0.7018861661210529 0.7250147365103579 0.7399787327991986 0.7912870729552971 0.8410805885213419 0.8813347705273741 1.0867279986664966
6 336 0.34710052993808554 1.0596024567404136 0.6404598018201769 0.6404598018201769 0.6686435500808258 0.676824871495238 0.7137694079640446 0.7627839687082346 0.8240834966176787 0.8731714472647952 1.0596024567404136
7 392 0.36179456685702305 1.0026423839522316 0.5916797291019316 0.5916797291019316 0.6178064320868758 0.6429181900493478 0.6741028499764076 0.757359606187864 0.8283936724603199 0.8518420539696702 1.0026423839522316
8 448 0.3429901741903312 0.983826938389983 0.528897746143592 0.528897746143592 0.5739767367307279 0.6075668368498178 0.6614875232584841 0.7629647490051441 0.7949694708781218 0.9028758089354385 0.983826938389983
9 504 0.33478965058686727 0.9759150430902189 0.4492740143427057 0.4492740143427057 0.513646752138007 0.5563825291605884 0.639017699642851 0.7483380926099363 0.79402092261341 0.8962705567071467 0.9759150430902189
10 560 0.3458701357017051 1.0183989207531956 0.39399019977230065 0.39399019977230065 0.4670025560076036 0.5068849076922495 0.6076586049979694 0.7216608632868917 0.8083005917590209 0.8811574395698145 1.0183989207531956
11 616 0.3525777353010996 1.0575599692958193 0.3482362675224878 0.3482362675224878 0.41969293771869554 0.4906418906555099 0.5705891723649025 0.7051649782884097 0.7969545381421369 0.8419642804506949 1.0575599692958193
12 672 0.31375723185362603 1.0586746425540137 0.31757485357758714 0.31757485357758714 0.39480083585575354 0.466124663167273 0.5461621218315147 0.7129305991768847 0.7738718416469352 0.8192335544286217 1.0586746425540137
13 728 0.3136338634799777 1.0196776511626375 0.2872990842820277 0.2872990842820277 0.36568337515848154 0.4346082240280816 0.5157046556691983 0.7050611594685511 0.7224733635961246 0.857980071868953 1.0196776511626375
14 784 0.2969482145169605 0.9435465033976557 0.25912874328948776 0.25912874328948776 0.34583518151565895 0.474727677443746 0.4908692352343593 0.661226694770138 0.7003261471837858 0.8459428313647857 0.9435465033976557
15 840 0.3459755189164813 0.9078399815623118 0.23777582284891113 0.23777582284891113 0.3160853800636601 0.43308021077405207 0.49543238864300565 0.6096532244064349 0.7254563770768003 0.8013164345528697 0.9078399815623118
16 896 0.3174010330717727 0.9505972465528673 0.2038465734092404 0.2038465734092404 0.283848265472478 0.4025823402488765 0.5115728532040721 0.6016268695233808 0.6781235545186596 0.757656506792784 0.9505972465528673
17 952 0.27371596949839283 0.8961865711858483 0.19040738524762052 0.19040738524762052 0.2639565075802067 0.3663254425432202 0.49126530002899677 0.5505978845569314 0.6992702376931245 0.741237359342922 0.8961865711858483
18 1008 0.29741130076621136 0.8426284479428245 0.1719681255354054 0.1719681255354054 0.2361927500523708 0.3543255566478657 0.4969630741437693 0.5064048664460459 0.6774824190327412 0.7345271190223142 0.8426284479428245
19 1064 0.2996126315655916 0.9188085276859417 0.15501302922741622 0.15501302922741622 0.21391553741539543 0.3285098894305572 0.457939520567339 0.46978212891337723 0.6999044730945904 0.749752535885184 0.9188085276859417
20 1120 0.3148974705337841 0.8588043099612273 0.14117231934427898 0.14117231934427898 0.19635016889382087 0.3137387803714448 0.4294422128982147 0.4901765839590563 0.6987652729848127 0.747524504608609 0.8588043099612273
21 1176 0.2959358561049254 0.9059866069968343 0.12523329447524026 0.12523329447524026 0.17597357178032352 0.2965473088356984 0.4072356578975351 0.4445535271442021 0.6902361460559495 0.7812873430488133 0.9059866069968343
22 1232 0.2776303099981027 0.8515630025847493 0.11634252050009744 0.11634252050009744 0.16227543086776058 0.2788973073597113 0.39794354748047944 0.45343364541619996 0.6432137684221217 0.7659175100747921 0.8515630025847493
23 1288 0.2540463909069644 0.8065282246567765 0.10522116960076015 0.10522116960076015 0.1435738202617356 0.2669690684218311 0.37685039018151967 0.43643283520823184 0.6081928353188152 0.7421325495790201 0.8065282246567765
24 1344 0.2683360805035775 0.7659285570738065 0.09706828755046243 0.09706828755046243 0.13003450841019548 0.27150199210881193 0.35849802254951996 0.4432456568640836 0.5744871404741387 0.6488895536408421 0.7659285570738065
25 1400 0.24712511461535994 0.7105049733819115 0.08802652498632096 0.08802652498632096 0.1229174581953257 0.26917935494955575 0.3395156307881264 0.40381431855516053 0.5837145019962362 0.6319224709624518 0.7105049733819115
26 1456 0.2534549713053626 0.6826759832542193 0.079067034783655 0.079067034783655 0.10897214565573234 0.27018239830241714 0.3107294825696669 0.41149067737996714 0.5676184495592471 0.595977365352968 0.6826759832542193
27 1512 0.23760521532613005 0.7216413411483442 0.07547564842375534 0.07547564842375534 0.09900746071153595 0.26632948164825754 0.29106316156463813 0.38070603667898373 0.5153790985097598 0.5662550695359345 0.7216413411483442
28 1568 0.20734523525716794 0.7927614358958728 0.0699221683559745 0.0699221683559745 0.09679479786590137 0.2528635656864614 0.2555750419242233 0.3518135220473519 0.5039678222174839 0.5622986900643834 0.7927614358958728
29 1624 0.22878759558699446 0.851239072163649 0.06994580715681824 0.06994580715681824 0.08757120587445856 0.2375132971295253 0.24401424437911257 0.3308221582950383 0.46107687834208966 0.5285607745979369 0.851239072163649
30 1680 0.23381739459143588 0.9186188654445507 0.06262017078763853 0.06262017078763853 0.0772876736100513 0.21757567895328847 0.2545071339876271 0.3199656302003407 0.47723666992723923 0.5103018910761645 0.9186188654445507
31 1736 0.21273911108553278 0.9320903875608596 0.05577528144704221 0.05577528144704221 0.07139135832832269 0.19859833911893596 0.24194261945670414 0.3235561478806744 0.45151663635641703 0.48340196801261925 0.9320903875608596
32 1792 0.22012726028190405 0.9217787639496802 0.05150943850614262 0.05150943850614262 0.06276460657189425 0.1745232909831633 0.24697124890523325 0.30234368563317693 0.42987686822635995 0.48135820382100847 0.9217787639496802
33 1848 0.21904639375466148 0.9609338687538739 0.047631158725155616 0.047631158725155616 0.060899047237921076 0.17129769174599954 0.2458668082279303 0.2837180887332149 0.40316175113090713 0.4748184334746843 0.9609338687538739
34 1904 0.21414274673027092 0.9255760096579978 0.04388108226996029 0.04388108226996029 0.05634052792931221 0.1629427431925637 0.2190457868567352 0.2569251527208025 0.37739294968641063 0.47707900969911043 0.9255760096579978
35 1960 0.20448600389998772 0.9228525578123352 0.042038354046792493 0.042038354046792493 0.05234901032954127 0.150569204165695 0.20655587409377846 0.23221094929251498 0.35860784292282133 0.44378667556173523 0.9228525578123352
36 2016 0.21036722295631272 0.9021718740693785 0.04010576642220232 0.04010576642220232 0.04943567440762547 0.13862905962364266 0.2011346269017637 0.2223999680898991 0.34949849621879486 0.4000672830051699 0.9021718740693785
37 2072 0.19062502424003072 0.8577958524069113 0.03801311564933232 0.03801311564933232 0.04524821754517544 0.12268596003575558 0.1897192575406723 0.2178189737893784 0.3414847870436474 0.37773941735400757 0.8577958524069113
38 2128 0.17643845567940195 0.870102847552598 0.03658615483646784 0.03658615483646784 0.04298299993349918 0.11065702320911537 0.17307105467122977 0.19726924859944134 0.33872866767166604 0.37254653229644236 0.870102847552598
39 2184 0.1775540196909897 0.8458431637485246 0.03361340428830468 0.03361340428830468 0.04109274380807942 0.10177524329204234 0.1577742967900241 0.1809608761441651 0.3400447466222619 0.34881234448776055 0.8458431637485246
40 2240 0.17571260895880433 0.842905745568356 0.030447474554317445 0.030447474554317445 0.038787898945609724 0.09378429076828236 0.14981463313861185 0.17179788473760413 0.3228666084936183 0.36136828513625624 0.842905745568356
41 2296 0.189230505171112 0.8101280702556771 0.029562405880121986 0.029562405880121986 0.036760295477100274 0.08842483583069727 0.14353781683453126 0.15493327379652094 0.29973363560002925 0.37343102582807186 0.8101280702556771
42 2352 0.15824043509215008 0.7707145688742006 0.02811452092095687 0.02811452092095687 0.03592598311435964 0.08316405874617805 0.14100001056374784 0.1476112490375389 0.2752865829997816 0.3672171688935374 0.7707145688742006
43 2408 0.16193009625364768 0.7019033224045369 0.026828799919939916 0.026828799919939916 0.03507874498106064 0.07633830460306834 0.1286593255446726 0.13879749199535094 0.2522979019598655 0.3490221547487983 0.7019033224045369
44 2464 0.1511179605142322 0.7411176298747588 0.026542276156758075 0.026542276156758075 0.03313540140862929 0.06851180658078758 0.12344301175943806 0.1358449984791597 0.23155279201303886 0.32796394160144315 0.7411176298747588
45 2520 0.13521244102216173 0.6797522643374481 0.025911664195377652 0.025911664195377652 0.03230681549753486 0.06546502986493885 0.11230239223611987 0.13262954607455815 0.2088599583620534 0.31014954637715975 0.6797522643374481
46 2576 0.14759656250334513 0.6474182339988804 0.025715600021822074 0.025715600021822074 0.030094298946071324 0.060909359959632516 0.10975064706814694 0.13089099438610202 0.19193331797993515 0.28176429924735463 0.6474182339988804
47 2632 0.14648759579291887 0.6922122809983478 0.023585642199442713 0.023585642199442713 0.03221564134618638 0.05886970042904314 0.10128666048969764 0.1253007958992393 0.16824683221285924 0.27115705956933644 0.6922122809983478
48 2688 0.1456507010388241 0.651391690060583 0.023627392728038422 0.023627392728038422 0.029882039931511544 0.05573748814534363 0.09282759729780193 0.1175211080384282 0.15519498047632324 0.2664164969611691 0.651391690060583
49 2744 0.13754866210384833 0.6251884238892476 0.02224603008448638 0.02224603008448638 0.02962194657970482 0.054183601552536056 0.08557618466877562 0.10801480775603217 0.13887384666220504 0.25472057998632347 0.6251884238892476
50 2800 0.13158004151093072 0.5859099833774705 0.021592072709092792 0.021592072709092792 0.02987861691737881 0.04900981813801015 0.07654552434405552 0.1038992188415304 0.1281839932309437 0.24934070977785222 0.5859099833774705
51 2856 0.11575602320481877 0.550405213693224 0.020734456871114693 0.020734456871114693 0.027824077921996194 0.04597137020017879 0.07001235811054621 0.09656939869901567 0.1193858750589934 0.23714180603399285 0.550405213693224
52 2912 0.10317702221153066 0.5304151638116393 0.01980083737121513 0.01980083737121513 0.027025653629871492 0.04399278237906021 0.06518124556873647 0.08799442923216921 0.10559942091386385 0.21647338686240486 0.5304151638116393
53 2968 0.10501822974265895 0.5355762573731567 0.018527879691211026 0.018527879691211026 0.02616236202061504 0.04114459600025999 0.06172414189902003 0.0819733814411215 0.09036842954165683 0.21713540731125597 0.5355762573731567
54 3024 0.10375382796539409 0.4981466841804462 0.0173513589262895 0.0173513589262895 0.024589001922891197 0.041258971471646165 0.05663454545803822 0.07685575586118701 0.07986696252335332 0.20891289205906247 0.4981466841804462
55 3080 0.0890134816850399 0.4701439365074643 0.017112172857784106 0.017112172857784106 0.023484886897648306 0.036456202851003525 0.05121231757143682 0.06971645821018488 0.07258773229851848 0.20116629783160964 0.4701439365074643
56 3136 0.08803457749892005 0.4439000647358042 0.016680139259903373 0.016680139259903373 0.022359796132633794 0.032784980200333026 0.04763803475327441 0.06015548952312539 0.06524504770614169 0.19342682753910942 0.4439000647358042
57 3192 0.08997094920102816 0.4112482369003785 0.016410242070318156 0.016410242070318156 0.021055586704858527 0.031189447179509836 0.045939302236537145 0.05286891239671383 0.059287656760508824 0.19651224840790313 0.4112482369003785
58 3248 0.09120135402938857 0.4119327044352301 0.015245531475326375 0.015245531475326375 0.019103282047451535 0.028751108210330455 0.04118807161668018 0.047531943457285356 0.05361617384312608 0.20394508711568518 0.4119327044352301
59 3304 0.09348817941534233 0.4021280685542177 0.014529264469491928 0.014529264469491928 0.018089564673243262 0.02716170090120187 0.03758755898778037 0.04334681071179584 0.04783407771356222 0.2121347313478926 0.4021280685542177
60 3360 0.10260160421817603 0.3836359444745975 0.014080634717355057 0.014080634717355057 0.01689026911158085 0.02565982672496018 0.034234489715624004 0.03835133400279949 0.04357998341458787 0.21170286765348967 0.3836359444745975
61 3416 0.0953726758640084 0.37978572067567823 0.013128885281400285 0.013128885281400285 0.015527186415806755 0.023701534379814256 0.0321651490014202 0.03388034920161089 0.04027888911678725 0.21329291114773732 0.37978572067567823
62 3472 0.09384909554120617 0.3551878854711128 0.01266979182991501 0.01266979182991501 0.014522791935423527 0.021751147280059946 0.029343325487032515 0.031456042548078406 0.038168455040054165 0.20479549392563823 0.3551878854711128
63 3528 0.08961815336947156 0.3663240630128437 0.011697067381592431 0.011697067381592431 0.013392714493326277 0.020204652435776307 0.02792714640063943 0.029585674778865326 0.034277665308871046 0.20955461354664437 0.3663240630128437
64 3584 0.08870634861195077 0.3410671878476614 0.010411133233745132 0.010411133233745132 0.012071794978500212 0.0180554729086358 0.026200368040126668 0.02795502735795768 0.033387318809738435 0.2126187015156373 0.3410671878476614
65 3640 0.08142267089505548 0.34149202464630496 0.00918586415411122 0.00918586415411122 0.011255602504287601 0.01639239289546606 0.023620765854530913 0.026805426101797366 0.03169362412886776 0.20094964300558923 0.34149202464630496
66 3696 0.07663298754393767 0.3279016924255042 0.008711020675640656 0.008711020675640656 0.010145415408552225 0.014632857574589875 0.02217545838746916 0.02626526077119463 0.029964481236649413 0.18785349708964041 0.3279016924255042
67 3752 0.07495306265014577 0.3251813131118073 0.00845809053795275 0.00845809053795275 0.00948988938016584 0.013224315270318868 0.02071576757290556 0.025007929500911567 0.02935381847307271 0.16196945057566572 0.3251813131118073
68 3808 0.06956070099706117 0.32707818217966683 0.007832665449315835 0.007832665449315835 0.008491278934730733 0.012391012253486062 0.018918433481646194 0.022962624450955347 0.03058688657043081 0.15816077950632845 0.32707818217966683
69 3864 0.06478034386203109 0.3180525934749112 0.007072049188299349 0.007072049188299349 0.00805098714400356 0.010884957880728038 0.017905624626124054 0.021418271136417498 0.02969026947503005 0.1437221873569749 0.3180525934749112
70 3920 0.05832895754137676 0.3056370185742013 0.006317348016369933 0.006317348016369933 0.007583945248802866 0.010542511181996433 0.018361387368041503 0.020857776691992753 0.028207567969287056 0.12951456308494777 0.3056370185742013
71 3976 0.0583671887400874 0.3024809560928117 0.005642339807113037 0.005642339807113037 0.007060189052083214 0.009534938344314571 0.017384815906565067 0.01901218701912439 0.026185600679347387 0.11394038333483392 0.3024809560928117
72 4032 0.056790945887332106 0.2936887223288745 0.0049471179010410135 0.0049471179010410135 0.0071003894725450165 0.008445038827699272 0.01733849280047262 0.017860705493473114 0.024518793479881867 0.1151787564827026 0.2936887223288745
73 4088 0.05027484834656234 0.2937576745974561 0.0043920369693888385 0.0043920369693888385 0.006755855716271189 0.007693906398496924 0.0167395432850432 0.017743908679397066 0.022523997797635895 0.10991227817636315 0.2937576745974561
74 4144 0.044854828693019766 0.2696167559515768 0.0038565653225316886 0.0038565653225316886 0.006365346697648499 0.007113976322363394 0.015920116594424404 0.016857937679159007 0.021339029562552892 0.10366965603105348 0.2696167559515768
75 4200 0.04676331681373532 0.255578731110963 0.003345272080862352 0.003345272080862352 0.006073115878229962 0.006635273332840071 0.015755799434542656 0.016915380209233034 0.019835702806724365 0.10205884998931838 0.255578731110963
76 4256 0.045317126226363164 0.2506571844802572 0.0030138711961613554 0.0030138711961613554 0.005953528215302043 0.0065376422407454286 0.015089736970070967 0.016352889816256492 0.01923106046433228 0.0930947608374437 0.2506571844802572
77 4312 0.0434613011977408 0.2593800671861552 0.002684001901905457 0.002684001901905457 0.005125698065968583 0.006394092501500577 0.01414976413917557 0.015151755196189165 0.017994328040233088 0.087708079254 0.2593800671861552
78 4368 0.03806033330349188 0.27761840703625695 0.0023287151058426947 0.0023287151058426947 0.004731080623683544 0.005927496557248293 0.013855136707745783 0.014419481823694343 0.017808485583105025 0.08431785238661443 0.27761840703625695
79 4424 0.03281274530409868 0.2694912691714547 0.0020090499429150648 0.0020090499429150648 0.00441508357769653 0.005539448740074404 0.013316768505520049 0.014248822616924747 0.016637468426943035 0.07886939155431127 0.2694912691714547
80 4480 0.027115838524877773 0.25158681517599285 0.0016997045719558577 0.0016997045719558577 0.004076720339820149 0.005299100997256497 0.012109048642994624 0.013669017800469335 0.01595103363731327 0.07573337259492265 0.25158681517599285
81 4536 0.02613158804721512 0.23722171252060406 0.00140376757573063 0.00140376757573063 0.0038567699433723155 0.005165763021582167 0.01181819198923158 0.013005455733501545 0.015018821790462192 0.07030911238256113 0.23722171252060406
82 4592 0.022864513080921245 0.22427102900722404 0.0011618811169921298 0.0011618811169921298 0.0034771204306601536 0.004834509344676822 0.011401096659441601 0.012511605638745708 0.015036608253612627 0.06891948960173891 0.22427102900722404
83 4648 0.021638385753062095 0.21406553231331218 0.0009809151124775298 0.0009809151124775298 0.003228688260560382 0.004681629496439854 0.010975695682826067 0.012789222997788513 0.014696469771782017 0.0672059111290353 0.21406553231331218
84 4704 0.020995935873458372 0.21587445637336278 0.0008374692026334411 0.0008374692026334411 0.003048316173923028 0.004365932557021284 0.010848402116344222 0.012369252334910173 0.014646572282763741 0.0653291324206773 0.21587445637336278
85 4760 0.02060826915687645 0.19966820628071008 0.000704075583431423 0.000704075583431423 0.0028555327695616094 0.004348467506832831 0.010737102865935972 0.011296234289957534 0.014131174187498345 0.0625355648335926 0.19966820628071008
86 4816 0.020242546729058095 0.19409489575620653 0.0006147110194969555 0.0006147110194969555 0.0027441930084731933 0.0040124435528811845 0.009520059463500615 0.011825202286152744 0.013530788676361998 0.06396502671485627 0.19409489575620653
87 4872 0.019116694096747388 0.20317881406661278 0.0005611780608326166 0.0005611780608326166 0.002471837961783855 0.0038074608276552004 0.009471073186828993 0.01109785029557487 0.012795427632684365 0.05981979872050428 0.20317881406661278
88 4928 0.018114760953303815 0.1983000468877055 0.000505267156452667 0.000505267156452667 0.0021244060399686644 0.0038206623141411305 0.008995119289986326 0.010248375415780471 0.012369712468387301 0.05713400713873666 0.1983000468877055
89 4984 0.015519511367581248 0.193578500456395 0.0004569569278407812 0.0004569569278407812 0.0019334191055364169 0.0036684822075059684 0.009093542684653878 0.010472697302182395 0.012325074639362098 0.052494108789856525 0.193578500456395
90 5040 0.01590757909544637 0.19282043491207299 0.00037946575526698643 0.00037946575526698643 0.0017663082951268347 0.0035817328989902154 0.008675967596336834 0.010037407109711781 0.01173441014957891 0.04990130062036268 0.19282043491207299
91 5096 0.014430250055477926 0.18546451395317634 0.0003485295126074286 0.0003485295126074286 0.001493670643209369 0.003595522063973326 0.008389807898395989 0.009738684748243458 0.011314326632898754 0.05278502338056762 0.18546451395317634
92 5152 0.012923615215674112 0.18362208611470004 0.00031125241015301385 0.00031125241015301385 0.0013480205204820176 0.003434662856114264 0.008147086906604593 0.008997102507290055 0.010707311696210852 0.048484128738846485 0.18362208611470004
93 5208 0.014168596004943803 0.1840979245813606 0.0002644660789661133 0.0002644660789661133 0.0012155467181049172 0.0032388929242457625 0.008151884743327783 0.009131439355115557 0.010072198488738441 0.046017108595929605 0.1840979245813606
94 5264 0.01419594095463689 0.16963708190142698 0.00024004099382232908 0.00024004099382232908 0.0010998285225205973 0.0032084126837919314 0.007654873759764842 0.0080714146757287 0.010368735676175229 0.048251895609198216 0.16963708190142698
95 5320 0.016637761297360977 0.17652389885482936 0.0002056423043321401 0.0002056423043321401 0.000995268978809837 0.003124697724598189 0.007084452855220177 0.00749677051290917 0.009828547020144804 0.05049333708423689 0.17652389885482936
96 5376 0.01980968560512901 0.19321645427088202 0.00017931049970200627 0.00017931049970200627 0.0008658432129567568 0.003195555852275531 0.00681921419962167 0.007267641145940933 0.009393114343782783 0.0520160336283833 0.19321645427088202
97 5432 0.019432141896703625 0.20628481785138167 0.00016106663899407173 0.00016106663899407173 0.0007668696088635075 0.0030717426466569634 0.006689388468662809 0.00720448639182537 0.008941755840418677 0.04702481495955982 0.20628481785138167
98 5488 0.01873977151188849 0.19910875206431308 0.00015201870838684077 0.00015201870838684077 0.0007578911456909797 0.002966423920667719 0.0062398335495348475 0.00685216094497072 0.008793071161854637 0.04355700711759095 0.19910875206431308
99 5544 0.01759946007304088 0.18937399030313004 0.00014443474008887962 0.00014443474008887962 0.0006713320450383286 0.0028907820519261753 0.00593384960939001 0.006833277483032862 0.008972160204549658 0.04232493138553899 0.18937399030313004
100 5600 0.017603229233648605 0.18297654787835524 0.00013186386349857418 0.00013186386349857418 0.0006186329973100357 0.002833358936970889 0.005660196420438712 0.006463328936213717 0.00844122896254249 0.03744130470066602 0.18297654787835524
101 5656 0.015584070524739395 0.1919736949227788 0.00012311739616493732 0.00012311739616493732 0.0005478960927538516 0.0029503236404161666 0.005368343719531633 0.006024835911422764 0.008055339527191325 0.03339842724679448 0.1919736949227788
102 5712 0.01465622294920587 0.1761454723403614 0.00011012109286934672 0.00011012109286934672 0.0004887450484591487 0.002806619026193043 0.005049800897459137 0.005731275783700524 0.0077284910742969485 0.030699434893758464 0.1761454723403614
103 5768 0.013112415304316737 0.16707559309339426 0.00010241682237091665 0.00010241682237091665 0.0004624709566886985 0.002666714077753796 0.004842903259164842 0.005464712453108507 0.007217798623532295 0.027410855400279006 0.16707559309339426
104 5824 0.01300849838553133 0.1505637397155642 9.84840324224328e-05 9.84840324224328e-05 0.00042305205779039935 0.0026314686466051875 0.0045919286559883 0.005372297359097268 0.006666735674129525 0.02609974677800455 0.1505637397155642
105 5880 0.012039464577589467 0.1439644393025771 9.175976104955736e-05 9.175976104955736e-05 0.0003806401630939439 0.0026286341391881414 0.004442953710705405 0.0053049725018409506 0.006269925616510145 0.02381704340533979 0.1439644393025771
106 5936 0.009744969492316308 0.1367609737605403 8.432465664331579e-05 8.432465664331579e-05 0.00034568899311828555 0.0024398473759308145 0.004369374681728359 0.00499332654958786 0.006113956671426321 0.022074840846706294 0.1367609737605403
107 5992 0.008667063962705984 0.12504999161075558 7.332991665397457e-05 7.332991665397457e-05 0.00031775737735544436 0.0023420365879167826 0.0040689891559090125 0.004894807895049773 0.00610355418050924 0.021003997404274236 0.12504999161075558
108 6048 0.008016169023900807 0.11283816870980705 6.308875758624445e-05 6.308875758624445e-05 0.00028626734784298395 0.002321216162265378 0.004087000389010168 0.00470066631393832 0.006542248619239375 0.020251310100753 0.11283816870980705
109 6104 0.009029598864343307 0.10332286040421544 5.639326927368278e-05 5.639326927368278e-05 0.0002588366709951123 0.002275666026604128 0.004104500193376883 0.004789474823060047 0.006165936223828959 0.019016705876732556 0.10332286040421544
110 6160 0.00989969985580248 0.1028805536250165 5.043416391913892e-05 5.043416391913892e-05 0.00023025907178960095 0.002168108793281177 0.004086950305049182 0.004834895315756864 0.005783745800152315 0.017588067236978006 0.1028805536250165
111 6216 0.010016913612318911 0.11239609574133735 4.3684529486300146e-05 4.3684529486300146e-05 0.0002230426630441987 0.002129942521423726 0.004194415472131918 0.0047794779439293365 0.0054097782334526735 0.01606244364069942 0.11239609574133735
112 6272 0.010057063565865923 0.10794126240213092 4.091815450311125e-05 4.091815450311125e-05 0.00021153502689902267 0.0020038241892054434 0.004149355343069794 0.004634081708817802 0.005264623044567382 0.015552669490186492 0.10794126240213092
113 6328 0.009835734912548622 0.10259155222108306 3.694142795565394e-05 3.694142795565394e-05 0.00019892956751111255 0.0018978230194710546 0.004054895745731774 0.004325338319983949 0.005258014187761203 0.014282859131693157 0.10259155222108306
114 6384 0.00857563926979842 0.1014205989719937 3.553362962229191e-05 3.553362962229191e-05 0.00017096376295550265 0.0017828888088478327 0.00365784160306554 0.0043774594820692745 0.004870776433485031 0.013480071213185068 0.1014205989719937
115 6440 0.007783864344344284 0.09419051859595491 3.0984067465256614e-05 3.0984067465256614e-05 0.00015031850880751292 0.0017286601747245748 0.003513099492655591 0.004205696523549962 0.004666427516406395 0.011910560912746653 0.09419051859595491
116 6496 0.007212349172834599 0.08496117301565233 2.7024650932712155e-05 2.7024650932712155e-05 0.00014395348800205245 0.0015851752516776408 0.00339243129255059 0.004005055230072698 0.004648873669306973 0.01146618211424036 0.08496117301565233
117 6552 0.006868621969210834 0.08127617047879092 2.408448435088055e-05 2.408448435088055e-05 0.00012735106159508455 0.0015185664775106884 0.0031209905092881023 0.003916278677687162 0.004298248558458499 0.010764392886445241 0.08127617047879092
118 6608 0.006182412160507352 0.07912409984770324 2.1512609564763794e-05 2.1512609564763794e-05 0.00011129316093435884 0.00140399026253386 0.003110318470639139 0.003537554673916406 0.004116013290313195 0.010351445377039933 0.07912409984770324
119 6664 0.005746058558235687 0.07828021390028037 1.9493947618545886e-05 1.9493947618545886e-05 0.00010123930293128777 0.001391663257844137 0.003173692545089637 0.0034118754183552363 0.004003625505515088 0.009452534705553546 0.07828021390028037
120 6720 0.005473797595633042 0.07604553437367424 1.7062256161307874e-05 1.7062256161307874e-05 8.841784513328767e-05 0.0013642101870873042 0.0030256573416244537 0.003231616457139613 0.003996036422877623 0.008713977834736517 0.07604553437367424
121 6776 0.005555245938703027 0.07761446397404398 1.5638768544692386e-05 1.5638768544692386e-05 7.848213064875249e-05 0.0012641852846592531 0.0029452964267206723 0.0032301955937684614 0.003929085939873627 0.008480393862267371 0.07761446397404398
122 6832 0.004825450983926626 0.07444379394336648 1.5921732157070996e-05 1.5921732157070996e-05 7.017943493246837e-05 0.0012206986675356037 0.0029290707464507204 0.0032238682829758584 0.003704397232438988 0.008519911859774043 0.07444379394336648
123 6888 0.00497925851220096 0.06949159578660874 1.4439305228711213e-05 1.4439305228711213e-05 6.27476570584549e-05 0.001127969389632804 0.0026674032417294954 0.002978010346341742 0.0035333905320027253 0.008015183960062471 0.06949159578660874
124 6944 0.005188046161480367 0.0655573554914387 1.3245213427906727e-05 1.3245213427906727e-05 5.631796229793457e-05 0.0011938328839804226 0.0024959126493502414 0.0028061110032098304 0.003365705762073445 0.007822058229880321 0.0655573554914387
125 7000 0.0047793510617906146 0.06630856901617312 1.1245266611989093e-05 1.1245266611989093e-05 5.1280221137789575e-05 0.0012176994032798226 0.002285299134625585 0.0028485405804302053 0.0033878735310817654 0.007705474353556952 0.06630856901617312
126 7056 0.004392566376472713 0.0599280501485314 1.0339335137948215e-05 1.0339335137948215e-05 4.646422635002259e-05 0.0011347443184577428 0.001993026889119783 0.0027369427276748076 0.0032207366758889994 0.007361296104966267 0.0599280501485314
127 7112 0.004204460862219591 0.05684320599842237 8.99663615810347e-06 8.99663615810347e-06 4.3004895620770415e-05 0.0011418701707701735 0.001840832719252766 0.0030284883692484788 0.003067769621573296 0.006930643819315673 0.05684320599842237
128 7168 0.003787466902287643 0.05512572635393607 8.382193914006919e-06 8.382193914006919e-06 3.8257687426711925e-05 0.001018173874876051 0.0017430218032496894 0.00286168198115334 0.0029764827962760095 0.007494484803840442 0.05512572635393607
129 7224 0.0035466365668548536 0.05430515158250977 7.566422968904812e-06 7.566422968904812e-06 3.632030471647683e-05 0.0009817261900064741 0.0016786428166706334 0.0026277940785392312 0.002829682542478309 0.007068244601791971 0.05430515158250977
130 7280 0.003672409420446143 0.05422700651896243 6.802360484231071e-06 6.802360484231071e-06 3.303375957242445e-05 0.0009491837453158512 0.0015172260666887047 0.002475540004763563 0.002705261709714917 0.006609566742789547 0.05422700651896243
131 7336 0.0034810364763721603 0.05326134911780289 5.920950338089807e-06 5.920950338089807e-06 2.9556413963168106e-05 0.0009048010884100387 0.0013918821867655866 0.0023006693339967005 0.002590625156220794 0.006298182157964964 0.05326134911780289
132 7392 0.0030234826479351995 0.051310010603334844 5.362592237183189e-06 5.362592237183189e-06 2.7346419830998588e-05 0.0009218046386643608 0.0012717592325297174 0.0021124913818664492 0.0024259362550643673 0.005968033742154963 0.051310010603334844
133 7448 0.0029544109497025416 0.050100491983765844 4.804649955834296e-06 4.804649955834296e-06 2.4621330382470138e-05 0.0008785657447693883 0.0012059497119410929 0.0021522732170211 0.0023473099686747182 0.005689678891339118 0.050100491983765844
134 7504 0.0027595045114446964 0.04852976112155209 4.406582913827757e-06 4.406582913827757e-06 2.1832993896387975e-05 0.0008003773459264583 0.0011172859612129005 0.002106260372022229 0.002299910453334803 0.005515362788863653 0.04852976112155209
135 7560 0.002410597887987021 0.046767964981425485 4.034772368642899e-06 4.034772368642899e-06 2.040678002651772e-05 0.0007242442707159966 0.0010686964639241739 0.0020519498007780385 0.002341986850420091 0.005336586312836684 0.046767964981425485
136 7616 0.002487619643922545 0.046391037808358064 3.4479939870442365e-06 3.4479939870442365e-06 1.8981651131471298e-05 0.0006659804496992987 0.0010530879091314928 0.001930942428807302 0.002206487011528504 0.005218241392700334 0.046391037808358064
137 7672 0.002241094473285123 0.04322404344462737 3.1513895258232157e-06 3.1513895258232157e-06 1.6788143897925127e-05 0.0005961396477905051 0.0010560890906670289 0.0020793351039200708 0.0022520426724726727 0.004939351526735806 0.04322404344462737
138 7728 0.0020082377621035512 0.04234573297714779 2.819316846887435e-06 2.819316846887435e-06 1.4859540382346574e-05 0.0005391293896704355 0.000979051801800027 0.0020534903696823393 0.0021863804659673783 0.0051282780312358715 0.04234573297714779
139 7784 0.0018631390768261737 0.04428964038354179 2.586248507549184e-06 2.586248507549184e-06 1.3948643679986649e-05 0.0004846732106794815 0.0008840999956247677 0.0019292695546638408 0.0021428654118439356 0.004667595319270655 0.04428964038354179
140 7840 0.0016761888295549544 0.04320468494504768 2.422335573982919e-06 2.422335573982919e-06 1.2565353819197344e-05 0.0004512129118515899 0.000831502581635646 0.001864272738949783 0.0020432644846782354 0.004405273053518975 0.04320468494504768
141 7896 0.001544678495014279 0.044673035948668297 2.1783054016980585e-06 2.1783054016980585e-06 1.1047854862065699e-05 0.00040298820407197455 0.0008365213541342571 0.0018126893912871899 0.0018855239669107685 0.0041145406773497074 0.044673035948668297
142 7952 0.001548959274416499 0.04266911022372225 1.920714443601805e-06 1.920714443601805e-06 9.81658600180203e-06 0.00036668134708645034 0.0008047342824269192 0.0017482961655195203 0.0019268560578221067 0.0038035627454566993 0.04266911022372225
143 8008 0.001595849918395986 0.042435346458221515 1.7652230995018282e-06 1.7652230995018282e-06 8.83258394819884e-06 0.00032005033746555057 0.0007865367344344665 0.0017366279454694101 0.002019661308352613 0.0037698750607815085 0.042435346458221515
144 8064 0.001538262000562939 0.04134785610366591 1.5633154933574751e-06 1.5633154933574751e-06 7.490538346963066e-06 0.0002879097998290484 0.0007809531654771744 0.0016706136641109458 0.002080536374292703 0.003843120780005427 0.04134785610366591
145 8120 0.001576474575932492 0.03811760018674442 1.4298048696891734e-06 1.4298048696891734e-06 6.914610726377917e-06 0.0002443785171853241 0.0007842722601288149 0.001678538018353362 0.0020363828226177233 0.0036400051814325604 0.03811760018674442
146 8176 0.0014779625484053088 0.04286843816243326 1.2280225313302592e-06 1.2280225313302592e-06 6.447417252515022e-06 0.00021197229152000136 0.0007405462423593208 0.0016660656099065356 0.002106073224224891 0.0035914975234838968 0.04286843816243326
147 8232 0.00138331311413853 0.04225217529615314 1.1161436151566534e-06 1.1161436151566534e-06 5.722269381861919e-06 0.00019466994089972572 0.0007530756285820158 0.0016318189719366773 0.002016836540990457 0.0036207206022599646 0.04225217529615314
148 8288 0.0012781432069481954 0.040669048520838476 1.0227400756955968e-06 1.0227400756955968e-06 5.108785580744544e-06 0.00017380412322533757 0.0007052131969919026 0.0016180187008227082 0.001963379435959497 0.003351044680978979 0.040669048520838476
149 8344 0.001236209967020826 0.04010101745259334 9.0413957988354e-07 9.0413957988354e-07 4.456393696382087e-06 0.00015473984761480065 0.0006880844728715211 0.0015097555721966913 0.0018579406412309995 0.003190400331448043 0.04010101745259334
150 8400 0.001159682954510413 0.03896252592282164 8.156917147407945e-07 8.156917147407945e-07 3.987333188576368e-06 0.00013901207113092 0.0006695124192072053 0.001453233749414845 0.0019785426828734104 0.0029631959428824415 0.03896252592282164
151 8456 0.001016276236702733 0.03658018071786655 7.29480006830278e-07 7.29480006830278e-07 3.5436627195719887e-06 0.00012279340858471283 0.0006521174164550056 0.001352499196007535 0.0018725250122168338 0.0029632206223126458 0.03658018071786655
152 8512 0.0010670219042533155 0.0362673572743 6.46136362784328e-07 6.46136362784328e-07 3.190534576903251e-06 0.00011331179756792854 0.0006603270420140333 0.0012984115186468056 0.001728713203355999 0.0029151315190790953 0.0362673572743
153 8568 0.001026372073682014 0.03422180203427494 5.77503629823281e-07 5.77503629823281e-07 2.758675022326457e-06 0.00010166227232759425 0.000693516245399135 0.0012828727958965986 0.001691943650416094 0.0029760663847571596 0.03422180203427494
154 8624 0.0010423294380323173 0.032771572209910824 5.19689919909899e-07 5.19689919909899e-07 2.456040714252217e-06 8.714377154530649e-05 0.0006595696328427864 0.0012770818577868392 0.0017962666304959956 0.0028442404141809435 0.032771572209910824
155 8680 0.001032768015729789 0.03264244477752859 4.727943779647669e-07 4.727943779647669e-07 2.2340810791792402e-06 7.508359294641447e-05 0.00065669598089574 0.0012953780979200078 0.0016376504945019316 0.0028631371711364956 0.03264244477752859
156 8736 0.0010210591603966542 0.03180120992931469 4.34061536408078e-07 4.34061536408078e-07 1.9837374754879675e-06 7.100737759206473e-05 0.0006316033008156933 0.0012371012309145128 0.0014981781040998 0.0028610442976347602 0.03180120992931469
157 8792 0.0009720974838377811 0.0323696819816763 3.799956653521606e-07 3.799956653521606e-07 1.751297882296905e-06 6.293741208442096e-05 0.0006260762637091392 0.0011488514709385102 0.0014910496482146496 0.0027207545965627494 0.0323696819816763
158 8848 0.0009070051931127874 0.0316241457234487 3.3348929941710454e-07 3.3348929941710454e-07 1.6937139078751156e-06 5.442706322771667e-05 0.0006321149980991308 0.001041909797048169 0.001430064023106594 0.0026298528612360397 0.0316241457234487
159 8904 0.0008412620474293666 0.03153171302410022 2.926278173686484e-07 2.926278173686484e-07 1.5556167467418447e-06 4.888448815197381e-05 0.000640968817057097 0.001037531809955783 0.0014163356288155664 0.0025918480235195165 0.03153171302410022
160 8960 0.0007616407727878021 0.028943605697095868 2.8716978771625457e-07 2.8716978771625457e-07 1.3405977591224436e-06 4.4464442513475346e-05 0.0005972173307255881 0.00101381190863838 0.00135905275008476 0.0026004516318290467 0.028943605697095868
161 9016 0.0007105804749050412 0.02725327009274077 2.539512593971308e-07 2.539512593971308e-07 1.2189279985849944e-06 4.016205978531104e-05 0.0005684207473481884 0.0010011489603859718 0.001294963831636638 0.0024882484493127144 0.02725327009274077
162 9072 0.000611335242063869 0.026299212328003838 2.302056644351765e-07 2.302056644351765e-07 1.0416387376894955e-06 3.632707862591648e-05 0.0005455476615469976 0.0009563148201321823 0.0012693579430019181 0.002455363403303806 0.026299212328003838
163 9128 0.0005301308532074964 0.024618334268331786 2.040642528376901e-07 2.040642528376901e-07 9.112923272565296e-07 3.365132122527521e-05 0.0005704908291669566 0.0009516021291236775 0.0011995675113024573 0.0023635402352017785 0.024618334268331786
164 9184 0.0005028468533412069 0.024036188312176847 1.8022767603401632e-07 1.8022767603401632e-07 8.019666042577655e-07 3.095603815590921e-05 0.0005673598712808393 0.0009323005214787007 0.0011907335579787967 0.0023735703230494355 0.024036188312176847
165 9240 0.0004427306074640252 0.023383564327427202 1.5757490737194653e-07 1.5757490737194653e-07 7.170227971890509e-07 2.8442446799966948e-05 0.0005583490061561191 0.0009159229649244496 0.0011461035477283302 0.0023630929188298345 0.023383564327427202
166 9296 0.0004270521480626138 0.022682174224116884 1.3805098114008004e-07 1.3805098114008004e-07 6.33655881466468e-07 2.5577959565082207e-05 0.0005195894803094708 0.0009228044828828161 0.0010787113134168652 0.002289396651548426 0.022682174224116884
167 9352 0.00042142540876566613 0.02102566437174751 1.1754959160003015e-07 1.1754959160003015e-07 5.688705588524525e-07 2.365028630031117e-05 0.0005241610530028135 0.0009651166287027675 0.001034658891786935 0.002216462766612908 0.02102566437174751
168 9408 0.0004238316043747869 0.020193229923071314 1.062053633668976e-07 1.062053633668976e-07 5.014124341398888e-07 2.086006458174476e-05 0.0005230873571701553 0.0009127703773786311 0.0010518867560708701 0.0021637914599077837 0.020193229923071314
169 9464 0.00039294819837327403 0.019610558142649493 9.630960438323983e-08 9.630960438323983e-08 4.5056443497673304e-07 1.9541277522752352e-05 0.0005263952052999985 0.0008997110381053254 0.0010158062009914298 0.0020805302614307817 0.019610558142649493
170 9520 0.00033963493212431643 0.018423456792389704 8.630643393771978e-08 8.630643393771978e-08 4.0797084811962024e-07 1.7105266824297872e-05 0.0005094328828133016 0.0008425572757213692 0.0010478409048357157 0.0019294082646479607 0.018423456792389704
171 9576 0.0003339142195546166 0.017585418948322083 7.484936280283996e-08 7.484936280283996e-08 3.673699651047327e-07 1.5769322666127928e-05 0.0004895236220730735 0.0007964058738012993 0.0010396739760783812 0.0018204619643793604 0.017585418948322083
172 9632 0.00026648798716425 0.017159245123902985 6.607133971091383e-08 6.607133971091383e-08 3.318131599572855e-07 1.4107801598196587e-05 0.00045661156062418043 0.0008123875123490075 0.0010452428059807995 0.001744401361470991 0.017159245123902985
173 9688 0.00026617218756550773 0.01721124933151581 6.052719681390358e-08 6.052719681390358e-08 3.0300952243351514e-07 1.2253281218407894e-05 0.0004326901691512059 0.0008119975345768039 0.0009903462161823006 0.0016951472945792602 0.01721124933151581
174 9744 0.00023844474733737355 0.016189133736181704 5.54135678982382e-08 5.54135678982382e-08 2.5784587092644853e-07 1.131804117822003e-05 0.0004445266933678428 0.0007869436907050228 0.0009996123311736837 0.0016878188511422728 0.016189133736181704
175 9800 0.00022276782951001487 0.015213179195547849 4.935639396230617e-08 4.935639396230617e-08 2.3539811911149226e-07 1.0107155699709292e-05 0.000419002433965041 0.0007594324493340837 0.0009439309773185627 0.0015710808997187104 0.015213179195547849
176 9856 0.00023419380928159307 0.014790612037216893 4.269785732671818e-08 4.269785732671818e-08 2.148804618239298e-07 8.947946820127266e-06 0.00040239976297358254 0.0007469224335309198 0.0009034269723867808 0.0014957401728043296 0.014790612037216893
177 9912 0.00024196527706166912 0.015077533668526709 4.2331106735266974e-08 4.2331106735266974e-08 1.97241535212544e-07 7.764931681195388e-06 0.00037470681215105256 0.0007573215467763611 0.0008395143209900389 0.0014392590556965485 0.015077533668526709
178 9968 0.00024649067619731 0.014669302271960493 3.79280611084466e-08 3.79280611084466e-08 1.8240726583713373e-07 6.843253925398825e-06 0.0003555836749425146 0.000751717487771694 0.0008425711952559078 0.001648815751523132 0.014669302271960493
179 10024 0.00021346957684439263 0.013965300096437807 3.4840814121596345e-08 3.4840814121596345e-08 1.6817137921602956e-07 6.029794552631924e-06 0.00035097057636522826 0.0007476915811867945 0.0007830801591744126 0.0015601880113851776 0.013965300096437807
180 10080 0.00020852035548960492 0.013506337261428327 3.082273991353174e-08 3.082273991353174e-08 1.4855516418672535e-07 5.364302421894571e-06 0.0003560758169829577 0.0007160231184746354 0.0007659922841507076 0.0014815497865734955 0.013506337261428327
181 10136 0.0001875051208153887 0.013281898946859383 2.6893475779044852e-08 2.6893475779044852e-08 1.3875851996336462e-07 4.7654582838209205e-06 0.000329016980866778 0.0006712706543060252 0.0007503801355995638 0.0014947226163952827 0.013281898946859383
182 10192 0.00017132523505227298 0.012425375475314028 2.5121812464975915e-08 2.5121812464975915e-08 1.1640379137965742e-07 4.410197049350825e-06 0.00031381848567415725 0.0006549406434483414 0.0007278785461147262 0.00143761229662612 0.012425375475314028
183 10248 0.00016843362192953148 0.012242287459125985 2.2071270160148287e-08 2.2071270160148287e-08 1.0456968658191622e-07 3.8236485784530135e-06 0.00029375092423000233 0.0006373232099370588 0.0007220088080335879 0.0013522183267407836 0.012242287459125985
184 10304 0.0001823146308183826 0.012486079919356003 1.9919810271863815e-08 1.9919810271863815e-08 9.246547117445384e-08 3.376656177732913e-06 0.0002763268255799552 0.0006143946792523049 0.0007357099904026262 0.001331688397867206 0.012486079919356003
185 10360 0.00017722428700427307 0.012684995776514317 1.8013431597525813e-08 1.8013431597525813e-08 8.070363028318338e-08 3.027590863821199e-06 0.00026718450137850806 0.0005952802471061844 0.0007464071396211553 0.0013950343236095303 0.012684995776514317
186 10416 0.00015232213502495976 0.012743734028791141 1.6148953819158876e-08 1.6148953819158876e-08 7.282399207347136e-08 2.7614412469292352e-06 0.0002679340189430068 0.000573979957787756 0.0007521573270910887 0.001326074698241725 0.012743734028791141
187 10472 0.00014893839413442745 0.012501448652521053 1.3755636383210943e-08 1.3755636383210943e-08 6.611122957696781e-08 2.561378479122179e-06 0.00025260258930984196 0.0005671792418746891 0.0006984824470201101 0.0012643079115405886 0.012501448652521053
188 10528 0.00014783924474500346 0.01235475798718183 1.3179237105282808e-08 1.3179237105282808e-08 6.038479913958569e-08 2.2247242846021503e-06 0.0002456814258665681 0.0005544130925823728 0.0006663040271831588 0.0012489229140157322 0.01235475798718183
189 10584 0.0001406775280984959 0.013093006587455326 1.146869306167878e-08 1.146869306167878e-08 5.274068155264212e-08 2.030497854530427e-06 0.0002321650424104857 0.0005469524765987588 0.0006301465034641959 0.001129083585837178 0.013093006587455326
190 10640 0.000122233000442926 1.0000437509570452 1.0 1.0 1.0000062500195313 1.0000125000781253 1.0000187501757822 1.0000250003125026 1.0000312504882864 1.0000375007031337 1.0000437509570452
191 10696 0.0001295612627166597 1.1119021830952796 0.8370248074482308 0.8370248074482308 0.8842113724276327 0.8956817849334395 0.932660818755412 0.9712002054410928 0.9751688970508487 1.004508211854946 1.1119021830952796
192 10752 0.0001481869854239244 1.2330089787129517 0.7436215060750914 0.7436215060750914 0.7620301614027021 0.8145791480686003 0.9098888886439527 0.9285304962682064 0.952966584701478 0.9976534625246124 1.2330089787129517
193 10808 0.00015322781095832523 1.2512157507364328 0.646698299037985 0.646698299037985 0.6767123137209695 0.7984965073479126 0.8406535412562954 0.9402991501501249 0.9696690364121343 1.082556109014535 1.2512157507364328
194 10864 0.00013125662988251505 1.2137083345660564 0.5990302827555669 0.5990302827555669 0.629745183663503 0.7166311067152088 0.7915186927184436 0.8903969336811101 0.9350332676483255 1.1109525703989191 1.2137083345660564
195 10920 0.00011194065806889408 1.1668598224980882 0.5223432621076892 0.5223432621076892 0.57560279619967 0.6437424220771762 0.7838660972655894 0.8672083303795746 0.9314126814393617 1.1327027695928638 1.1668598224980882
196 10976 0.00010979303690341234 1.229191687233929 0.48295323179288263 0.48295323179288263 0.5255939576340899 0.5686198550632804 0.79962339013017 0.834669622046979 0.8960379496978449 1.0678024644752595 1.229191687233929
197 11032 0.0001016603192781213 1.1752014023525648 0.44217504105061595 0.44217504105061595 0.5007335169067589 0.5494885610372113 0.7825623171927865 0.8274534196037573 0.8965183139866009 0.9634256809748092 1.1752014023525648
198 11088 0.00010452242657109895 1.073357447903191 0.39642531928449926 0.39642531928449926 0.46720315805946894 0.5103881566885324 0.7500398205218252 0.7884055156370956 0.8714179137189219 1.0024236872338463 1.073357447903191
199 11144 0.00010295154592959611 1.141721426817889 0.36601500673934534 0.36601500673934534 0.4380045627943318 0.47516054424551096 0.7422872590193342 0.7797787910810756 0.8267004192591357 0.9530254864288967 1.141721426817889
200 11200 0.00010779028044242472 1.1182522150164165 0.35236243276598606 0.35236243276598606 0.3986102661691441 0.45354572373354823 0.6791571760854782 0.7335893782125869 0.793836600732315 0.8983514333453388 1.1182522150164165
201 11256 9.026173196477732e-05 1.0547087881896346 0.321312204793276 0.321312204793276 0.3731888779719465 0.42421003885798153 0.6831778882410054 0.6912995250468608 0.8106474451592706 0.8586498955978308 1.0547087881896346
202 11312 8.584392129682916e-05 0.9847922410519289 0.30649383757037707 0.30649383757037707 0.3720577504239932 0.3916447067964248 0.6352098546504507 0.6571007151464651 0.7797386496688208 0.9025003088757888 0.9847922410519289
203 11368 9.184206479934537e-05 1.024296065180867 0.30225233222849396 0.30225233222849396 0.3410310307134949 0.3573769997278678 0.5989569271031564 0.6607356253272948 0.7503329903496164 0.9112333068570989 1.024296065180867
204 11424 8.604696108566234e-05 0.9790789358301264 0.28109049605116937 0.28109049605116937 0.31823167198088986 0.3312788397315811 0.5663824379967249 0.6701436764570035 0.7476870711529483 0.9044520846121529 0.9790789358301264
205 11480 9.438420100116231e-05 1.0300394768263132 0.2678011149334801 0.2678011149334801 0.3075001230142059 0.3247438496728963 0.536725754600368 0.6146319513190293 0.7528306251483474 0.9503803271577894 1.0300394768263132
206 11536 9.157054676933233e-05 1.0432098571395618 0.2538102926890409 0.2538102926890409 0.2850474393785938 0.32432765067719843 0.5185025334691209 0.621054112331588 0.7663081526185325 0.8545372400865403 1.0432098571395618
207 11592 8.25346316854529e-05 1.0385064213062565 0.23306011993213602 0.23306011993213602 0.26148156287216073 0.30785288591087023 0.5032158399789632 0.6212201248574549 0.7542433504862619 0.8657626964463205 1.0385064213062565
208 11648 7.954751965012949e-05 0.973145298426351 0.21389417229183294 0.21389417229183294 0.24713872847982585 0.2877260224697921 0.5019213899649775 0.5994959516498333 0.7059827352787114 0.8657775874952975 0.973145298426351
209 11704 6.992254699061846e-05 1.0015494529881313 0.20947596221137818 0.20947596221137818 0.2297859105493767 0.2741006848176692 0.5170074073263882 0.5858125444874007 0.637808210364421 0.8381924174022378 1.0015494529881313
210 11760 6.331247274703342e-05 0.9715149410599861 0.1914074523985627 0.1914074523985627 0.22998298926498054 0.262153011916343 0.5083386366667806 0.5752889377769088 0.6549431100083168 0.833162644771651 0.9715149410599861
211 11816 6.132391501895695e-05 0.9074178318016243 0.18475027296591148 0.18475027296591148 0.21199946857218346 0.2440985128359008 0.4871157955329401 0.5659501026105122 0.6690409316401053 0.8131810791562069 0.9074178318016243
212 11872 6.287186435599982e-05 0.9035775770284181 0.1726786171992596 0.1726786171992596 0.19658461580708358 0.2375147523272329 0.45169004143618696 0.574943428102239 0.645257311182812 0.8373280956993769 0.9035775770284181
213 11928 5.9731178851986804e-05 0.8542823054791853 0.17317470057507103 0.17317470057507103 0.18500481956874484 0.23768779177173607 0.46310222438162385 0.5345082986381418 0.6734283295541102 0.796297116338903 0.8542823054791853
214 11984 6.038492280508718e-05 0.8224671961607009 0.15943432629924412 0.15943432629924412 0.17953035835161796 0.22556393565120278 0.423755984331944 0.5327127723662286 0.685439616544562 0.763239841145043 0.8224671961607009
215 12040 6.10927494729195e-05 0.8215350820700189 0.15458178183160884 0.15458178183160884 0.17620935636675233 0.21357936289102875 0.40035089658987616 0.5230516977241818 0.6534810925294338 0.7372359034118844 0.8215350820700189
216 12096 5.998192072111877e-05 0.8070460071435195 0.14477197296987485 0.14477197296987485 0.16262023365659245 0.20253402259980358 0.38283160258005466 0.477735327363765 0.6629103013830846 0.7348755673158018 0.8070460071435195
217 12152 5.6109673973683945e-05 0.8282039998261894 0.13998337899340518 0.13998337899340518 0.15500038870282085 0.19847923783617377 0.3913614065101361 0.47272663667521686 0.625928429590723 0.7331649999899441 0.8282039998261894
218 12208 5.426621595226069e-05 0.7783952398641637 0.1325718302856673 0.1325718302856673 0.14692997243776376 0.18675837876076729 0.37028681101284633 0.46219202813889276 0.6179677089233636 0.7340567091749618 0.7783952398641637
219 12264 5.170045591711447e-05 0.8082164204835192 0.12465699840766171 0.12465699840766171 0.1373900268320223 0.17652294255387072 0.368617412544337 0.45605421090587317 0.5829927633349641 0.7089519901537403 0.8082164204835192
220 12320 5.324241593324676e-05 0.866056023365985 0.12533222987857698 0.12533222987857698 0.12764421819614238 0.17055570467147138 0.3755351589526964 0.42872320730154584 0.5748308687875892 0.7194558777728202 0.866056023365985
221 12376 5.539707944031833e-05 0.842102171635156 0.11308649560954649 0.11308649560954649 0.12057440907664933 0.16231013752555618 0.3521457035158441 0.4351421367050027 0.5970187419575322 0.7324438967993954 0.842102171635156
222 12432 6.069941619255681e-05 0.8590754035721848 0.11445900683064114 0.11445900683064114 0.12176532570842684 0.1632403123731157 0.3378235174657107 0.4254190336442545 0.6064868280581327 0.7471414961093568 0.8590754035721848
223 12488 5.655780128373659e-05 0.8312238266565327 0.1115239687711898 0.1115239687711898 0.12231022501957352 0.16728018734288694 0.3210044629821289 0.5113072020305328 0.57616402658229 0.7281909103056426 0.8312238266565327
224 12544 5.56586007651246e-05 0.7993685740374052 0.11069580162333968 0.11069580162333968 0.12480804318096743 0.1519544051321982 0.3115849352285855 0.4926220644724564 0.5882293066817477 0.6879709342372186 0.7993685740374052
225 12600 5.565194155316812e-05 0.8637375672140635 0.10685595163279593 0.10685595163279593 0.1197881920459976 0.14131840380495575 0.30283714465973316 0.4774494932187671 0.5727575754911683 0.7008254298274224 0.8637375672140635
226 12656 5.498011837973828e-05 0.8441121458715469 0.09995989991436917 0.09995989991436917 0.11065019408986963 0.141831019239285 0.3193847617277006 0.5256894871481828 0.564256938307651 0.7652989153154045 0.8441121458715469
227 12712 5.8385965753418375e-05 0.8088291438166407 0.09229724683337935 0.09229724683337935 0.11178544417572857 0.13549543447720114 0.3346733977411588 0.5254923828045589 0.6024123602624947 0.7322586856698454 0.8088291438166407
228 12768 5.7221674568071954e-05 0.8220339372704666 0.08717766431326722 0.08717766431326722 0.10571346105743687 0.12480863392965806 0.3220949074402891 0.5556464729877707 0.596433440215913 0.6882523557270765 0.8220339372704666
229 12824 5.3988621243594306e-05 0.8018916246917128 0.082147150337211 0.082147150337211 0.09714530157166114 0.1231029068450732 0.31129856083656 0.52973270457306 0.5914512681131512 0.6743616431800233 0.8018916246917128
230 12880 5.030393992941639e-05 0.7661589842995993 0.07746570455797962 0.07746570455797962 0.09086533004244006 0.12337548318227433 0.3027570533827579 0.49964525440440233 0.6321201719902031 0.6699593398308435 0.7661589842995993
231 12936 4.951781981075287e-05 0.7474139383437443 0.07045113084358079 0.07045113084358079 0.08580727635505832 0.12707458120923742 0.2816331053146069 0.48880414429858765 0.5749223266127685 0.6487046813094707 0.7474139383437443
232 12992 4.737981633594814e-05 0.7316279605989585 0.06781737542793057 0.06781737542793057 0.08346576253610476 0.1381340982949683 0.2760462585113615 0.47038812603922275 0.5479922937651691 0.6084487559711427 0.7316279605989585
233 13048 4.9989776606451455e-05 0.7340148300270353 0.0685568934029265 0.0685568934029265 0.08100329178306952 0.13916399785993314 0.2823909554152555 0.4303952936996645 0.5471388942372905 0.5792362217820809 0.7340148300270353
234 13104 5.043272766457971e-05 0.710674381161249 0.0676979072149111 0.0676979072149111 0.08024361582016655 0.13107549466571936 0.28834891865248874 0.42671963791676254 0.5311768213987896 0.5569453363403992 0.710674381161249
235 13160 5.276923421610854e-05 0.6788518983928071 0.07065572183208142 0.07065572183208142 0.08132195379733552 0.1236487536859615 0.28444431208036847 0.43535496632047344 0.4999745090672765 0.5494788588271332 0.6788518983928071
236 13216 5.027244186899901e-05 0.6669282130192439 0.06636331399415141 0.06636331399415141 0.08112183906750643 0.13025374725061198 0.2829563365721398 0.39733783797340105 0.481523534556997 0.5969373164053123 0.6669282130192439
237 13272 4.696345301393415e-05 0.7161135331822126 0.06531845765966277 0.06531845765966277 0.08268658167814087 0.12665610458407572 0.2866450431066838 0.3661651465978869 0.4306733902009329 0.5476671760618248 0.7161135331822126
238 13328 5.161070400421961e-05 0.728151393148023 0.06375085475451316 0.06375085475451316 0.0818685465292162 0.126394595246407 0.2774438526252299 0.3770737716817636 0.3972189631457859 0.5515598597539181 0.728151393148023
239 13384 5.499298694075062e-05 0.7762822823653353 0.06396372560735712 0.06396372560735712 0.08325419480166206 0.11790888864331427 0.2794467212461951 0.3731033179153903 0.3929482555381126 0.5798947034246913 0.7762822823653353
240 13440 6.202925906735593e-05 0.734474399361196 0.06275175163618359 0.06275175163618359 0.08855206440061561 0.11078258461716693 0.25567942834611324 0.38350489235789115 0.39439586765867896 0.5545999082208106 0.734474399361196
241 13496 5.748557616946381e-05 0.8410760108305178 0.06320064395557536 0.06320064395557536 0.08150938707640626 0.10361741905407025 0.2509804753164874 0.379917580777225 0.3929522201955134 0.5710872381804901 0.8410760108305178
242 13552 5.183461895724762e-05 0.8400355545269903 0.06157551085617884 0.06157551085617884 0.0797346430420236 0.1047117734510417 0.23175425198022298 0.36598743719706406 0.3760031514506791 0.6084105660819283 0.8400355545269903
243 13608 5.5952452753603714e-05 0.8230061063999513 0.0589242606117379 0.0589242606117379 0.07796558920870082 0.10460684961677469 0.22703845763451766 0.34564586746980314 0.3776460904141982 0.5874947070203993 0.8230061063999513
244 13664 5.930644470507032e-05 0.9598601545595862 0.05646397404772558 0.05646397404772558 0.07549729643669661 0.09506322825335049 0.22519373893408634 0.3453419506918789 0.39228066148116963 0.5851058687255755 0.9598601545595862
245 13720 5.3298514067406295e-05 1.012361207980587 0.05622973033192985 0.05622973033192985 0.07451591168726458 0.10075449099925173 0.21994924529462526 0.3156770119515012 0.4023631392518717 0.5808834141932656 1.012361207980587
246 13776 4.6240532805781216e-05 1.046302883179584 0.05583832978637984 0.05583832978637984 0.07736480725054866 0.09558848647649078 0.2155813014325368 0.2916819812386944 0.38782355529177653 0.5845081574733327 1.046302883179584
247 13832 4.723964186008982e-05 0.9857411058416665 0.05654952503250135 0.05654952503250135 0.0732672321550327 0.09413454901719844 0.2139363108520589 0.27421675682955504 0.3767694968796907 0.5414051738430634 0.9857411058416665
248 13888 4.220377766475399e-05 1.037636618263373 0.05722335794019147 0.05722335794019147 0.0710116787854923 0.09168472659106493 0.2183058507682862 0.27844457076091544 0.3837950788286417 0.5266370802307749 1.037636618263373
249 13944 4.267371316996556e-05 1.0591357745033751 0.05407474810585836 0.05407474810585836 0.06679098181632047 0.09145913620675246 0.21707507694456973 0.27660864327431905 0.37519954425339325 0.5233636747154516 1.0591357745033751
250 14000 4.726025432470776e-05 1.0561406664174346 0.050906798592108976 0.050906798592108976 0.06404421978048916 0.09417659280050013 0.21641710828603405 0.2776719087415942 0.3696822012264569 0.49247159003027674 1.0561406664174346
251 14056 4.411167750691338e-05 1.0098873546668072 0.04969320046270441 0.04969320046270441 0.058103571808432834 0.10019594021265986 0.1999242699144102 0.2873918621373296 0.37561699986595903 0.5157569835500402 1.0098873546668072
252 14112 4.388106015363489e-05 0.9753289461858674 0.04919440943392692 0.04919440943392692 0.05685418400040621 0.09754275915953746 0.19616074927332558 0.2921718232634113 0.3607017877279863 0.5425199792150714 0.9753289461858674
253 14168 4.4129016576007437e-05 0.9424371664309111 0.0492599625702578 0.0492599625702578 0.05919194189633596 0.09800887328210282 0.1868144797793566 0.29052626603777576 0.4031729587094025 0.5555330751275888 0.9424371664309111
254 14224 4.963757154184424e-05 0.9121637816242447 0.046845860485816945 0.046845860485816945 0.06026890878872976 0.09705575890840684 0.18135219589547585 0.29972995608353 0.39061040528628355 0.5935535695218979 0.9121637816242447
255 14280 5.063405300546377e-05 0.9530624253302896 0.04734562988473223 0.04734562988473223 0.057272860297206435 0.09729123516187924 0.1971330585519997 0.292681146810036 0.386610241016694 0.6651714627090056 0.9530624253302896
256 14336 4.950120479911631e-05 0.9066455019713021 0.04555822520336433 0.04555822520336433 0.05292190144993932 0.10107302511423683 0.1861737525163891 0.3043763513220344 0.38852243151162735 0.662812740257552 0.9066455019713021
257 14392 5.053584495706781e-05 0.8950742404600587 0.04274411637826127 0.04274411637826127 0.05160873480739616 0.10294822383943207 0.17504312204127317 0.2957075430816781 0.3856651895389571 0.6559121269863908 0.8950742404600587
258 14448 4.9733512069634565e-05 0.8654093053239503 0.04570120612658302 0.04570120612658302 0.052722226997022954 0.10339930705962036 0.16859195751770573 0.2843844811570655 0.36668413212333445 0.6736414122782286 0.8654093053239503
259 14504 5.9955210939205784e-05 0.874911613752168 0.04434333448184522 0.04434333448184522 0.05171329356994324 0.10272316885508866 0.15750547502017606 0.28336421011674073 0.33621739157181496 0.6673489670192324 0.874911613752168
260 14560 5.8810645699443174e-05 0.9190044439772469 0.043822166821988286 0.043822166821988286 0.04723453918374734 0.09889810503262916 0.14917797318106893 0.29060018258726616 0.36007528174490544 0.6481164133769839 0.9190044439772469
261 14616 6.386179603391206e-05 0.8888119782827504 0.040869251649234016 0.040869251649234016 0.04663446624583101 0.09330975265487487 0.14688744060805117 0.30748528508510764 0.38353257871937013 0.636425605201423 0.8888119782827504
262 14672 6.705487125688136e-05 0.8512776765963527 0.040759955350293094 0.040759955350293094 0.043332059444852036 0.0890449405071505 0.14140271282023378 0.31199969625228957 0.4053158777565092 0.6656354382418657 0.8512776765963527
263 14728 6.598353164965012e-05 0.8749673683025718 0.03940879875564247 0.03940879875564247 0.04288442945831605 0.08547459922946359 0.14168726644378332 0.28783355262712 0.3959803222833959 0.6650214868174219 0.8749673683025718
264 14784 6.94393272906752e-05 0.8552465327581635 0.03878530539950794 0.03878530539950794 0.039750750285197624 0.08213207714345569 0.14385016615168555 0.2626396882082304 0.39629499880256214 0.6513345323285866 0.8552465327581635
265 14840 7.94563151179409e-05 0.8183047674259898 0.037273169198893806 0.037273169198893806 0.039497675344215666 0.08418311700299977 0.13694011281329604 0.25453134376967845 0.38957402360185894 0.6203349419832084 0.8183047674259898
266 14896 9.508433944941782e-05 0.8676903558697038 0.037134738101049176 0.037134738101049176 0.03830846083737605 0.08256450974740809 0.1256761024065513 0.2840196506552794 0.3632738922026623 0.5983223432816152 0.8676903558697038
267 14952 9.761965532967963e-05 0.8036893837157836 0.03438723749135996 0.03438723749135996 0.03699195679385732 0.08104738016665654 0.1310584396176652 0.2846639280819928 0.3578368919082417 0.6568990383472305 0.8036893837157836
268 15008 9.256926862767472e-05 0.8021331145621251 0.03158257107647734 0.03158257107647734 0.03615641896841101 0.08530040667007216 0.12382954356261888 0.25656939218966945 0.354176993957232 0.6348131955530972 0.8021331145621251
269 15064 0.00010018791808704245 0.747541059590271 0.029840461682826617 0.029840461682826617 0.034522708883184046 0.08624340695593893 0.12200565337151288 0.2505072721395687 0.3496299370273608 0.6050643598964437 0.747541059590271
270 15120 0.00010078838759248031 0.7811006191211605 0.028974503606064066 0.028974503606064066 0.03482322760253672 0.08984522699302014 0.11889590013923855 0.2616140671453196 0.32873908053231243 0.5832310038977697 0.7811006191211605
271 15176 0.00010855277835149837 0.7479329462886071 0.028192636467583368 0.028192636467583368 0.03553875055476167 0.09273122058685807 0.12581045724943635 0.25798266800909564 0.33503529061629 0.5633894087046177 0.7479329462886071
272 15232 0.0001090518505701749 0.711886254138399 0.029021260920247403 0.029021260920247403 0.03652454223160714 0.09596143172171279 0.12735451235836426 0.24473889107938676 0.35844571271132286 0.5264265992618538 0.711886254138399
273 15288 0.00010962053692532127 0.6858909966320808 0.026896538901592507 0.026896538901592507 0.03675267992060495 0.09737924731202492 0.12876585390367554 0.23867979141687598 0.3358909922338912 0.5301137897529603 0.6858909966320808
