% # columns="iteration, evaluation, sigma, void, void,  stds==sigma*sigma_vec.scaling*sqrt(diag(C))", seed=648028, Thu Mar 20 18:37:10 2025, <python>{}</python>
1 56 0.48435257953209826 0 0 0.4432003481752275 0.4427945594677428 0.47610881512333225 0.43755299105317474 0.45898191438639946 0.45261053049461364 0.4754881699289607 0.4565048217526071
2 112 0.4278816980700965 0 0 0.36372671030095677 0.35301387997386435 0.37538274949725786 0.3637402210702941 0.37454101370143145 0.37291503706231915 0.42739604804072673 0.36400001867472803
3 168 0.4231149790210919 0 0 0.3449677871922707 0.33354449519222273 0.38018578615818044 0.34493403961542185 0.35601208660082045 0.34055960539692287 0.3934312360910237 0.3552527690126589
4 224 0.3827782069684427 0 0 0.28985821061714634 0.2773937088534282 0.33630114657934407 0.31592202394262436 0.3154703385564262 0.2822940370518709 0.37015028611453676 0.2982860877311755
5 280 0.351812939712767 0 0 0.26368780840466294 0.237578454416823 0.301283308444784 0.2799439615848847 0.2832886458308872 0.25206263819953956 0.32790840174948205 0.26237696242543873
6 336 0.34710052993808554 0 0 0.2509368086850617 0.22440642767781452 0.2891765115213757 0.27780340827530314 0.2658548982556976 0.2222994947859161 0.31641409247812624 0.24226591235332381
7 392 0.36179456685702305 0 0 0.24802918850835606 0.2025858089061346 0.2951687218544873 0.29692334967747236 0.2876457387519881 0.2150930960038313 0.32088702303112915 0.2604418677384716
8 448 0.3429901741903312 0 0 0.23303962456391816 0.16585886944347714 0.26009029088902214 0.28337593919351733 0.2783209446754976 0.1831540350704055 0.28922619432659946 0.24781215571475268
9 504 0.33478965058686727 0 0 0.22276463468206661 0.1439830453818999 0.2382982504864312 0.3066391199396355 0.2487942086407364 0.16168237980141908 0.27961402709225747 0.2439496775790345
10 560 0.3458701357017051 0 0 0.2269153623997656 0.1267068606991574 0.2550673953074934 0.3286205142019225 0.25595057393726245 0.15087387424005194 0.2707055266609904 0.23501630890005484
11 616 0.3525777353010996 0 0 0.22540814054754937 0.11736725719971268 0.24555112611683874 0.3179951863321676 0.2659602809734337 0.14494985053412535 0.2758415999661778 0.25011553951254234
12 672 0.31375723185362603 0 0 0.1824334194671184 0.09581932521091818 0.20530797531546272 0.26742114078683177 0.22495883899666475 0.12057256622155788 0.25573696533319185 0.23353007150005597
13 728 0.3136338634799777 0 0 0.20678425714102464 0.08496862793585655 0.1893459957555374 0.24707980557765405 0.20761814394135034 0.11459243677728558 0.2468386104157703 0.22228910280792966
14 784 0.2969482145169605 0 0 0.16951710798133193 0.07470514836385785 0.1701717903105056 0.225757570821442 0.18395794913824473 0.1018353270035326 0.22784812268184904 0.2237965917797755
15 840 0.3459755189164813 0 0 0.21116788045348114 0.07629447251308512 0.19470691849162872 0.2607860104967102 0.20830633540206872 0.10797193678825091 0.26017389980422495 0.24802709288228497
16 896 0.3174010330717727 0 0 0.1838713064306411 0.06521757578211518 0.17469067229830068 0.22812698963227745 0.17268985083644256 0.09419817027725808 0.2258952164686575 0.2328653613294967
17 952 0.27371596949839283 0 0 0.15245396408934764 0.051905893229971994 0.15092408620637077 0.18165926850296932 0.1402746424056534 0.07600095047760656 0.18546722895539036 0.1998897360390458
18 1008 0.29741130076621136 0 0 0.16934506063898788 0.053714207593534145 0.1629131663430343 0.2152449530970061 0.14184851604240786 0.07633090444181177 0.21413172920346502 0.21279470377914234
19 1064 0.2996126315655916 0 0 0.1592549030154407 0.04992146533514182 0.1527887383612582 0.2079937604652434 0.14713429386153715 0.0715306248587722 0.21083669288904366 0.2161777446806612
20 1120 0.3148974705337841 0 0 0.16396624562362808 0.04977991548764824 0.1612756944181944 0.22122680097088782 0.14297054972396783 0.07294836726158761 0.23067257478327607 0.23508483982553574
21 1176 0.2959358561049254 0 0 0.1400090988933376 0.04309985377786823 0.1425337541815917 0.19823278857891896 0.1323148216596578 0.06275682689818743 0.21522546889546065 0.21084576632802154
22 1232 0.2776303099981027 0 0 0.12040829010640404 0.03626595738999711 0.13238304577514634 0.16980593897042293 0.11969799106320293 0.05506601448931659 0.19215476589247482 0.19547230757007766
23 1288 0.2540463909069644 0 0 0.10742850122985707 0.030287925653448646 0.11265706839269467 0.1435182255290841 0.1102081275603892 0.04693151539638439 0.1572551055421135 0.17012826496794084
24 1344 0.2683360805035775 0 0 0.11639205266143017 0.03029895395274656 0.11701707806874792 0.14820106282169465 0.10966345762985313 0.04618971115433464 0.1623712984718311 0.16091757873964288
25 1400 0.24712511461535994 0 0 0.10505784349179723 0.025008206242960507 0.10266610247526649 0.1285400737256025 0.09813101427077409 0.03951580997020733 0.14394093139977038 0.14490267541900853
26 1456 0.2534549713053626 0 0 0.10170697744490548 0.024513998914391846 0.10278470878306159 0.11806327312047665 0.09349203660822927 0.037730933717618736 0.15721230304968123 0.14522712663201015
27 1512 0.23760521532613005 0 0 0.09216935785503985 0.021051506018646006 0.09459547635978026 0.10512088526713015 0.08354439146867354 0.03571718888866339 0.15548096693792698 0.14626607950309323
28 1568 0.20734523525716794 0 0 0.07492888071780986 0.01888151714897972 0.07350567167528256 0.08991376591133213 0.06935910040244885 0.03174872984957761 0.13706056632330996 0.13590735244146768
29 1624 0.22878759558699446 0 0 0.09119334496583315 0.020820726095682585 0.0794499144206368 0.09721714156814694 0.0721876139499638 0.034877748757326875 0.15747329144661731 0.16040504815289378
30 1680 0.23381739459143588 0 0 0.09188322084241449 0.019589778594075777 0.07549016636467852 0.09567856471323165 0.06668207696500486 0.03566433434366978 0.15645720995944642 0.17049941935809113
31 1736 0.21273911108553278 0 0 0.0838536587666957 0.016896347442380676 0.06711922596637655 0.0857428473052452 0.056121551999507 0.030431913591045575 0.14191525710568473 0.14996511550814592
32 1792 0.22012726028190405 0 0 0.08076028017757524 0.01599321881033945 0.06859457983924266 0.0861254491427311 0.05437264049039316 0.03043345371306676 0.1600993650757882 0.15385223242247517
33 1848 0.21904639375466148 0 0 0.07720941655544547 0.014664881049456617 0.06387097289583447 0.08267873611761854 0.04992605521277353 0.027890347416264477 0.1564363552739535 0.14495973556191102
34 1904 0.21414274673027092 0 0 0.07013135820848765 0.012720259608073306 0.057869005690060975 0.07393666484175761 0.046802758893990055 0.02624509726769548 0.15422361403518123 0.13819839453280153
35 1960 0.20448600389998772 0 0 0.06362781331952005 0.011254493657937542 0.05251706968042028 0.06546837006682277 0.04231048124328281 0.022851715791894968 0.14511586952256167 0.1263969282218264
36 2016 0.21036722295631272 0 0 0.06596514908458034 0.010923845078499117 0.0509418815111233 0.06325129612315349 0.04027660737767105 0.022019843745903524 0.14276506127992136 0.12245729693540619
37 2072 0.19062502424003072 0 0 0.056595626174124905 0.009780226290479165 0.045759750176067766 0.05639544578900142 0.034548140230335034 0.019005722070996 0.1340813967800329 0.10807813172278859
38 2128 0.17643845567940195 0 0 0.051535096394370976 0.008688495976415852 0.04231418504556943 0.047640823700366444 0.030782419564024926 0.015837722797215896 0.1235366162368619 0.09280631899690456
39 2184 0.1775540196909897 0 0 0.05361148820314379 0.008429102342056332 0.04558682320405297 0.04559415730965619 0.02896316969548743 0.015152410318917339 0.12366984921655168 0.09126151748002682
40 2240 0.17571260895880433 0 0 0.055864118443894 0.008320516384591654 0.045859110353595856 0.04205582356810616 0.0272424166500857 0.0132890086704263 0.11965365313479963 0.08205256182471034
41 2296 0.189230505171112 0 0 0.05895325123246039 0.008290686018955083 0.048268460446926294 0.04228237628395069 0.028709138875677807 0.013535393345681542 0.12270312048825385 0.083074552964295
42 2352 0.15824043509215008 0 0 0.04648047809752763 0.006746010315446204 0.0384753440841391 0.03165483586526644 0.02309694337147173 0.010110125694144854 0.09406744505643765 0.0624465560251222
43 2408 0.16193009625364768 0 0 0.04988845733715522 0.007142890532803145 0.04278173602328905 0.031325446842027996 0.0233458707822041 0.009821192204871 0.09778518114903122 0.06424505362799003
44 2464 0.1511179605142322 0 0 0.042897976683189835 0.006544050117366696 0.03759514079118054 0.026210937860813202 0.020420566341621538 0.008908653687198884 0.08312910409176401 0.056403529266013656
45 2520 0.13521244102216173 0 0 0.03451187636217126 0.00556551790940029 0.030724641479294663 0.02248313393835132 0.01711373096879629 0.00756989295268762 0.07132839640356607 0.04804665570054306
46 2576 0.14759656250334513 0 0 0.03915762550117551 0.006361086999936295 0.032832030063447024 0.0221421233730372 0.017608152943759413 0.008350539224872819 0.08242328467241104 0.05492820296322555
47 2632 0.14648759579291887 0 0 0.03825426230432751 0.005727886943878354 0.031242721226547584 0.021351035897526773 0.016793342305659178 0.007392335794113046 0.07777659051650816 0.04909282187467863
48 2688 0.1456507010388241 0 0 0.034976251142927274 0.00538854159686387 0.027924966327970462 0.019643528346393456 0.01597938998784369 0.006753892472605015 0.07525325550630521 0.04679245295141828
49 2744 0.13754866210384833 0 0 0.03125968638247444 0.004824660468954874 0.025000477786057754 0.018237300545486557 0.01509851433280531 0.005865856489457334 0.06747394093056286 0.03993900145029262
50 2800 0.13158004151093072 0 0 0.027081892791277044 0.004185960097713101 0.021798352302964827 0.016873828562619344 0.013241567066565898 0.005310710152322105 0.06117186599851609 0.03623218097053485
51 2856 0.11575602320481877 0 0 0.02234129396149503 0.0034754871507173173 0.017836407088631826 0.014066763172440613 0.011032549041011027 0.004460267010771587 0.05175216001328484 0.030027799966002203
52 2912 0.10317702221153066 0 0 0.01926896889921844 0.0029205190538112357 0.015849622669883726 0.012234897045289577 0.010265610966527847 0.0037125870226163153 0.046512801977763675 0.026835505700727163
53 2968 0.10501822974265895 0 0 0.01823578669084178 0.0027938664447951025 0.015236427598768688 0.011897058926315957 0.009518775909205256 0.0034978183264839295 0.04426222692399116 0.02533301881090809
54 3024 0.10375382796539409 0 0 0.016887451764024657 0.002629959428777296 0.014079012139435786 0.010869793641957358 0.00887413707723296 0.0032646532822565894 0.041517508598580714 0.023539960259327537
55 3080 0.0890134816850399 0 0 0.01360423028835096 0.0021415074090789213 0.011671700743011135 0.008710312060707916 0.007481307626950012 0.0025527767863088163 0.03390267942715458 0.018416228187460356
56 3136 0.08803457749892005 0 0 0.013050648614451783 0.0020564021301996173 0.011386523230653832 0.008210964087895675 0.007355647969499406 0.002381036001700715 0.031134679493010884 0.016958122897961413
57 3192 0.08997094920102816 0 0 0.013547822460131103 0.0019590403733839305 0.012341720203031233 0.008872836380361189 0.007883941151655902 0.002380559437121781 0.031708594135581726 0.01689417996161192
58 3248 0.09120135402938857 0 0 0.014461189441459195 0.001945729092188069 0.013379076529408895 0.00936213888814736 0.007995282877338685 0.0022721471233871373 0.030975316888707725 0.016378051613200977
59 3304 0.09348817941534233 0 0 0.01429602936657272 0.0019800476426879805 0.013191770727324217 0.009436188629713392 0.0076884839074501336 0.002237430803488982 0.030589129288904605 0.016016992769124484
60 3360 0.10260160421817603 0 0 0.014744650699416502 0.002014129011603294 0.013491711573191826 0.009894339242559861 0.007854441551259046 0.0024803610424578583 0.034064979755637395 0.017832084458812694
61 3416 0.0953726758640084 0 0 0.012772462544234486 0.0017628159514096857 0.011935189718758945 0.008564847481522293 0.006884935933876694 0.002146155893326837 0.029830181745965665 0.015585056737606707
62 3472 0.09384909554120617 0 0 0.012678078932915332 0.0015091064106026897 0.012183931043650576 0.008127464381295498 0.006991584315407172 0.002141057724394665 0.030257688669421093 0.01592163733534612
63 3528 0.08961815336947156 0 0 0.01208231767601023 0.0012943290789010791 0.01170447296289302 0.007650051199497729 0.006635338943154077 0.001852086157155529 0.027018094589624484 0.014217353887621608
64 3584 0.08870634861195077 0 0 0.011285318886712713 0.0011220899474518558 0.010976866840967096 0.00698705666307726 0.0060630977347311005 0.0017448585893579708 0.026884099868208163 0.014022129439504323
65 3640 0.08142267089505548 0 0 0.009707595144823831 0.0009378173906277503 0.009489669417240094 0.0059574908326225405 0.005243408847294654 0.001502220576721236 0.0236514595528862 0.012383762151144404
66 3696 0.07663298754393767 0 0 0.008127004882960955 0.0007980139635495863 0.007709198618138039 0.004926364611034763 0.004360413699215667 0.00138318499755903 0.0220494379336989 0.011436305788404091
67 3752 0.07495306265014577 0 0 0.008088821603829944 0.000707131499000436 0.007426532781020064 0.004760212296581243 0.0041506225314528805 0.0013191091243806093 0.021606957276718335 0.011127149384885219
68 3808 0.06956070099706117 0 0 0.006855351066211367 0.0005909291968072731 0.0062806527048304564 0.0040548570009751 0.0036598965801061044 0.0011375893362918978 0.01945114898050643 0.010115023497612043
69 3864 0.06478034386203109 0 0 0.0058944186927618525 0.0004846695440176755 0.0053155158080521675 0.003460816521634998 0.0031520691335687676 0.0010506796027354305 0.017336922365558404 0.009112550364935098
70 3920 0.05832895754137676 0 0 0.004766157811981263 0.0003979582351746387 0.004310541472765951 0.0028240927845991095 0.002590098278154137 0.0009185236882591907 0.015464040981728273 0.008032283231673213
71 3976 0.0583671887400874 0 0 0.004912429698598448 0.00036192214838654316 0.004460222638023905 0.00290693212741513 0.002682462169633169 0.0008801953515230422 0.014923816359220615 0.00777139272250311
72 4032 0.056790945887332106 0 0 0.004457129590167167 0.0003210816106620484 0.004007268112922131 0.002633812246503563 0.002411193525412965 0.0008496658937757961 0.014586507217775477 0.007679023268300296
73 4088 0.05027484834656234 0 0 0.003656909138623414 0.00024878972239788144 0.0032485055474659927 0.002172788596405645 0.0019965991194267206 0.0007029149098613927 0.01190523893006757 0.006225352851229359
74 4144 0.044854828693019766 0 0 0.0032268925858299742 0.0002059705333283757 0.0028077161117572047 0.0019060330322995794 0.0017150741138005237 0.000587044034348878 0.010067491326925271 0.005274329880650699
75 4200 0.04676331681373532 0 0 0.0030105544645636856 0.0002269787435098126 0.002591985053421524 0.0018605188634387517 0.001707027613783728 0.0006018331963385088 0.01031543583198363 0.0054268174517986155
76 4256 0.045317126226363164 0 0 0.002748911412884674 0.000201198531306672 0.0023303247002960086 0.0017079813105375977 0.001536377232909669 0.0006078211793022632 0.0103711745198212 0.0054247180721541674
77 4312 0.0434613011977408 0 0 0.0025082506588204865 0.0001986585596319902 0.0020832796839806507 0.0016133333293525073 0.0014433707787951957 0.00059272236618068 0.01063207911141366 0.0056332008962541626
78 4368 0.03806033330349188 0 0 0.002040077689726241 0.00016323656631238705 0.0017099091318032516 0.001331447829205616 0.001199367953359931 0.0005047406980385203 0.009028406281954464 0.004812002713901077
79 4424 0.03281274530409868 0 0 0.0016768925325068584 0.00013123553864061318 0.0014053482449284359 0.0010849727251789072 0.0009722751537223949 0.00040866701350356755 0.00727685806601558 0.0038681281093569542
80 4480 0.027115838524877773 0 0 0.0012883520369303245 0.00010279954428073118 0.0010709482190860617 0.0008346323136449999 0.0007400558751160212 0.0003219772086233615 0.005669847649166446 0.003020555095889035
81 4536 0.02613158804721512 0 0 0.001186912990674949 9.205720416109823e-05 0.0010048388611369253 0.0007783292357901484 0.0007128990000766944 0.0002986281583844606 0.005162138658412215 0.002772549438623108
82 4592 0.022864513080921245 0 0 0.0010154852011697634 8.036852275449983e-05 0.0008355104710825636 0.0006784546746725524 0.0006050954346023446 0.00024431119115958516 0.004316471370758362 0.002311366545682562
83 4648 0.021638385753062095 0 0 0.0009340683482013819 7.366199875111019e-05 0.0007649963851955889 0.0006331964381807276 0.0005559941596352294 0.0002278280941569826 0.004119320141157926 0.0022056913326038764
84 4704 0.020995935873458372 0 0 0.000857786892810329 6.919087004962049e-05 0.0007102818196527589 0.0005908899761162291 0.0005242804931874836 0.00021286978682468377 0.0036914958318997573 0.001991068742793923
85 4760 0.02060826915687645 0 0 0.0008451445362549964 6.986246122403394e-05 0.0007162661398486677 0.0005939519873167557 0.0005302790642271199 0.00019882423512799718 0.0035174527212583446 0.0019091926513775518
86 4816 0.020242546729058095 0 0 0.000772951499844525 6.671399249633621e-05 0.0006615428673987958 0.0005479359789880909 0.00048716830344960015 0.00020573392405980444 0.0036154403354839446 0.0019631398894182066
87 4872 0.019116694096747388 0 0 0.0006925359831400433 6.278982226976555e-05 0.0006046009187723224 0.0004925808032724752 0.00043638650405141143 0.00018939392300919026 0.0033307096246809865 0.0018118216324887065
88 4928 0.018114760953303815 0 0 0.000599487932933112 5.936680956028978e-05 0.0005382238296974065 0.00043066840445201435 0.0003896881455573567 0.00016739823682241262 0.0030803944174475437 0.001677078440433288
89 4984 0.015519511367581248 0 0 0.0004864958370148387 4.910160395421166e-05 0.00044188925618493226 0.00035024775606696986 0.0003192536155923864 0.00014040425080337905 0.002632685418052637 0.0014228255525593355
90 5040 0.01590757909544637 0 0 0.0005083860691953826 5.4799081001875456e-05 0.0004914062658968256 0.0003727178982476116 0.0003515539545069013 0.0001374059218129194 0.002592966484189026 0.0014069662472709164
91 5096 0.014430250055477926 0 0 0.0004212539309595469 4.812432334680467e-05 0.000415469448472428 0.0003091636484640732 0.0002925995650730767 0.00012487468759671519 0.002329395689361925 0.0012619887541520166
92 5152 0.012923615215674112 0 0 0.00035163217122869317 4.100243351108837e-05 0.000352543891017203 0.0002650371929173276 0.0002594099471337219 0.00010945729894442816 0.0020909427783623044 0.001134515964063444
93 5208 0.014168596004943803 0 0 0.00039338175802156934 4.641239664143068e-05 0.0004013194447814171 0.0003055843175554951 0.0003047783633890761 0.00010990339605277725 0.002117696639082327 0.0011367028261161632
94 5264 0.01419594095463689 0 0 0.0004222961980494691 4.799792302531011e-05 0.00042911311172984706 0.0003198994955900481 0.00031553481352882614 0.00011165539102166316 0.002204757052172519 0.0011817111725084901
95 5320 0.016637761297360977 0 0 0.0005594845374523296 5.7210975597105735e-05 0.0005576652913754242 0.0004137348722128713 0.00040853011731225365 0.00013651212484251627 0.0028174792541353815 0.00148861404167646
96 5376 0.01980968560512901 0 0 0.0006211208990830686 6.28456529398578e-05 0.0006212178317587157 0.00045706068170324346 0.0004589303312735326 0.00017812705082289823 0.0035972337958477822 0.0018635998924023884
97 5432 0.019432141896703625 0 0 0.0005537952716337956 5.591524021448786e-05 0.000552286698993269 0.0004016996945157961 0.00040283992888036227 0.0001644109673702565 0.003407989318279786 0.001780922979273787
98 5488 0.01873977151188849 0 0 0.0005180970844034693 5.025359776903529e-05 0.0004929179321230335 0.0003643143629441719 0.00034697560395831827 0.0001526111367659822 0.0031316505734716948 0.0016388519304754727
99 5544 0.01759946007304088 0 0 0.0004396978827641671 4.2445341165910367e-05 0.00041303740713839266 0.0003008111468539841 0.00028383605105312216 0.000141697471284636 0.0028458815171205337 0.0014819265756001192
100 5600 0.017603229233648605 0 0 0.0003908364099938007 3.89508454682591e-05 0.00036769286470066684 0.0002645210849434456 0.0002536522737809876 0.00014371106058578564 0.0029837305209687993 0.0015689818997570205
101 5656 0.015584070524739395 0 0 0.0003211228097155336 3.200604315480909e-05 0.0003004483620332024 0.00021396660679949973 0.0002037345722366679 0.00011829731051418494 0.0024233337864516032 0.0012754089788551712
102 5712 0.01465622294920587 0 0 0.0002756034290911808 2.786776449041237e-05 0.0002541190248738913 0.00018149377758792387 0.00017166765759915064 0.00010728156472582833 0.002160831753553565 0.0011389943596927178
103 5768 0.013112415304316737 0 0 0.0002262978913393678 2.338079639555197e-05 0.00020418477658011458 0.00015163105040491277 0.0001351018886821341 8.867771664022366e-05 0.0017464519185407042 0.0009162985193412363
104 5824 0.01300849838553133 0 0 0.00020902288303417495 2.105115349593074e-05 0.00018432492270387105 0.00013786709752985782 0.00012042903461610196 8.284686714701846e-05 0.00165496720084104 0.0008727976602990382
105 5880 0.012039464577589467 0 0 0.00017969728579561258 1.835989865048065e-05 0.00015337667945957806 0.00012018659422912641 0.00010271299819469249 7.309206133862646e-05 0.0014538741320694072 0.0007707993797372231
106 5936 0.009744969492316308 0 0 0.0001401908866931399 1.417904548970036e-05 0.00011462348784614117 9.45167788724242e-05 7.672174998171893e-05 5.390667492421008e-05 0.001077215629759806 0.0005689514139708313
107 5992 0.008667063962705984 0 0 0.00012089437251371783 1.2771696607843815e-05 9.813937448328434e-05 8.219385689524294e-05 6.714586457706159e-05 4.564164209901714e-05 0.0008634873611259683 0.0004587116619664835
108 6048 0.008016169023900807 0 0 0.00010524886120117131 1.1391240515895487e-05 8.568316194205222e-05 7.182483480831397e-05 5.992232984273063e-05 3.8537090424119886e-05 0.0007316693911654811 0.00038788623631688364
109 6104 0.009029598864343307 0 0 0.0001086160325680292 1.1807490055291464e-05 8.99582098871411e-05 7.428666825984529e-05 6.611870293603434e-05 4.277204363605398e-05 0.0008189335486751391 0.00043839371664918794
110 6160 0.00989969985580248 0 0 0.00011119188427064564 1.2529668256750268e-05 9.211486296253961e-05 7.844771313713519e-05 6.632159686610346e-05 4.944492535875388e-05 0.000980049292257562 0.0005254902101207708
111 6216 0.010016913612318911 0 0 0.00011203917456678495 1.2306397239678274e-05 9.001722529813678e-05 7.809211827979672e-05 6.364608038588281e-05 4.703732097482678e-05 0.0009522137925653423 0.0005104286509072126
112 6272 0.010057063565865923 0 0 0.00010641578344050335 1.2209931464349451e-05 8.487971535125182e-05 7.08684316847981e-05 5.70127328678222e-05 4.363596010021516e-05 0.0009107685839143095 0.0004832681674803086
113 6328 0.009835734912548622 0 0 0.00010467255444119553 1.2527358429873906e-05 8.415403394395879e-05 6.923345956619935e-05 4.952907184831751e-05 4.2081854836652865e-05 0.0008787907290816573 0.000467916221490228
114 6384 0.00857563926979842 0 0 8.345993875166983e-05 1.0237029449310314e-05 6.533545474085827e-05 5.513409770913072e-05 4.0543422354489254e-05 3.4333365077557105e-05 0.000712171106769644 0.00037752509413561806
115 6440 0.007783864344344284 0 0 7.486907716249409e-05 9.310899980528365e-06 5.854469812027165e-05 4.63851938232269e-05 3.315665380263971e-05 2.8748684282163267e-05 0.000582833606737996 0.0003091250901862847
116 6496 0.007212349172834599 0 0 6.576314840595343e-05 8.276225703284426e-06 5.037268222319816e-05 4.0686183148341995e-05 2.9260561208574883e-05 2.4809767146380613e-05 0.0005162290523377186 0.0002747449629768729
117 6552 0.006868621969210834 0 0 6.309102747356113e-05 7.404755631981663e-06 4.6185324119484655e-05 4.0099901309967e-05 2.6227786205283007e-05 2.3242263366584108e-05 0.0004781230704775296 0.0002544645775509899
118 6608 0.006182412160507352 0 0 5.254704000122268e-05 6.713288257436091e-06 4.070106977725516e-05 3.399341176829953e-05 2.2049529063693356e-05 2.1098812717479764e-05 0.00042581559059091115 0.00022645387665353806
119 6664 0.005746058558235687 0 0 4.548151475322495e-05 6.162703903129841e-06 3.5850465611927354e-05 3.0016448605206956e-05 2.015903463452083e-05 1.912877448646755e-05 0.00038423785280746847 0.00020487844527809077
120 6720 0.005473797595633042 0 0 4.421823942825665e-05 5.81730226569145e-06 3.328822724725051e-05 2.9364673218423356e-05 1.8961536616072216e-05 1.8558187459914065e-05 0.00037371691919926646 0.00019850500375317366
121 6776 0.005555245938703027 0 0 4.387389178865995e-05 5.397462869690511e-06 3.128413102072778e-05 2.8911151399939404e-05 1.997094294156219e-05 1.810909051917688e-05 0.00036418599846509755 0.00019286016191707157
122 6832 0.004825450983926626 0 0 3.652612526692799e-05 4.469672224560636e-06 2.6778941970861162e-05 2.42848105862843e-05 1.6629935800845447e-05 1.493964717205841e-05 0.0002952797294119889 0.00015582909113325474
123 6888 0.00497925851220096 0 0 3.6768138656960457e-05 4.538937345073733e-06 2.6549214329801624e-05 2.4124415482331626e-05 1.583609814539004e-05 1.4660864572333758e-05 0.000287540485115295 0.0001514361277325013
124 6944 0.005188046161480367 0 0 3.798786192216457e-05 4.879052095897267e-06 2.8158197816101113e-05 2.4504532547399508e-05 1.584995525700775e-05 1.5784172197975473e-05 0.00030267597472485814 0.00016023997209443352
125 7000 0.0047793510617906146 0 0 3.365322877053725e-05 4.150668206571489e-06 2.437744265979578e-05 2.134957008285239e-05 1.3181059811316339e-05 1.3270619498048781e-05 0.0002515705308226694 0.00013402772877127995
126 7056 0.004392566376472713 0 0 2.8859260192860746e-05 3.7792887450512075e-06 2.0974237664646623e-05 1.834539311568131e-05 1.1687902561340617e-05 1.1291646133736022e-05 0.00021938506874567053 0.00011705670086084817
127 7112 0.004204460862219591 0 0 2.89468067214898e-05 3.7665976345279893e-06 2.0502205428821602e-05 1.7370469177251694e-05 1.0847068218877737e-05 1.0549714566237849e-05 0.00020318777783951238 0.00010953125259762417
128 7168 0.003787466902287643 0 0 2.5475930294334818e-05 3.197564516978411e-06 1.7666580078545257e-05 1.5686639563422173e-05 9.399049805077095e-06 9.306400001531967e-06 0.0001799057865108665 9.762286347765451e-05
129 7224 0.0035466365668548536 0 0 2.368365620540432e-05 2.883914006883729e-06 1.6499071858028875e-05 1.5257344890041722e-05 8.699344755223041e-06 8.497392581651181e-06 0.00016786275815953644 9.136330388537186e-05
130 7280 0.003672409420446143 0 0 2.297753957885452e-05 3.0229439556917458e-06 1.6566712076071448e-05 1.5088968469709505e-05 9.125779037264717e-06 8.599123215797129e-06 0.00017066795709120989 9.310431474937158e-05
131 7336 0.0034810364763721603 0 0 2.0333281198643147e-05 2.753987598960449e-06 1.5037833865112287e-05 1.3452437650313782e-05 8.317423111140808e-06 7.973201771021523e-06 0.0001556786718473135 8.539563803260578e-05
132 7392 0.0030234826479351995 0 0 1.7674630887337483e-05 2.3615311690267735e-06 1.370114824504406e-05 1.1640621935642554e-05 6.856633687302574e-06 6.871397883059857e-06 0.0001318195680958734 7.240685797746689e-05
133 7448 0.0029544109497025416 0 0 1.6776199217466688e-05 2.275270285578895e-06 1.2770662095580328e-05 1.1114668382655912e-05 6.554038149885504e-06 6.4898163463373e-06 0.00012491816373432944 6.82712224149086e-05
134 7504 0.0027595045114446964 0 0 1.5185972262787123e-05 2.067056276351521e-06 1.1454102661082571e-05 9.983418638302688e-06 5.8616246056250105e-06 5.796656196947166e-06 0.00011252347074922899 6.134902408562377e-05
135 7560 0.002410597887987021 0 0 1.294235859979643e-05 1.6842195238677483e-06 9.575697140336131e-06 8.500518947054908e-06 5.1682736989747725e-06 5.1084016427345875e-06 9.755272919403254e-05 5.3099517505860485e-05
136 7616 0.002487619643922545 0 0 1.268940520898734e-05 1.6221888990290305e-06 9.200147773015677e-06 8.323798889419204e-06 5.0203765556424686e-06 5.025255801417093e-06 9.39535199491165e-05 5.0838357963859675e-05
137 7672 0.002241094473285123 0 0 1.1709639085643104e-05 1.428442525723892e-06 8.126369759200041e-06 7.518197822259107e-06 4.409682575506751e-06 4.330571815390711e-06 8.290126035724553e-05 4.491297560873104e-05
138 7728 0.0020082377621035512 0 0 1.0081171634571023e-05 1.291828097814754e-06 7.209395850058034e-06 6.9117538520802965e-06 4.10129591073508e-06 3.950751563900231e-06 7.765306540999663e-05 4.2084198601153764e-05
139 7784 0.0018631390768261737 0 0 8.740008233563382e-06 1.160895193023363e-06 6.401290598285453e-06 6.088205889128225e-06 3.7257160528174715e-06 3.5691407215627904e-06 7.028918130749635e-05 3.812771730048427e-05
140 7840 0.0016761888295549544 0 0 7.60412743574815e-06 1.0286696814130461e-06 5.67754990417089e-06 5.593358277568687e-06 3.541464053182922e-06 3.4255022966530653e-06 6.538773787811083e-05 3.5412651889733626e-05
141 7896 0.001544678495014279 0 0 6.662867344389626e-06 9.259858860780153e-07 5.093205896845506e-06 4.916441310831451e-06 3.021786082452355e-06 2.9484168111262605e-06 5.751363711523465e-05 3.123565879815152e-05
142 7952 0.001548959274416499 0 0 6.599390907900004e-06 9.395814253544453e-07 5.158282470968622e-06 4.804610057972475e-06 2.929679126537157e-06 2.935529348702578e-06 5.740795026009863e-05 3.108642949900987e-05
143 8008 0.001595849918395986 0 0 6.782819729294349e-06 9.399176833391379e-07 5.219855183029351e-06 4.771237013554136e-06 2.886369894271427e-06 2.918148955779732e-06 5.783047276818632e-05 3.087741985363631e-05
144 8064 0.001538262000562939 0 0 6.255223307847487e-06 8.509130217459923e-07 4.901721559463729e-06 4.313700689218572e-06 2.6361871575007864e-06 2.7573716787219364e-06 5.140930798125322e-05 2.7340779969903757e-05
145 8120 0.001576474575932492 0 0 7.048047465025578e-06 8.906184274976112e-07 5.351202839549085e-06 5.1506669599330845e-06 3.038545821553584e-06 3.1992248595696363e-06 5.9206659323519665e-05 3.143432356846598e-05
146 8176 0.0014779625484053088 0 0 6.4993711827122605e-06 7.959933999100075e-07 4.812358409149868e-06 4.787544555225988e-06 2.8933230855093638e-06 2.9005401251456615e-06 5.467275550511837e-05 2.9145406671639495e-05
147 8232 0.00138331311413853 0 0 5.659834769748282e-06 7.260034465632951e-07 4.282860903402051e-06 4.2745208563590596e-06 2.6480198281910676e-06 2.630524015582475e-06 4.9257914359084974e-05 2.6275475845516753e-05
148 8288 0.0012781432069481954 0 0 5.240224997371487e-06 6.465172665421814e-07 3.947560096937435e-06 3.944106179669856e-06 2.3531575828465356e-06 2.322148762030659e-06 4.486742232004425e-05 2.389205732622766e-05
149 8344 0.001236209967020826 0 0 4.803637116678583e-06 6.230402043249853e-07 3.766843851030239e-06 3.646122295602083e-06 2.161227261653669e-06 2.1701873752860977e-06 4.212028391712471e-05 2.2557657593680722e-05
150 8400 0.001159682954510413 0 0 4.331743939546535e-06 5.53518033203221e-07 3.2781337116497446e-06 3.270361746567168e-06 1.9212392231960432e-06 1.9325089572216765e-06 3.7045570222936315e-05 1.9971005386515343e-05
151 8456 0.001016276236702733 0 0 3.6869572024344127e-06 4.774779523236509e-07 2.7801185719068445e-06 2.806343966294329e-06 1.648240008240377e-06 1.6053211758777103e-06 3.222199472590278e-05 1.730831764229593e-05
152 8512 0.0010670219042533155 0 0 3.824945067401875e-06 4.859030913387527e-07 2.863664883074836e-06 2.8076498067859497e-06 1.6288102292668204e-06 1.6305344839618967e-06 3.193049285511132e-05 1.7126992909286513e-05
153 8568 0.001026372073682014 0 0 3.5513316835558552e-06 4.4145311494200804e-07 2.6144128932250566e-06 2.632559623683349e-06 1.530371166847227e-06 1.5040214869264958e-06 2.9413318540454313e-05 1.57846265693221e-05
154 8624 0.0010423294380323173 0 0 3.6217415958251877e-06 4.536180581231724e-07 2.6987018675005213e-06 2.6414483120817215e-06 1.5050979379693636e-06 1.5447646014784159e-06 2.9811981180791807e-05 1.5835837824116064e-05
155 8680 0.001032768015729789 0 0 3.5080665952101078e-06 4.4536950392848085e-07 2.6120226709957935e-06 2.5295538381256585e-06 1.4447089784209327e-06 1.5228474860786541e-06 2.8816336215727625e-05 1.5210357403129858e-05
156 8736 0.0010210591603966542 0 0 3.394656401208739e-06 4.273637641424104e-07 2.5034929539852907e-06 2.5296181232244994e-06 1.4736870186271647e-06 1.524438957322235e-06 2.8969507653241628e-05 1.536606151150313e-05
157 8792 0.0009720974838377811 0 0 3.170762448933959e-06 3.7723872042364096e-07 2.2579672071385216e-06 2.4037005788149653e-06 1.409138172915751e-06 1.442787118141602e-06 2.6944360420752994e-05 1.4275558728033838e-05
158 8848 0.0009070051931127874 0 0 3.016816178975853e-06 3.4833065395334504e-07 2.120045535378926e-06 2.2681403600305425e-06 1.302230187040944e-06 1.3227558634908951e-06 2.509458630411701e-05 1.3201669014128485e-05
159 8904 0.0008412620474293666 0 0 2.7298926118381953e-06 3.049564772198787e-07 1.8466187690178525e-06 1.998009825748352e-06 1.1175808316636528e-06 1.1482195771750066e-06 2.1361629846479135e-05 1.1230393392925243e-05
160 8960 0.0007616407727878021 0 0 2.3362797553882468e-06 2.690586785911791e-07 1.575655961458555e-06 1.705228133894876e-06 9.498585625501058e-07 9.428714146917729e-07 1.8181464224385655e-05 9.639379210909319e-06
161 9016 0.0007105804749050412 0 0 2.1847077884542887e-06 2.4099555035512333e-07 1.4655105438531259e-06 1.5554914851414461e-06 8.344426255823356e-07 8.429770794084759e-07 1.639204387439408e-05 8.613736482032837e-06
162 9072 0.000611335242063869 0 0 1.7612681638447233e-06 1.981202626216875e-07 1.1836259130717927e-06 1.2428542096696441e-06 6.734420253508209e-07 6.777898539874776e-07 1.3196401454293369e-05 6.9602665662176825e-06
163 9128 0.0005301308532074964 0 0 1.4004076203234839e-06 1.6922189409840105e-07 9.425884431026431e-07 1.0038134478474575e-06 5.93195763252126e-07 5.544472533003149e-07 1.1182902901159718e-05 5.922934237271732e-06
164 9184 0.0005028468533412069 0 0 1.3002575419840256e-06 1.5718433416881696e-07 8.579797337083063e-07 9.237506073497228e-07 5.426771020880595e-07 5.066864787172228e-07 1.0336906939664646e-05 5.4393409616067225e-06
165 9240 0.0004427306074640252 0 0 1.085470343373654e-06 1.357039945480401e-07 7.407271482670424e-07 7.685291058784478e-07 4.6691390598664623e-07 4.2475670847988273e-07 8.834928875865731e-06 4.639898367118283e-06
166 9296 0.0004270521480626138 0 0 1.0102549945296013e-06 1.2909205390041925e-07 6.999615544708578e-07 6.975779287476685e-07 4.113342607757378e-07 4.0009357781074996e-07 7.896010879448035e-06 4.152661041845853e-06
167 9352 0.00042142540876566613 0 0 9.698359724126135e-07 1.2514906875416427e-07 6.679177298033722e-07 6.615813414688654e-07 3.885393998507907e-07 3.734270315812352e-07 7.467641484594658e-06 3.968327041505572e-06
168 9408 0.0004238316043747869 0 0 9.466191114683543e-07 1.190429459381842e-07 6.272081881514759e-07 6.584827697361494e-07 3.939585233477632e-07 3.59775065292505e-07 7.306821926275255e-06 3.850831372930551e-06
169 9464 0.00039294819837327403 0 0 8.280384539900005e-07 1.0380057568767489e-07 5.444178069705581e-07 5.836173530983397e-07 3.4392016928240613e-07 3.2117136011694494e-07 6.353417666612802e-06 3.3738911982073215e-06
170 9520 0.00033963493212431643 0 0 6.635861988043231e-07 8.573121617002055e-08 4.4814754635286095e-07 4.6989748541987e-07 2.862604647392402e-07 2.706281244086342e-07 5.24474704200529e-06 2.78354702548209e-06
171 9576 0.0003339142195546166 0 0 6.264701811248219e-07 8.13463101079691e-08 4.298253867877095e-07 4.4768711804945183e-07 2.793719469487207e-07 2.5684526409765835e-07 5.037559308632867e-06 2.6612631816855465e-06
172 9632 0.00026648798716425 0 0 4.813405168279715e-07 6.149484389968106e-08 3.228701737637444e-07 3.5664955039531257e-07 2.3571753335542203e-07 2.0573832535867158e-07 4.034548049127348e-06 2.127976129404008e-06
173 9688 0.00026617218756550773 0 0 4.732729481498472e-07 5.9298230250873874e-08 3.0292570650025587e-07 3.457916847614659e-07 2.2899047886530715e-07 2.0473770274377168e-07 3.792056985771438e-06 1.9964795161434722e-06
174 9744 0.00023844474733737355 0 0 3.933688641256465e-07 5.204452216205716e-08 2.5770009495249226e-07 2.89699817122901e-07 1.9415503648478232e-07 1.759299286404464e-07 3.182897237421845e-06 1.6986126295960413e-06
175 9800 0.00022276782951001487 0 0 3.549599243763914e-07 4.702706351553859e-08 2.375040773771362e-07 2.617846986151431e-07 1.7163689124176723e-07 1.5396040072719478e-07 2.891630075770015e-06 1.5412990727419572e-06
176 9856 0.00023419380928159307 0 0 3.663360430727296e-07 5.1791411272017477e-08 2.6985521198633975e-07 2.6808528624948033e-07 1.735252187086756e-07 1.587158657978424e-07 3.099684178397216e-06 1.6477043355577224e-06
177 9912 0.00024196527706166912 0 0 4.258308610378123e-07 5.5320092378511077e-08 2.822373588467357e-07 2.8984213809756113e-07 1.6825776242346796e-07 1.5660730934549797e-07 3.1157547750130077e-06 1.6525965824040889e-06
178 9968 0.00024649067619731 0 0 4.2638391087744893e-07 5.256864225089121e-08 2.6796553048297275e-07 2.9818381536634075e-07 1.7007146498023208e-07 1.5341571114161887e-07 3.0185943607193225e-06 1.60202630286422e-06
179 10024 0.00021346957684439263 0 0 3.5828213166218903e-07 4.3339078309372875e-08 2.2781244744636226e-07 2.4919170299463633e-07 1.4071594128669513e-07 1.2991393217175615e-07 2.530374300155468e-06 1.3360344540536903e-06
180 10080 0.00020852035548960492 0 0 3.452477541935813e-07 4.08283555594413e-08 2.1173350967561095e-07 2.389774551026154e-07 1.341539726933418e-07 1.1862363795743879e-07 2.4362537598727835e-06 1.275189718655718e-06
181 10136 0.0001875051208153887 0 0 2.8922214857782126e-07 3.439957650839579e-08 1.74376677662129e-07 2.0014209162423242e-07 1.1861895703818767e-07 1.0029233628048808e-07 2.0511716114480804e-06 1.0729264208464826e-06
182 10192 0.00017132523505227298 0 0 2.511892747611871e-07 3.0779844509526474e-08 1.5809254823310382e-07 1.7626338671021327e-07 1.0577011307805176e-07 9.076505212685631e-08 1.8437839778269822e-06 9.713379166204982e-07
183 10248 0.00016843362192953148 0 0 2.4564394689331323e-07 3.183525409718316e-08 1.6616959719694859e-07 1.7154978747421186e-07 1.0323141654168401e-07 8.876718411716237e-08 1.8487109256703375e-06 9.730391019652606e-07
184 10304 0.0001823146308183826 0 0 2.622476292491744e-07 3.716691178646673e-08 1.832874564526218e-07 1.8093477583033695e-07 1.1364099722954891e-07 9.459722922141659e-08 2.0353205562321144e-06 1.0699879082635205e-06
185 10360 0.00017722428700427307 0 0 2.4521671057668216e-07 3.5757288220017794e-08 1.804642574584551e-07 1.7356557897274522e-07 1.1277308382678322e-07 9.549259677308432e-08 1.9857200440131923e-06 1.0475677792592989e-06
186 10416 0.00015232213502495976 0 0 1.9943588543343128e-07 3.024886366749983e-08 1.5096156817326892e-07 1.413942677088363e-07 9.295847495438216e-08 8.18319542489387e-08 1.6738085719967185e-06 8.849100763019322e-07
187 10472 0.00014893839413442745 0 0 1.9562082419353657e-07 2.8414814063428322e-08 1.4542459913558265e-07 1.3921957072112052e-07 9.0817159818496e-08 8.19758790369637e-08 1.61486846514959e-06 8.580169045692797e-07
188 10528 0.00014783924474500346 0 0 1.8487377104783238e-07 2.820513330990515e-08 1.492868596066847e-07 1.3863771041169317e-07 9.183092287767507e-08 8.393469365103221e-08 1.703410532865268e-06 8.930134305900091e-07
189 10584 0.0001406775280984959 0 0 1.6781220527630074e-07 2.6943258212687513e-08 1.409689190258636e-07 1.2813267895028507e-07 8.4925323127598e-08 8.019276142192334e-08 1.5778592602136418e-06 8.325677017929006e-07
190 10640 0.000122233000442926 0 0 0.00011997661157836574 0.00011139823915299987 0.0001240300865676569 0.00011409833590164784 0.00011267003343807246 0.00011674875667952939 0.0001171402057588502 0.00011716581608861108
191 10696 0.0001295612627166597 0 0 0.0001279284403695499 0.00010806783738053922 0.00013644969390878514 0.0001137848652145524 0.00011039960760239437 0.00011845108999374266 0.00012694164174098982 0.00011860329080702351
192 10752 0.0001481869854239244 0 0 0.00015167502179945432 0.0001141029517341479 0.00014386510178191823 0.00012855697158189425 0.000123546680008725 0.00014496354322373156 0.000141788911098631 0.00013894202978678542
193 10808 0.00015322781095832523 0 0 0.00014693971067145445 0.00011145662196238456 0.00013526421565233622 0.00012465168219885864 0.00012098641338097933 0.00015639614474518486 0.00014001102271612775 0.00014373607737068505
194 10864 0.00013125662988251505 0 0 0.00012184612782149515 8.58062326192431e-05 0.0001123960879440957 9.794201933022243e-05 9.824619748206231e-05 0.00013390708280165047 0.00012174569278886513 0.00012148277519260986
195 10920 0.00011194065806889408 0 0 0.00010387372193164984 6.80734659183019e-05 9.401010289997764e-05 8.176973275310648e-05 8.489775108669116e-05 0.00010641415788372336 0.00010483351396604615 9.994605932299359e-05
196 10976 0.00010979303690341234 0 0 0.00010042935390143536 6.486368005472769e-05 8.626922308541502e-05 7.718976836454493e-05 7.958962323823424e-05 9.592634051133852e-05 0.00010070484803842234 9.385641382141098e-05
197 11032 0.0001016603192781213 0 0 8.737031529135903e-05 5.743366331770653e-05 7.473537539965626e-05 6.564163296801342e-05 6.828725991849416e-05 9.190156453749761e-05 8.764783696246686e-05 8.56279562006398e-05
198 11088 0.00010452242657109895 0 0 8.61598611479895e-05 5.659363903059164e-05 7.758415328888043e-05 6.005648329070761e-05 6.895867457222733e-05 9.815327233458997e-05 8.467008002195717e-05 9.223811054315598e-05
199 11144 0.00010295154592959611 0 0 8.35493228840264e-05 5.241721884011685e-05 7.20707445779353e-05 5.468770681411823e-05 6.401732575741226e-05 9.098890925616734e-05 8.002203447999086e-05 8.698458979862236e-05
200 11200 0.00010779028044242472 0 0 8.389901098464324e-05 5.405421228246784e-05 7.052038943180317e-05 5.60933927773309e-05 6.333987760703343e-05 8.964041630472115e-05 8.075410311019244e-05 9.143939898913993e-05
201 11256 9.026173196477732e-05 0 0 7.058239640335931e-05 4.046880130498778e-05 5.800134755707465e-05 4.778690673909075e-05 5.2369687661464494e-05 7.49927763820692e-05 6.463869993373083e-05 6.801850794942708e-05
202 11312 8.584392129682916e-05 0 0 6.745145069473098e-05 3.528360439107006e-05 5.540606608991073e-05 4.209558923665292e-05 4.8656611095170604e-05 6.963341015593786e-05 6.200424904511149e-05 6.807669040935797e-05
203 11368 9.184206479934537e-05 0 0 7.194389236321281e-05 3.5594041769803726e-05 5.6037374742801005e-05 4.540668317390985e-05 5.026942972587848e-05 7.262924813661638e-05 6.383878595469436e-05 7.154951902963633e-05
204 11424 8.604696108566234e-05 0 0 7.095898470094216e-05 3.269697330727867e-05 5.286048573115859e-05 4.5335859311471886e-05 4.485616607523471e-05 6.942604790505974e-05 5.597920665796016e-05 6.900552345186248e-05
205 11480 9.438420100116231e-05 0 0 7.056796830617891e-05 3.419215481738267e-05 6.22529939375704e-05 4.847577972599113e-05 5.102919594137491e-05 7.142350125336683e-05 5.602589072128824e-05 7.923766646634636e-05
206 11536 9.157054676933233e-05 0 0 6.834510109472363e-05 3.0652371104192214e-05 5.695578811144948e-05 4.981072409459945e-05 4.638957399917401e-05 6.753287273678704e-05 5.509924922746158e-05 7.872143309504231e-05
207 11592 8.25346316854529e-05 0 0 6.211744929147597e-05 2.5597061998368688e-05 4.999906400519924e-05 4.174659308186185e-05 3.965690677243323e-05 5.88531844239276e-05 4.670613070695176e-05 6.658727078931906e-05
208 11648 7.954751965012949e-05 0 0 6.15448713847542e-05 2.361888227881464e-05 4.5319896622389424e-05 3.860079141829229e-05 3.4650878645398655e-05 5.5232449348416477e-05 4.274641395831892e-05 6.594953858102761e-05
209 11704 6.992254699061846e-05 0 0 5.253232092721366e-05 2.081363627362465e-05 3.810074352450028e-05 3.443149927981447e-05 2.9295786907136836e-05 5.068433696107997e-05 3.6146075609918536e-05 5.654344967755145e-05
210 11760 6.331247274703342e-05 0 0 4.5979855716918096e-05 1.839774827597298e-05 3.5225458838702116e-05 3.0408888645706633e-05 2.8011339515629193e-05 4.302341947611873e-05 3.1048095547949115e-05 4.815166243151123e-05
211 11816 6.132391501895695e-05 0 0 4.508568541161564e-05 1.7192563391886963e-05 3.405301156204072e-05 2.8956039904822135e-05 2.7042588063745207e-05 4.05996365668802e-05 2.740069294669609e-05 4.791619082932542e-05
212 11872 6.287186435599982e-05 0 0 4.596289646439163e-05 1.692138046942781e-05 3.4023433339518954e-05 2.8269334591551246e-05 2.74395485124066e-05 4.054479451864941e-05 2.8826262165043314e-05 4.532907762772844e-05
213 11928 5.9731178851986804e-05 0 0 4.12143749699339e-05 1.6441194099242674e-05 3.188563024424507e-05 2.659128485824851e-05 2.712890712419871e-05 3.763175741223981e-05 2.5554220619492428e-05 4.135920427033472e-05
214 11984 6.038492280508718e-05 0 0 4.248853724812322e-05 1.6733423803797466e-05 3.179151593167121e-05 2.6458910880133984e-05 2.5594628949105148e-05 3.724805801310391e-05 2.4543171410535168e-05 3.882943001549185e-05
215 12040 6.10927494729195e-05 0 0 4.25849167608903e-05 1.5373713160134916e-05 2.964704169672162e-05 2.655610205188509e-05 2.5316655888555012e-05 3.7033085406566045e-05 2.4459420036439567e-05 3.9635286653572734e-05
216 12096 5.998192072111877e-05 0 0 4.289633893612746e-05 1.3999730215529988e-05 3.045556622178109e-05 2.4224058361429632e-05 2.3255810214322005e-05 3.625761217139117e-05 2.462332589414361e-05 3.811699572908065e-05
217 12152 5.6109673973683945e-05 0 0 3.7677777386190514e-05 1.2395898877923652e-05 2.8818026639808985e-05 2.109310209679528e-05 2.0521724206653823e-05 3.348914082317762e-05 2.2029937467283295e-05 3.559391835755641e-05
218 12208 5.426621595226069e-05 0 0 3.730895614601276e-05 1.1433373238042791e-05 2.7855064321505425e-05 2.0275321493129622e-05 1.8657420607881126e-05 3.059821428791234e-05 2.0108561558538654e-05 3.481295847094478e-05
219 12264 5.170045591711447e-05 0 0 3.643665154785294e-05 1.0645485750278268e-05 2.81920391851662e-05 1.9124645293368628e-05 1.694866692588e-05 3.129206010628413e-05 1.970045119699313e-05 3.2359022150796727e-05
220 12320 5.324241593324676e-05 0 0 3.597989398856265e-05 1.0854620309813504e-05 2.8815950987249622e-05 1.9273435210882815e-05 1.8202626710695194e-05 3.436027392626021e-05 1.9306681511287326e-05 3.290765097724538e-05
221 12376 5.539707944031833e-05 0 0 3.711522199880667e-05 1.1343051271205441e-05 3.0096018152029055e-05 1.8922973803231543e-05 1.8178165853253157e-05 3.968835953858706e-05 1.898417694556744e-05 3.381965883125393e-05
222 12432 6.069941619255681e-05 0 0 3.8647643013314955e-05 1.4546034404970212e-05 3.34032803226319e-05 2.14533784379296e-05 2.127784278301145e-05 4.161231484639432e-05 2.0570121720798088e-05 3.715795609674236e-05
223 12488 5.655780128373659e-05 0 0 3.59673178705396e-05 1.2872784561803375e-05 3.0730138816714876e-05 2.0171948042466024e-05 2.053307780361813e-05 3.558133601559444e-05 1.873949210260688e-05 3.263601265032129e-05
224 12544 5.56586007651246e-05 0 0 3.879585689609574e-05 1.2431750043586306e-05 3.149899277975607e-05 2.0085329607350472e-05 1.99617403865975e-05 3.473738958166269e-05 1.801795963438298e-05 3.155732142819713e-05
225 12600 5.565194155316812e-05 0 0 3.801514181639529e-05 1.3271165233972952e-05 3.1968279321395376e-05 1.9323728158307343e-05 1.97170565082738e-05 3.750567346424036e-05 1.8410044085223466e-05 3.404092195944963e-05
226 12656 5.498011837973828e-05 0 0 3.635914121319947e-05 1.3562981822520754e-05 3.142046857051156e-05 1.9593658660543215e-05 2.0760804860749786e-05 3.5773794451151665e-05 1.918153860043627e-05 3.2122807238334454e-05
227 12712 5.8385965753418375e-05 0 0 3.7277848707220424e-05 1.4610955326946694e-05 3.3580370676719164e-05 2.0561647735382893e-05 2.203524884307974e-05 3.678408262992543e-05 2.015708524206041e-05 3.543669896880527e-05
228 12768 5.7221674568071954e-05 0 0 3.4870127371556346e-05 1.3792119821973706e-05 2.9896051405203614e-05 2.0551899249714013e-05 2.0741069414499404e-05 3.5138362305834864e-05 1.921832563408839e-05 3.636122859844051e-05
229 12824 5.3988621243594306e-05 0 0 3.151993584622783e-05 1.3031740087902259e-05 2.6914752478173037e-05 1.8015820381163338e-05 2.0652534914153456e-05 3.076568376542805e-05 1.7593245317300337e-05 3.701077762338476e-05
230 12880 5.030393992941639e-05 0 0 2.8476090776320867e-05 1.1435101885681598e-05 2.4114323507636857e-05 1.6425610312844214e-05 1.828639892210478e-05 2.7649169042381468e-05 1.5430170308397945e-05 3.259374192795988e-05
231 12936 4.951781981075287e-05 0 0 2.5918136152542187e-05 1.1213503469650342e-05 2.2108046055775624e-05 1.54907927595682e-05 1.775991381553021e-05 2.5845398812088247e-05 1.530666700008328e-05 3.189395806156795e-05
232 12992 4.737981633594814e-05 0 0 2.6160796136357377e-05 1.0983497771793668e-05 2.128509788857328e-05 1.4074564631246124e-05 1.6357740471217544e-05 2.2490741801755902e-05 1.4779508505338005e-05 2.9159248792745045e-05
233 13048 4.9989776606451455e-05 0 0 2.83712740402275e-05 1.080926709177728e-05 2.1347663050096243e-05 1.5081000832510381e-05 1.676630179109144e-05 2.3720857925046692e-05 1.492782325946984e-05 2.8356710893969424e-05
234 13104 5.043272766457971e-05 0 0 2.674523665148373e-05 1.0717364313014402e-05 2.266750838706797e-05 1.4457887253555418e-05 1.6162062866912907e-05 2.437330180191381e-05 1.468478122914168e-05 2.6612087644682096e-05
235 13160 5.276923421610854e-05 0 0 2.761049925556057e-05 1.2517562913947054e-05 2.307416606104883e-05 1.5174068319095341e-05 1.6764962709595342e-05 2.5630563217615853e-05 1.538343029167871e-05 2.7577640067920822e-05
236 13216 5.027244186899901e-05 0 0 2.6351772778236556e-05 1.2149217321827819e-05 2.2721895845457974e-05 1.303837709349537e-05 1.4695204909376944e-05 2.2532124821814076e-05 1.4691291965137043e-05 2.588820319708244e-05
237 13272 4.696345301393415e-05 0 0 2.533522844637148e-05 1.1659119876468255e-05 2.071788820473158e-05 1.2568590119727104e-05 1.3603360180180821e-05 2.0906294438798097e-05 1.4098833551392514e-05 2.3341315149593588e-05
238 13328 5.161070400421961e-05 0 0 3.086038600173158e-05 1.2733011827293898e-05 2.3358857189290867e-05 1.359832303337976e-05 1.481627745091678e-05 2.5275027842166602e-05 1.5320543208159286e-05 2.4885162143824043e-05
239 13384 5.499298694075062e-05 0 0 3.0867668842413895e-05 1.4036107194148237e-05 2.3441781466010746e-05 1.4129650310900453e-05 1.5624322771402838e-05 2.5815147645562344e-05 1.5693561892862385e-05 2.6295399503144072e-05
240 13440 6.202925906735593e-05 0 0 3.7635253396611976e-05 1.7815830989099707e-05 3.1043833959761173e-05 1.552978976037364e-05 1.7096594737788105e-05 3.0535742185938146e-05 1.6761077474720972e-05 3.172426810296069e-05
241 13496 5.748557616946381e-05 0 0 3.5434185633051546e-05 1.650605384967192e-05 2.8383911289294052e-05 1.5032066116069348e-05 1.588410635684042e-05 2.938486687608598e-05 1.4323948881301013e-05 2.8838578836318826e-05
242 13552 5.183461895724762e-05 0 0 3.057652683950571e-05 1.5147928283024371e-05 2.529180021858268e-05 1.3798502492909674e-05 1.3774495526886797e-05 2.506763127678398e-05 1.2835115568450312e-05 2.5839391205964227e-05
243 13608 5.5952452753603714e-05 0 0 3.861985750477508e-05 1.762187687739168e-05 3.16708657193618e-05 1.5258739450542422e-05 1.5114001709903716e-05 2.6975851038317134e-05 1.4552541156524137e-05 2.8642323125674944e-05
244 13664 5.930644470507032e-05 0 0 4.2635593232123616e-05 1.7950025987247808e-05 3.619708634840501e-05 1.5769273540379056e-05 1.564466570244626e-05 2.921367672244742e-05 1.6235882725022668e-05 2.978770549021446e-05
245 13720 5.3298514067406295e-05 0 0 3.7903443336238434e-05 1.7163486932347147e-05 3.4113170457056764e-05 1.5194942422161139e-05 1.347835244681368e-05 2.5129444531202904e-05 1.3677027812264764e-05 2.8410375192537592e-05
246 13776 4.6240532805781216e-05 0 0 3.0681346249946066e-05 1.393723639805178e-05 2.8081838135010513e-05 1.2080788861190519e-05 1.1653803553809706e-05 2.0835779539949366e-05 1.1040409595184868e-05 2.3277968061107358e-05
247 13832 4.723964186008982e-05 0 0 3.259391045529499e-05 1.4372552512646565e-05 3.0588581433369285e-05 1.292339665400965e-05 1.2733400510975947e-05 2.079989051656489e-05 1.0873058096225861e-05 2.4133720973976918e-05
248 13888 4.220377766475399e-05 0 0 2.9305412110543033e-05 1.336717723188658e-05 2.7522816713143758e-05 1.1684053153795357e-05 1.2425046978037116e-05 1.7436534904831868e-05 1.009655843394059e-05 2.220506888337047e-05
249 13944 4.267371316996556e-05 0 0 3.0010483173656405e-05 1.328468721250438e-05 2.702521346381806e-05 1.1351520791544613e-05 1.2142989602222489e-05 1.6888685407386488e-05 1.023322531511852e-05 2.240735725842034e-05
250 14000 4.726025432470776e-05 0 0 3.184104735137764e-05 1.4037442554026672e-05 2.9144571021225405e-05 1.3532339707559497e-05 1.5320381973151123e-05 1.9021848070181754e-05 1.0611034791204794e-05 2.332018939695811e-05
251 14056 4.411167750691338e-05 0 0 2.8836619646381816e-05 1.2498872162244186e-05 2.6536509778532245e-05 1.2881997904950061e-05 1.4667922886036023e-05 1.8112674782361632e-05 9.945860950581556e-06 2.1150488226838907e-05
252 14112 4.388106015363489e-05 0 0 2.857365446423183e-05 1.176494213232041e-05 2.5573255857938e-05 1.2791279603495105e-05 1.4070919487038757e-05 1.966548567517442e-05 1.017122279715625e-05 2.040809734031917e-05
253 14168 4.4129016576007437e-05 0 0 2.9413495296023024e-05 1.1717390926461185e-05 2.428266190681793e-05 1.4725323989449664e-05 1.4483421180582801e-05 1.9339304326448687e-05 1.0196185846492118e-05 1.9377796040166657e-05
254 14224 4.963757154184424e-05 0 0 3.321257977149145e-05 1.4943007729681382e-05 2.9592990650794345e-05 1.8312353324893943e-05 1.8647965202399664e-05 2.2670681422141818e-05 1.1163002861703755e-05 2.272464542074234e-05
255 14280 5.063405300546377e-05 0 0 3.243919585098002e-05 1.5140095543171449e-05 2.9034687889722303e-05 1.8730436254809887e-05 1.9416838512446403e-05 2.2778214700805933e-05 1.0785161212509938e-05 2.2323492051116167e-05
256 14336 4.950120479911631e-05 0 0 3.184668969105159e-05 1.431825767318626e-05 2.8491375330200617e-05 1.7823144616056606e-05 1.8692337868935805e-05 2.2804422642256093e-05 9.976071008737307e-06 1.976108613249599e-05
257 14392 5.053584495706781e-05 0 0 3.211323982386119e-05 1.425090439229857e-05 2.821340480509414e-05 1.8814302165386082e-05 1.9296073381580404e-05 2.289060452925237e-05 9.569853627530449e-06 1.9016869302829718e-05
258 14448 4.9733512069634565e-05 0 0 3.214048082534802e-05 1.3828161873179215e-05 2.8096422527854525e-05 1.860299599519408e-05 1.9591920494042323e-05 2.078836607982544e-05 9.157917545698688e-06 1.7676224645867448e-05
259 14504 5.9955210939205784e-05 0 0 4.097922346861476e-05 1.6741801999023488e-05 3.430274079683559e-05 2.256131579743293e-05 2.2785810369183473e-05 2.3921729705740365e-05 1.0911750441971535e-05 2.4285052546898187e-05
260 14560 5.8810645699443174e-05 0 0 3.8314724701193464e-05 1.548824792181749e-05 3.3293586459815966e-05 2.135431575561936e-05 2.2075837814337436e-05 2.565712666279219e-05 1.0343000186601061e-05 2.370758992592207e-05
261 14616 6.386179603391206e-05 0 0 3.979592745248145e-05 1.700815126188544e-05 3.492196863523609e-05 2.4796612284525728e-05 2.453996731038151e-05 2.8826040835966425e-05 1.1504507667492297e-05 2.6169433971976572e-05
262 14672 6.705487125688136e-05 0 0 4.2806586189007304e-05 1.8394186745252485e-05 3.776552207101919e-05 2.6212255140056657e-05 2.6328978176213063e-05 2.8499698248507126e-05 1.1608632391667691e-05 2.687811192977837e-05
263 14728 6.598353164965012e-05 0 0 4.165576592352948e-05 1.7572131046243752e-05 3.558945409739054e-05 2.5703713168670045e-05 2.5585978236621586e-05 2.671034696641804e-05 1.0870599366175089e-05 2.6288802803572432e-05
264 14784 6.94393272906752e-05 0 0 4.199955810590541e-05 1.7161700692510206e-05 3.56064054856546e-05 2.5557076560199186e-05 2.616949909761936e-05 2.765172435212646e-05 1.0753102633211376e-05 2.6884073095161338e-05
265 14840 7.94563151179409e-05 0 0 5.136826088293613e-05 1.8841090182353896e-05 4.030347832583944e-05 2.9174763839282158e-05 2.892444753590533e-05 2.972868221912998e-05 1.2485994388452256e-05 3.421863224672714e-05
266 14896 9.508433944941782e-05 0 0 5.758166927172837e-05 2.1720296085714766e-05 4.6543317502819966e-05 3.758610582215902e-05 3.7011382062522856e-05 3.691740630070334e-05 1.6197320713001913e-05 3.882843483208031e-05
267 14952 9.761965532967963e-05 0 0 5.8675078074239825e-05 2.1593153870143045e-05 4.692246659358743e-05 3.801275621241534e-05 3.624789320893265e-05 3.770390535222721e-05 1.5597613202482562e-05 3.8697155759049056e-05
268 15008 9.256926862767472e-05 0 0 5.249942825723106e-05 2.0151515952978313e-05 4.147839884184533e-05 3.376937482912397e-05 3.27837519736687e-05 3.441021669430455e-05 1.4203211467884119e-05 3.516256113017788e-05
269 15064 0.00010018791808704245 0 0 5.740264221260422e-05 2.230226610764772e-05 4.5594959723978055e-05 3.426792426036961e-05 3.452529161820139e-05 3.634076727158033e-05 1.4636808663496768e-05 4.2204942335474305e-05
270 15120 0.00010078838759248031 0 0 5.485519663254407e-05 2.2726746376506134e-05 4.446688519774435e-05 3.310995281280825e-05 3.362871053573586e-05 3.624107151746076e-05 1.4940466349848249e-05 4.154039026352034e-05
271 15176 0.00010855277835149837 0 0 5.6108181176449066e-05 2.2989726428283672e-05 4.627848940892272e-05 3.4620542747199455e-05 3.437675211574649e-05 3.925733745331334e-05 1.5592485253182782e-05 4.2420111535516626e-05
272 15232 0.0001090518505701749 0 0 5.3934294610915344e-05 2.139664868348763e-05 4.292075708690554e-05 3.7306174088250324e-05 3.469772310711872e-05 3.650648932972437e-05 1.555722568822082e-05 4.371671776885923e-05
273 15288 0.00010962053692532127 0 0 5.478005887322156e-05 2.0969758021296545e-05 4.378117275465956e-05 3.545536478043322e-05 3.2879419735315056e-05 3.483683714784192e-05 1.4922373490097972e-05 4.091750331991302e-05
