% # columns="iteration, evaluation, sigma, axis ratio, bestever, best, median, worst objective function value, further objective values of best", seed=212007, Fri Mar 28 13:32:18 2025, <python>{}</python>
1 56 0.4662652174024498 1.0000437509570452 23.956952097291587 2.3956952097291587e+01 339.88880989224594 11322.015268068637   
2 112 0.4253101504410175 1.2366805497007145 21.05600072319951 2.1056000723199510e+01 53.69669172654183 6366.996320250051   
3 168 0.4120352574290576 1.2991257627915993 21.05600072319951 2.1572271881421212e+01 24.411654980096444 1008.5443153058606   
4 224 0.38905986200301645 1.4437322039939429 21.05600072319951 2.1216316305207002e+01 23.673514048151166 1267.8928792634404   
5 280 0.34449558017923865 1.5933018218924988 20.974529511978854 2.0974529511978854e+01 23.542027265421975 1837.135020340976   
6 336 0.36284715563225295 1.7982737531943287 20.929845397708657 2.0929845397708657e+01 23.350403200728298 314.5995962366764   
7 392 0.3707204123491557 2.20348484382001 19.65739002588691 1.9657390025886912e+01 22.73911278463978 344.29451086626136   
8 448 0.3789237957239595 2.331408048541854 19.65739002588691 2.0186756830641727e+01 23.058478302482794 1345.2927584064344   
9 504 0.3584894003890101 2.559315005828858 19.65739002588691 2.0538214258479790e+01 22.321365717844355 3984.344529881564   
10 560 0.34755904536868265 2.854940279967912 19.65739002588691 1.9901630803835300e+01 22.184914507883583 920.618969372334   
11 616 0.3376435858856557 2.9027460696414598 19.633586336396693 1.9633586336396693e+01 22.114493657149875 932.0940497755348   
12 672 0.31853152068312085 3.1167004735745705 19.576361073641856 1.9576361073641856e+01 21.71984235832454 267.86909387475475   
13 728 0.3592042201056473 3.350544632195667 19.24985872162318 1.9249858721623180e+01 21.68299365147958 39.64173286718153   
14 784 0.37435953531646415 3.4285766178525168 19.24985872162318 1.9512983153968172e+01 22.035165980364017 380.8182052517676   
15 840 0.33277321991355935 3.5135059471598136 19.24985872162318 1.9405700281190530e+01 21.7232512632233 705.1095673670213   
16 896 0.3068653216463158 3.8655320430024487 19.24985872162318 1.9303478998397889e+01 21.314829433024943 189.79008563051264   
17 952 0.3120558575774123 3.963799533198455 19.14395104183708 1.9143951041837081e+01 21.004642141563462 75.01192636273512   
18 1008 0.2688127610488101 4.559228055755113 19.14395104183708 1.9370935912379750e+01 20.7414594514635 50.341318124482044   
19 1064 0.25211719901418533 4.841633802383281 19.14395104183708 1.9147183463607739e+01 20.222776727053642 33.512992882559466   
20 1120 0.25305555357213627 5.30613336619528 19.023814774362737 1.9023814774362737e+01 20.088943259717823 68.199406482022   
21 1176 0.2729004592763981 6.723166454057426 18.915006921381437 1.8915006921381437e+01 19.712300077592413 26.56613212695831   
22 1232 0.30208068402609506 6.908785958952792 18.915006921381437 1.9011701100993367e+01 19.644087049624375 42.4042335596112   
23 1288 0.2889105535353947 7.820633561705349 18.915006921381437 1.9114547521378924e+01 19.967697165002527 130.92005312436243   
24 1344 0.2977370154934132 7.960704511611551 18.915006921381437 1.8994576330293246e+01 19.451995653405536 56.201906888080885   
25 1400 0.27971124848850776 8.020048219171219 18.880049971536312 1.8880049971536312e+01 19.440716096457884 20.554686845091865   
26 1456 0.24188691174452945 9.043149935080937 18.862644282216355 1.8862644282216355e+01 19.38935689253377 202.36455229279056   
27 1512 0.21840387974780845 9.101055344300628 18.856439461633396 1.8856439461633396e+01 19.181238632274127 32.11658283572709   
28 1568 0.22189822677467197 9.344606728107868 18.856439461633396 1.8874718194176658e+01 19.015244760249104 19.53790013871674   
29 1624 0.2191588432082319 10.170818749741214 18.79256505666115 1.8792565056661150e+01 19.099026555365416 25.156975861629817   
30 1680 0.22726209362483032 10.658001948412792 18.79256505666115 1.8842240193266264e+01 18.965662034474043 23.28283929212129   
31 1736 0.22224201994834025 10.46317352868287 18.79256505666115 1.8828750745206598e+01 19.023852226321836 32.98961877838109   
32 1792 0.1991603074105587 10.489691465667349 18.79256505666115 1.8825025693059732e+01 18.977082514031302 21.482189762835723   
33 1848 0.17458378143775108 9.991838612264734 18.79256505666115 1.8798827638770483e+01 18.90418234275904 19.26165810073182   
34 1904 0.18276102286515394 9.999103805481665 18.778725996748328 1.8778725996748328e+01 18.852899327358756 19.62138899919884   
35 1960 0.19088999176884944 11.058084274921587 18.765815939330935 1.8765815939330935e+01 18.840984634093022 19.07995480211438   
36 2016 0.18478729117999465 11.808502781027364 18.765815939330935 1.8781596589393153e+01 18.845028762765985 19.666452138532232   
37 2072 0.19599506505523875 12.310185984536401 18.765815939330935 1.8785683739566558e+01 18.824300129704483 19.408663814449557   
38 2128 0.18161375681346134 14.031064026473372 18.765815939330935 1.8765994958018101e+01 18.829510350229157 19.42119580064608   
39 2184 0.17717747760141256 14.41547899027871 18.761985596013957 1.8761985596013957e+01 18.815969719969107 19.082403206307237   
40 2240 0.1630727962333711 14.432191182508713 18.76135156771112 1.8761351567711120e+01 18.802693430985855 19.21897780154247   
41 2296 0.17599136469047227 14.696407067415304 18.758384851375535 1.8758384851375535e+01 18.790170999664678 19.000856270339277   
42 2352 0.17638565474518053 14.62084641066186 18.752158826369406 1.8752158826369406e+01 18.785131955786042 19.777519594227307   
43 2408 0.16195918598807948 15.13194214122168 18.752158826369406 1.8762422313699091e+01 18.78602380234114 19.22563886167811   
44 2464 0.14852928501612483 14.74994310251243 18.752158826369406 1.8756075546053992e+01 18.784650099277563 19.092504883437023   
45 2520 0.15065167275941183 15.573161583647193 18.752158826369406 1.8753394849832517e+01 18.77180858339997 18.928821140957954   
46 2576 0.15004094826450565 15.455949588392302 18.752158826369406 1.8752748801649023e+01 18.767212892605837 18.809467033752284   
47 2632 0.14992767575625962 15.244098597962632 18.750112006848063 1.8750112006848063e+01 18.767400919712163 19.11496162813532   
48 2688 0.1400114117377661 15.258890852450449 18.749478476997524 1.8749478476997524e+01 18.762808167454104 18.88156126142405   
49 2744 0.14473047002916956 14.108084133397117 18.745447381240645 1.8745447381240645e+01 18.75864140258623 18.93368300055169   
50 2800 0.15237007133176775 15.453267964015923 18.745447381240645 1.8746683146686525e+01 18.757617679630517 18.80791784106574   
51 2856 0.1423506151864414 19.024561185993413 18.745447381240645 1.8746174360759333e+01 18.757463518110786 18.812005118177982   
52 2912 0.13215671675402685 18.873939469803332 18.744899658566148 1.8744899658566148e+01 18.75375098477727 18.786966515795847   
53 2968 0.14362635649251357 19.95455196149713 18.744108960440286 1.8744108960440286e+01 18.75251391979323 18.76930095207716   
54 3024 0.12805376988963196 21.824607357044073 18.743583990083813 1.8743583990083813e+01 18.75244235119691 18.83195470262459   
55 3080 0.11773682824332464 22.20908892649049 18.743583990083813 1.8744134096360433e+01 18.749518942161604 18.778062206305506   
56 3136 0.11159532901069849 22.947564833406034 18.742872938912004 1.8742872938912004e+01 18.74776307190857 18.76238828567624   
57 3192 0.1107074636642606 23.15578309339065 18.742348764638837 1.8742348764638837e+01 18.74623099660579 18.765675511414923   
58 3248 0.10471310037766203 24.185427262201785 18.74109720280294 1.8741097202802941e+01 18.74550426878033 18.75600729271004   
59 3304 0.0946300208660144 25.406834653107385 18.74109720280294 1.8742076854715322e+01 18.744814072828074 18.74812891788839   
60 3360 0.09646772828592637 25.594328180846404 18.74104788842949 1.8741047888429492e+01 18.74356791497629 18.747859219453407   
61 3416 0.09005307677105108 24.388767779693758 18.74104788842949 1.8741567606996352e+01 18.74275910223106 18.747504325704565   
62 3472 0.08540771939105504 23.609892232179398 18.74084364857667 1.8740843648576671e+01 18.742953015121376 18.752824847637463   
63 3528 0.08267776836878517 23.927444364865877 18.740542682517777 1.8740542682517777e+01 18.742322387358488 18.74633818316303   
64 3584 0.0871502721917229 24.991712789618536 18.74038471961985 1.8740384719619851e+01 18.742391907437643 18.745252455386442   
65 3640 0.08458517731346248 23.39671515409568 18.74038471961985 1.8740635702207996e+01 18.741895854576295 18.75075010615482   
66 3696 0.08463432333172735 24.408168936413738 18.740161666148534 1.8740161666148534e+01 18.741532451015054 18.74337428230711   
67 3752 0.07875696151889518 23.648024070283665 18.740161666148534 1.8740385396818901e+01 18.741411112095633 18.743823148498375   
68 3808 0.06649917555961327 22.954752677627695 18.740161666148534 1.8740174725354592e+01 18.741127731264072 18.743465180340632   
69 3864 0.06648376210118646 21.20773490541519 18.739929918276673 1.8739929918276673e+01 18.740606270784124 18.741735906084113   
70 3920 0.0635269533642981 19.634738582757837 18.739929918276673 1.8739991683497657e+01 18.740579568172894 18.741695783381843   
71 3976 0.06134616500604201 18.491681738170264 18.739929918276673 1.8739969625001788e+01 18.74042116265919 18.74157425271288   
72 4032 0.05816488011511586 19.40268203076301 18.739889015358735 1.8739889015358735e+01 18.740363380119902 18.7428119191399   
73 4088 0.05776608094153831 21.13184044149824 18.739889015358735 1.8739890296744719e+01 18.740335379565114 18.741406738262963   
74 4144 0.05583763133378396 22.362526880200367 18.739838808405587 1.8739838808405587e+01 18.74019728302583 18.741050450456616   
75 4200 0.04990724032697222 22.865948855029977 18.739838808405587 1.8739854841678689e+01 18.740153563973944 18.74062233031183   
76 4256 0.04983106676183102 24.87543354914649 18.739793108384543 1.8739793108384543e+01 18.739979080331157 18.740409285570546   
77 4312 0.045624886602078384 22.813588255843904 18.739759866814268 1.8739759866814268e+01 18.73997050653664 18.740807339784745   
78 4368 0.04240917085561141 23.22023960162741 18.73973643076902 1.8739736430769021e+01 18.739914093321712 18.740312625971402   
79 4424 0.04011544474865592 23.04062856294671 18.73968783331748 1.8739687833317479e+01 18.7398550967276 18.740150391007045   
80 4480 0.03767159994602769 22.75367008948654 18.73968783331748 1.8739707501094223e+01 18.739850609394438 18.740163846822085   
81 4536 0.033872149981046214 22.330821935758518 18.73968783331748 1.8739719373405350e+01 18.73980921123502 18.74016728684798   
82 4592 0.03257927531315984 22.934755874325603 18.73968783331748 1.8739694887200944e+01 18.73977614776807 18.739932254791015   
83 4648 0.03199571984081654 25.807059049857948 18.73968783331748 1.8739707903976839e+01 18.739757263690603 18.73988322390942   
84 4704 0.03199680940605026 27.785067018777053 18.73968783331748 1.8739700996738126e+01 18.739759350038206 18.739884814787576   
85 4760 0.029944803257198036 28.668497361311967 18.73968783331748 1.8739702342129043e+01 18.739748811963686 18.73982520924872   
86 4816 0.030255042304412734 33.29217530507316 18.73967579071427 1.8739675790714269e+01 18.739731528635257 18.73983605935693   
87 4872 0.030892539527782887 36.686855312717995 18.73967579071427 1.8739679991404817e+01 18.739718470648118 18.739803732548722   
88 4928 0.028827162512730972 39.01188413780342 18.73967403764772 1.8739674037647720e+01 18.73971845715704 18.739846650765237   
89 4984 0.027506255435276968 38.89982453490457 18.73967403764772 1.8739685192617298e+01 18.73971468298854 18.73979971719128   
90 5040 0.02632322230046355 41.240270305843154 18.73967403764772 1.8739676415866107e+01 18.739699990723512 18.739757810318043   
91 5096 0.030614544658163323 43.57255302532438 18.739672646896665 1.8739672646896665e+01 18.7396961139115 18.739746917182007   
92 5152 0.025983911216213018 46.196480261108825 18.739663916607782 1.8739663916607782e+01 18.739698604387392 18.739763836371218   
93 5208 0.02493924774976188 48.229962055671436 18.739663916607782 1.8739667754976544e+01 18.739688695967963 18.739730143987302   
94 5264 0.0249018511078664 49.70986523726274 18.739663916607782 1.8739669620957283e+01 18.739684144046894 18.739727958737397   
95 5320 0.02274653579521854 48.07310360760743 18.739663916607782 1.8739665239331988e+01 18.73968223582059 18.73974629341027   
96 5376 0.021146288380469395 51.36177495116268 18.739662811422832 1.8739662811422832e+01 18.73967919560562 18.73970569994474   
97 5432 0.02207347664319051 59.27722676198412 18.739661168256696 1.8739661168256696e+01 18.739673320136827 18.7397087181181   
98 5488 0.023413495874751233 61.885903789959954 18.739658185912308 1.8739658185912308e+01 18.739672328636054 18.739699044008855   
99 5544 0.02299924863875907 60.87275295580938 18.739658185912308 1.8739661070283109e+01 18.73967398321432 18.73970475475511   
100 5600 0.023040610533934434 60.07268873551811 18.739657958783692 1.8739657958783692e+01 18.73967161630491 18.739690066107002   
101 5656 0.02165252959084575 61.561808074595554 18.739657958783692 1.8739661055483655e+01 18.739669387602152 18.739704509804163   
102 5712 0.020504628039679663 63.44194863876393 18.73965670733513 1.8739656707335129e+01 18.73966753625743 18.739700047563364   
103 5768 0.018746754570933194 63.292629600072175 18.73965670733513 1.8739657033396107e+01 18.73966620452702 18.739688864512097   
104 5824 0.016651306989751796 66.97493110397713 18.73965670733513 1.8739656866995379e+01 18.739663472969497 18.739677031289073   
105 5880 0.014784007869334719 71.71973222263213 18.73965670733513 1.8739656787914775e+01 18.739660866270725 18.739674876691744   
106 5936 0.014126125513219914 71.4656822149536 18.73965635531198 1.8739656355311979e+01 18.739659665107656 18.73966657041404   
107 5992 0.014236001346264996 75.73507519988434 18.739655839082673 1.8739655839082673e+01 18.739659356780745 18.739665388213805   
108 6048 0.012726113609835412 79.79051669623809 18.73965500596383 1.8739655005963829e+01 18.73965870722107 18.739668148597644   
109 6104 0.01236500511926629 86.31734898800399 18.73965448515527 1.8739654485155270e+01 18.739657791694142 18.739665696284515   
110 6160 0.011506089383680872 83.93386241905145 18.73965448515527 1.8739654732678947e+01 18.739657596512153 18.739665763533193   
111 6216 0.009592163234028618 83.43876295609742 18.73965448515527 1.8739654709226826e+01 18.739656726389907 18.73966021811639   
112 6272 0.009011777363575129 86.63009190503234 18.73965448515527 1.8739654671441510e+01 18.739656301465466 18.73965833065322   
113 6328 0.008096938719038176 89.01406796111095 18.73965428250794 1.8739654282507939e+01 18.73965589436781 18.739659416939247   
114 6384 0.0086768838234734 96.32095752752568 18.73965415530662 1.8739654155306621e+01 18.739655319549733 18.739659551767552   
115 6440 0.008456643909498435 113.65252713694656 18.73965408306943 1.8739654083069428e+01 18.739655079810074 18.739660888170892   
116 6496 0.008096409638624577 124.45056822145499 18.73965408306943 1.8739654139716723e+01 18.73965519137298 18.739658357458072   
117 6552 0.007788642549675852 126.57523476711393 18.739653869337324 1.8739653869337324e+01 18.73965476316521 18.73965599012621   
118 6608 0.006968718197201884 137.0781848113592 18.73965383993702 1.8739653839937020e+01 18.73965473105696 18.739659228570062   
119 6664 0.006908302759800575 138.22319546519856 18.73965371327411 1.8739653713274109e+01 18.73965442279074 18.73965864142785   
120 6720 0.006902543878025264 145.541763168831 18.739653567343193 1.8739653567343193e+01 18.73965431178301 18.739656752815186   
