% # columns="iteration, evaluation, sigma, void, void,  stds==sigma*sigma_vec.scaling*sqrt(diag(C))", seed=231022, Fri Mar 28 13:16:34 2025, <python>{}</python>
1 56 0.4308478638677116 0 0 0.38776784483527327 0.3836386925578083 0.4031514404881039 0.38414644733306097 0.42498476135435315 0.38591396017005275 0.42700094563297614 0.41204749233842747
2 112 0.4198134962541732 0 0 0.3582092536778377 0.33937336088993914 0.3759717076389478 0.369364834243723 0.38264502825969526 0.3451385400416399 0.37872617191991625 0.39380269941919555
3 168 0.38984671274160754 0 0 0.3180015008583482 0.28384252651489605 0.344365271550535 0.33230242035846025 0.33377049660443486 0.30352021763820913 0.3450170054765259 0.34862772836924855
4 224 0.41244465056040147 0 0 0.35371639524697523 0.26544794685188916 0.3593584460849946 0.37213737526160046 0.3352488470467683 0.29794906895445505 0.34793039981784835 0.35876565654190606
5 280 0.39612713721966003 0 0 0.3223079854951172 0.2407300425812856 0.3252598941668935 0.3440533971612 0.3104083141899116 0.2764463004508469 0.31252064883168235 0.32020295166876245
6 336 0.37710859814116166 0 0 0.2851860441198556 0.21996431724481696 0.30727174734608037 0.3063881568720055 0.26951197771483865 0.2586250312877309 0.28325413869945215 0.28030899105748536
7 392 0.32835204250063205 0 0 0.23746158757478897 0.1721424394022113 0.24496702834097364 0.24665620154936527 0.22211299757466868 0.20043360232015103 0.23331351105833686 0.23236441600351768
8 448 0.37027116086778933 0 0 0.26157319657514955 0.17675305638959654 0.28603745575132866 0.2578382173832082 0.2593363637711511 0.21927201326895185 0.2607572072251029 0.28737089779613345
9 504 0.3391317333274009 0 0 0.2363282836307408 0.1432998550240121 0.24798942373963714 0.21403579768462236 0.23813841424983145 0.1876357507602666 0.24151869544501828 0.262391890422595
10 560 0.3128718812439319 0 0 0.21673129543886435 0.12421169284328935 0.2246044602155098 0.1833000385941821 0.2164544035716746 0.1650006050252822 0.20638466614902448 0.24008404515882495
11 616 0.3182825676765003 0 0 0.21961854231849948 0.12501442286478123 0.21418241962089368 0.20252722640125526 0.22536774832225073 0.1663628412003353 0.19983003821069353 0.25732601744551137
12 672 0.356626246632316 0 0 0.24032673775625651 0.14555115798309085 0.21785751504317039 0.22448766671960801 0.25440107223151787 0.20384231704773764 0.22104874480583447 0.29457550056144766
13 728 0.39750109341790096 0 0 0.28743486656425465 0.15556807435536701 0.23546859124199782 0.2261880816643591 0.260540871184609 0.21383772262132025 0.2474863015788002 0.3366112430534903
14 784 0.39996516979597024 0 0 0.2646520286406889 0.1456816075841728 0.22863808743292066 0.2129167952141967 0.2470754428971469 0.19708587663484337 0.26217135540811287 0.3329512764644713
15 840 0.41149207326343007 0 0 0.27270503072740215 0.14074066025138302 0.24386017833573145 0.2078241417181964 0.23457984317528155 0.199853094260812 0.2503444637573949 0.32821820625760345
16 896 0.39909083573815335 0 0 0.24770605516968003 0.12675618866601357 0.22226132505984958 0.18457970748381372 0.219373281098699 0.1871595337915415 0.23586375440296323 0.310080103540859
17 952 0.36914627740264594 0 0 0.21923048292229474 0.10811030859780854 0.19321366725451442 0.1607029078103254 0.19175879847341418 0.16204609966158762 0.2182083112048892 0.2846125371217402
18 1008 0.33556599354923594 0 0 0.19878430036709976 0.0909892221019104 0.15792787836328548 0.13793784275785587 0.15581562131218846 0.1375906904630604 0.19150316663050304 0.2543627086872743
19 1064 0.3165997694917593 0 0 0.1832108497987574 0.07580004680795686 0.14655739002116536 0.12579928998913573 0.13441950550604734 0.11836815174955703 0.17088214134740515 0.22534553847600503
20 1120 0.30398591784836854 0 0 0.1652129350168891 0.06936641135580382 0.13719115731166584 0.11685250114153282 0.12003448863276518 0.1044302352354847 0.1532124221146072 0.1974532938169797
21 1176 0.2827134917982294 0 0 0.14158422714816443 0.059345755961861875 0.1298186342199479 0.10828684847490024 0.10767384434821498 0.08690499484324134 0.13488500382903365 0.16761062502191737
22 1232 0.2720782845295349 0 0 0.13186107682332357 0.05156000347255289 0.12345618175149127 0.10367876174823765 0.0987463468891956 0.074137634634257 0.12664580427940544 0.1499422735967046
23 1288 0.25994340911979974 0 0 0.1183311805679262 0.04611661433617354 0.1117655890191758 0.09780783198893007 0.09011706284380448 0.06536533542690585 0.11868560477991348 0.1333778050986103
24 1344 0.2486831620482174 0 0 0.11783926724278113 0.039028984459363494 0.10215657788919248 0.0927486257124648 0.08334426750427255 0.055020933751477825 0.10483555840138754 0.12453563623567752
25 1400 0.2686400344175561 0 0 0.12594175578672898 0.03802573058571339 0.11459431813315644 0.09914589716007963 0.08376133674641603 0.0565086690790375 0.10911961352321127 0.13319487679794056
26 1456 0.26274570080025295 0 0 0.11679346505364045 0.03231334739182263 0.11593286772463358 0.09764547607561469 0.07626642485568415 0.047427413938173464 0.11206559558944279 0.12085428862219386
27 1512 0.24330303864743982 0 0 0.10851642282254907 0.02781964207215457 0.1053540016469705 0.09161452387948212 0.06651737767311104 0.04064513377063022 0.1038297097623557 0.10605873989835292
28 1568 0.22259683161103738 0 0 0.0939072141386341 0.02361340045759014 0.09542456473178668 0.08253034043937552 0.056910864216284225 0.03605646483685233 0.09529654244581696 0.09227648917912981
29 1624 0.21059034794522802 0 0 0.09023266988832493 0.02003577984265475 0.08941116063640321 0.08003502143710675 0.05400333863298915 0.03091880923284486 0.08790610922365862 0.0849794387689138
30 1680 0.19825013688108775 0 0 0.08694841219936743 0.01721448445700507 0.07985946606823202 0.07393187997508498 0.051973924489024576 0.0259321971294486 0.0812872371285574 0.07504260916029548
31 1736 0.21712567410471978 0 0 0.08869570211468375 0.017591102240614376 0.08719291599776381 0.07777001728419561 0.05826956448519447 0.025296122963012074 0.09526825333272675 0.07936979408884494
32 1792 0.23286881056335693 0 0 0.09023766766544553 0.01796948133748985 0.0919161899745268 0.08201648014358187 0.05877654962962612 0.024055911259165286 0.09969707898109614 0.07885606914605307
33 1848 0.24731906472158396 0 0 0.09021420099482778 0.01787321658142281 0.09300900232572328 0.09058723598076195 0.06047605445930644 0.02482986401263 0.1000470090839918 0.08073904355983304
34 1904 0.24638470754933334 0 0 0.08811131629436762 0.016800805763764037 0.08382558635767764 0.08602651745572601 0.05419584105219813 0.023337712095414367 0.09540853692664102 0.07568470976667613
35 1960 0.2817221202115742 0 0 0.0924415814690004 0.018836947733545023 0.09181075302055085 0.09348342245852881 0.058468350507927216 0.02619185294783655 0.10081767828358087 0.09242990232865654
36 2016 0.2508890940698412 0 0 0.07905716945530712 0.015506063330112466 0.07839133881190989 0.08135763473884847 0.047731388583043266 0.021218466952297867 0.08388792945219081 0.07542007298911002
37 2072 0.23307967477307379 0 0 0.07011454709305433 0.013649768883622515 0.06753658936183828 0.06980385532450382 0.03992886462775032 0.018680593627718102 0.07340404701782045 0.0675350528353896
38 2128 0.21931168022451072 0 0 0.06053672797257542 0.012141726986324838 0.06170885942313581 0.06100137272925083 0.0347776234311775 0.015468501083144497 0.06505525553735597 0.06009459551279093
39 2184 0.19728592122043034 0 0 0.05041457936539588 0.010866867318414141 0.05480951757558782 0.05118114682454317 0.03073426023559568 0.012750584176527711 0.053156915985265105 0.05130687543745509
40 2240 0.20329626154872088 0 0 0.05237605557006612 0.010066149038455988 0.05104177959182638 0.05318888800958913 0.029175557818342163 0.01220953346617956 0.051924515595796306 0.047008785958447465
41 2296 0.19586680514831947 0 0 0.04884825027932429 0.008580895497873609 0.04717996419025877 0.05070719207018512 0.027062170545120983 0.011395293098023035 0.04831971933064756 0.04415727917112415
42 2352 0.2012302092153544 0 0 0.04790344870622839 0.008502173406592907 0.04671999571745765 0.04990894375932437 0.02591086056553091 0.011485321781075378 0.05101144734417612 0.04278244214419361
43 2408 0.1877151826840956 0 0 0.040753924527611465 0.007377278699980314 0.04182277894429219 0.04536780741328379 0.02237630081703845 0.010603924213496046 0.04331144725181346 0.038353383771628294
44 2464 0.19913314793023904 0 0 0.04200922967445723 0.007282994621785674 0.041744634897273016 0.0491517985436188 0.022515995656967033 0.011629872668418756 0.04362463172461092 0.04175505067663213
45 2520 0.23248087581113447 0 0 0.05251402791683492 0.00851455880520752 0.04638675747520885 0.05725135507457032 0.02539212276923491 0.01424890609223372 0.04523611719879878 0.055669733491544374
46 2576 0.2640222680286358 0 0 0.05477940521726213 0.00959300034691308 0.05180022603302436 0.0633249701045729 0.02866812380032402 0.015710356861528857 0.047557917608721044 0.06426458259590646
47 2632 0.2734954329013275 0 0 0.05352821083380999 0.009542582267945353 0.05003156618775544 0.06121216730512879 0.031108426207207763 0.015412364797225318 0.045036946650770064 0.06295410273478998
48 2688 0.24310390214837163 0 0 0.044650264334233906 0.008841754877851247 0.042449796997952614 0.05416115866844394 0.02593020256160788 0.013035036595448628 0.0360789170225299 0.05391481366705878
49 2744 0.25477655134380084 0 0 0.04242171371750448 0.009878843712024542 0.04378549232470499 0.05484458000502913 0.02929805731545163 0.013238377199432865 0.03523330542323326 0.056615744438911896
50 2800 0.25948450830806075 0 0 0.03871144927983443 0.009590502857766803 0.04152024822985281 0.054765742066031846 0.028763708597710144 0.012709205967945196 0.03718887128643249 0.056272564624996274
51 2856 0.2234849523050113 0 0 0.032529276836142054 0.00811025001167191 0.03418599049516638 0.043890296090339294 0.024666357421606146 0.01034181397174404 0.030423503456607062 0.04480426530732921
52 2912 0.22655281544171801 0 0 0.031526644541372904 0.007837792938394837 0.03430912174258696 0.04388551900045085 0.024074956055835105 0.011259014144638677 0.031778556402597795 0.04549407396808326
53 2968 0.23847460578344037 0 0 0.030948396897014303 0.008039328699630746 0.035497777352430676 0.04400279740663442 0.02297139522462512 0.011983991545890922 0.03052815010741457 0.049274277287003045
54 3024 0.2375601528291125 0 0 0.03052040235161613 0.007746413170899193 0.03263222103697561 0.039812892391130145 0.023059637205075825 0.011341691978606239 0.027849830066091052 0.0446087173039541
55 3080 0.20590716489213054 0 0 0.024365469161808175 0.006020654270069919 0.02580512109310696 0.02949798012808007 0.01852153233464153 0.008878656429244793 0.023514124273321113 0.03431222419655963
56 3136 0.21959062750579192 0 0 0.02522458363692523 0.0064664466660477645 0.02571655141051404 0.027999646207083482 0.01832385637465975 0.008429690452349894 0.02539822410772039 0.03287782336115934
57 3192 0.229363874366519 0 0 0.025766152765869698 0.006266853242964904 0.024749897350854696 0.02665035284275196 0.01766148900165208 0.0077380991825215665 0.027517536144187844 0.03041261825379976
58 3248 0.21167791124721225 0 0 0.02173684281004757 0.005381448677191465 0.02083519531987886 0.023033837079977044 0.015424527717832643 0.006797523481653986 0.024109277278157457 0.026865055712814966
59 3304 0.19069377138657834 0 0 0.017893382205887605 0.005020568603567206 0.017476096104469884 0.01890727947841593 0.013025138882980077 0.005553687221650065 0.02105039502020958 0.022222376645021753
60 3360 0.20169471719485074 0 0 0.01848974234373582 0.0052928062809730935 0.01698497578215682 0.018825571478842826 0.012533149512189068 0.005651756618402206 0.021463585500910282 0.022537015054244523
61 3416 0.1931643973746332 0 0 0.016213881741074125 0.0048631820595591065 0.015087436152071117 0.016289136464748322 0.010722339845499735 0.005027794284636216 0.019941159297953013 0.019788659216751263
62 3472 0.1983563240817203 0 0 0.01479429491065237 0.004755675708770737 0.014823595557895872 0.01527922017388165 0.0100933033458896 0.004849731086839277 0.019163261626338506 0.018907511473764196
63 3528 0.18738297287705935 0 0 0.0127989541750615 0.004260294345109976 0.013782983909545223 0.012918205253849494 0.009958633091330408 0.004408215416920023 0.01735862907693559 0.01748490894212799
64 3584 0.16633957020254236 0 0 0.011536883913858785 0.003541182639714215 0.011134667510148046 0.010337321110891291 0.00838631758130772 0.0037541985578588536 0.014764594536297903 0.014500525142826258
65 3640 0.168599988064373 0 0 0.01026914528968064 0.0032072190708386547 0.010496632419731457 0.01021830697941824 0.008171968658903683 0.0035818434786393264 0.014851938510500491 0.013222139535882844
66 3696 0.15524531557582077 0 0 0.008665461914785517 0.0027842361723665375 0.008929309874384153 0.008550607413107114 0.007006672019328898 0.0031847569865490065 0.012547506595452748 0.011456233304000005
67 3752 0.15499487274119944 0 0 0.0076692288991291315 0.0025808915421022378 0.008117160543742665 0.008025556229935272 0.006573120742993327 0.0030451084146488516 0.011841067699144656 0.010620748157193152
68 3808 0.14122911768086213 0 0 0.006246993978873997 0.0021351271757065033 0.007049580825458604 0.006809409194507077 0.005610367696318821 0.0026218818718987316 0.010282805760688693 0.008711269041245319
69 3864 0.13726700191002142 0 0 0.005633086476500258 0.0021001009365218173 0.006296223676011095 0.006584457990998872 0.005308358169161827 0.0026582060001251735 0.009064318591384624 0.008000083542389437
70 3920 0.12614205134122894 0 0 0.004715725701245634 0.0018000903175932215 0.0053713342577855795 0.0056040700278893645 0.0047675214588979425 0.002317799820553736 0.007779907651587172 0.0068453830732562075
71 3976 0.14640062592898914 0 0 0.006028346381554314 0.0021318359201885294 0.005785757312933923 0.005911763439984607 0.005196670727173972 0.002427729466066514 0.008313141791604358 0.007857899876195349
72 4032 0.1491252353555307 0 0 0.005840141027684183 0.0021141922862397897 0.005357706827064983 0.005460189667357535 0.004651465230313755 0.0022832022891574977 0.007924375501948487 0.007620072459366581
73 4088 0.12456899958252943 0 0 0.004505273599179086 0.0016191706951568284 0.0043121796352232275 0.004220515462473916 0.003747135442542227 0.0018917387145605065 0.005867629124138814 0.005767044764797149
74 4144 0.1130501947350415 0 0 0.00366155977628893 0.001299726978537197 0.0035682555945806224 0.003528186058567597 0.0031275748827496183 0.001543114195495318 0.004892822895942842 0.004635179567708252
75 4200 0.10249595876554836 0 0 0.0029625345657715127 0.0011478939379338257 0.003087159766405627 0.002979470102289518 0.0026894508426636874 0.0013005408549343791 0.003879517262165794 0.004008474832878554
76 4256 0.09444904715530733 0 0 0.0025290802897406455 0.001036398657226231 0.002751988675217874 0.0023278977091573164 0.0022709693949946163 0.0010859865669619558 0.0030196068388213854 0.0034583874381219344
77 4312 0.08142351686902212 0 0 0.00199387477047457 0.0008494414941785111 0.0020945135561636673 0.0018740179839847 0.0018779390578838489 0.0008863328666113271 0.002348543053029797 0.0029407890573784645
78 4368 0.07251729388374382 0 0 0.0015793157005011898 0.0007381671823634957 0.0016686986776516413 0.001582523534672629 0.001600998500683922 0.0007466075583674849 0.001868250579376047 0.0024876777110433446
79 4424 0.0633716493492947 0 0 0.0012303748358234324 0.0006334843764336515 0.0014450410183749157 0.001289369583714993 0.0013062616748952503 0.0006277584710629121 0.0015268244241198564 0.002024581290313054
80 4480 0.062269853282116976 0 0 0.0011182962641768301 0.0006009195247551589 0.0013511672743191073 0.0011778126487697954 0.00117586855574873 0.0005487176274135734 0.0013796302347204496 0.0018439263507218195
81 4536 0.055511817098153796 0 0 0.0009055207922872953 0.00048365338329230324 0.001123202360874149 0.0009798701681919206 0.0009735476923736972 0.000481747918553008 0.0010819238448745929 0.0014741038321683339
82 4592 0.05456007599484108 0 0 0.0008509293841654147 0.0004624851252388575 0.001033642083135799 0.0008997606024079507 0.0008837336403926451 0.0004671834266640702 0.0010153893402350047 0.0013528872701779892
83 4648 0.051747526668296254 0 0 0.0007560176924492025 0.0004115522639291476 0.0009334311393821846 0.0008114704902056395 0.0007823462650513931 0.00042277574070924515 0.0008803026566562858 0.0012734422603221818
84 4704 0.04476721349763119 0 0 0.0006042932580651993 0.00032209259605243533 0.0007276907337889467 0.0006549742650212572 0.0006520264681809225 0.00034693447523166925 0.0007056447829143148 0.0010424097552204482
85 4760 0.04303439995160817 0 0 0.0005391978238197445 0.0003055821215274387 0.0006331351068252594 0.0005925000623258486 0.0005951741592397014 0.0003122201307880346 0.0006483453376120547 0.000932962468268023
86 4816 0.03930899182248846 0 0 0.0004404879965261358 0.0002657950194017644 0.0005439887821784769 0.0005184213079222471 0.0005169237699619116 0.00027333372262690136 0.000545602473032687 0.0008586423774058099
87 4872 0.037699676401606 0 0 0.00036716537005306764 0.0002465338194952455 0.0004754800075511217 0.00046388097377495575 0.000475964801864795 0.00025153267546049516 0.0004791737788287794 0.0007546816292269027
88 4928 0.03770818417512265 0 0 0.00036220097387400696 0.0002394117331377948 0.0004532605942085935 0.0004623587383313633 0.00046888950809745886 0.0002641276401929008 0.0004466856043397545 0.0007652275157009648
89 4984 0.037820371475004146 0 0 0.00034119285232720977 0.00022985656789720085 0.00043190530804099414 0.00044497496653563945 0.0004436860655778572 0.0002616321940139652 0.00040475742008803885 0.0007555342475733936
90 5040 0.03518738963815588 0 0 0.00028835342099527703 0.00019591286357581604 0.0003796113925409 0.0003915167028432403 0.0003777508652531563 0.00022777829692205925 0.0003592009401953988 0.0006610994490839709
91 5096 0.03622408762753079 0 0 0.0002773999481887582 0.0001879382510598351 0.00038344733781867855 0.0003838989346196298 0.0003769076281018252 0.00024496987262296 0.0003417984664449394 0.0006554351601372975
92 5152 0.03091828658398184 0 0 0.00021377618524058355 0.00014485055283246863 0.0002987291481782711 0.00028882600425317437 0.0002846616378088839 0.00019713267399717262 0.0002804716498633074 0.0004962809553858111
93 5208 0.02913027107661594 0 0 0.00019478542857390363 0.00012562071567586325 0.00026647186468005694 0.0002563957732587183 0.0002491798473007921 0.00017675342819885667 0.00024591883593751856 0.00044133005589664645
94 5264 0.02398564265586793 0 0 0.00014637336018375927 9.604534576581308e-05 0.0001979932933914064 0.00020178298425137714 0.0001942441385544918 0.0001347154370117843 0.00018576975063910552 0.00034487680149390405
95 5320 0.02307653118506471 0 0 0.00012700931515124712 8.532373643795353e-05 0.0001797392994051329 0.0001754907340847202 0.00017693657764209525 0.00011660696697039343 0.0001627924661175104 0.0003040249495369876
96 5376 0.021673612896977352 0 0 0.00010844475050165119 7.431731821470586e-05 0.0001525448360135027 0.0001517156694998476 0.0001517972954940953 0.00010283836094305589 0.000144335744925768 0.0002706094203713383
97 5432 0.019677334339988504 0 0 9.040230006935408e-05 6.267441546817185e-05 0.00013552949099479952 0.00012190718304017603 0.00012829289775718905 8.68401325443609e-05 0.00012115128282394332 0.00021367159506036052
98 5488 0.01845424630600033 0 0 7.929384370430424e-05 5.5981603989841483e-05 0.00012499125455714673 0.00010707476552412408 0.00011078878344978826 7.210349810993234e-05 0.00010517737299618267 0.00018214230996533077
99 5544 0.017866890141545296 0 0 7.053615460965366e-05 5.15146852826123e-05 0.00011058232901976994 0.00010237892954229692 0.00010398402132407635 6.633689806455615e-05 9.366415683765837e-05 0.0001724595846949953
100 5600 0.016844092885631903 0 0 5.955628713385749e-05 4.5876906238810725e-05 0.00010005608589984723 9.016848237697974e-05 9.424295885053707e-05 5.4330121469479396e-05 8.03466437231836e-05 0.00015518268187659218
101 5656 0.01603438867196866 0 0 5.34222535219252e-05 4.157475242531506e-05 8.667195424947426e-05 8.20373975389993e-05 8.791676850260887e-05 4.70162152305393e-05 7.025100959030735e-05 0.00014478833899770363
102 5712 0.01586854614515515 0 0 5.052381690971692e-05 3.9812252834751126e-05 8.618824038574806e-05 7.43044852177782e-05 7.992767753469162e-05 4.561865108714863e-05 6.403719605762614e-05 0.00012834539293102702
103 5768 0.014413311400295763 0 0 4.452403776910798e-05 3.378769765074771e-05 7.707699319918898e-05 5.9202037563001016e-05 6.389436266882518e-05 3.928641369272009e-05 5.540926527056719e-05 0.00010307203659406439
104 5824 0.013484932999054042 0 0 3.733858216084122e-05 2.8667036651816387e-05 6.746220131277392e-05 5.321356294326414e-05 5.52443564859151e-05 3.316640383827944e-05 4.816877116638413e-05 9.138960848455997e-05
105 5880 0.012865393395077184 0 0 3.3588032461166104e-05 2.6168071207952415e-05 6.126900853853776e-05 4.584180806814705e-05 4.892683603100809e-05 2.8129065225275574e-05 4.29648923963055e-05 7.766193123637678e-05
106 5936 0.012521395152629372 0 0 3.0941894586411216e-05 2.4884998881381e-05 5.898457238358131e-05 3.832023601626661e-05 4.353212390996919e-05 2.5451495473848986e-05 3.9979354090188544e-05 6.674990961640328e-05
107 5992 0.010926979022605438 0 0 2.4685114638615226e-05 2.0275907919678683e-05 4.874034909944281e-05 3.0034487963541743e-05 3.640783848513115e-05 2.0112853377270497e-05 3.292353590714554e-05 5.415472532955218e-05
108 6048 0.010696605956600241 0 0 2.2545637268039206e-05 1.898150121132795e-05 4.5162358626138184e-05 2.573627437585782e-05 3.235767370751197e-05 1.8960005798834284e-05 3.0458553529252577e-05 4.5651860472808214e-05
109 6104 0.011543655824725689 0 0 2.2745079192066492e-05 1.956031797192872e-05 4.5955412647203445e-05 2.5388916177129288e-05 3.0241677397342626e-05 1.7603568816503184e-05 3.09720561482002e-05 4.1140768861231154e-05
110 6160 0.011370774902435946 0 0 2.113974429795545e-05 1.7831446580183097e-05 4.20003067968076e-05 2.3002807597577226e-05 2.7179215557780686e-05 1.718719869464961e-05 2.765002959204385e-05 3.648038878431884e-05
111 6216 0.01206174965187573 0 0 2.1213906770245338e-05 1.7174270535405068e-05 4.088250752451022e-05 2.172994039994222e-05 2.5578259448514804e-05 1.7382966424030328e-05 2.8917138840279606e-05 3.5998279487834436e-05
112 6272 0.010941035386342076 0 0 1.7264788440750777e-05 1.4834865188742241e-05 3.529659049014227e-05 1.7234824154177264e-05 2.117858723412273e-05 1.442865725337012e-05 2.5584616273798995e-05 2.91856188536748e-05
113 6328 0.010428962370954082 0 0 1.535720149445162e-05 1.3127232888142478e-05 3.017482950285651e-05 1.4781169654160603e-05 1.9582897444457104e-05 1.3151468306030402e-05 2.3611911728147326e-05 2.5785989575546263e-05
114 6384 0.010765770159804042 0 0 1.5935531102595133e-05 1.2431749625135625e-05 2.852152962658951e-05 1.3616003936314074e-05 1.8485406205459013e-05 1.2503663585497326e-05 2.3040472079945464e-05 2.3792453681475585e-05
115 6440 0.009253943574946183 0 0 1.3226116216701622e-05 1.0067622972599453e-05 2.3742250426560677e-05 1.0361061328559926e-05 1.495662893349344e-05 1.0013503260517453e-05 1.9507916908770946e-05 1.843016160787528e-05
116 6496 0.008597632505354084 0 0 1.1550814518536096e-05 8.90821622691066e-06 2.1379010086230756e-05 9.369834459041465e-06 1.2495130822089684e-05 8.93608041466715e-06 1.776685276164208e-05 1.5916637050155725e-05
117 6552 0.008383860853896386 0 0 1.1071967569295472e-05 8.437008683947503e-06 1.8751141358294824e-05 8.912060169093185e-06 1.10897776081761e-05 7.933366054029592e-06 1.6227503357822714e-05 1.5838918297219322e-05
118 6608 0.00820961010619605 0 0 1.0008749509941875e-05 7.914121248694032e-06 1.708087037365924e-05 7.763028240729987e-06 1.0178077502493738e-05 7.41449334558656e-06 1.4152891674908192e-05 1.4506658049029545e-05
119 6664 0.008275646111570991 0 0 9.400473158148832e-06 7.917806734181647e-06 1.6954035498612453e-05 7.006623877360117e-06 9.675458805086078e-06 7.38924562588408e-06 1.3808973680810531e-05 1.3213358544813973e-05
120 6720 0.007557396187955778 0 0 7.842980070868083e-06 6.815507542583446e-06 1.4643429206984561e-05 5.681524596493862e-06 7.983912262368048e-06 6.366383123644648e-06 1.1988799678143363e-05 1.1218352284125194e-05
121 6776 0.006832103777739082 0 0 6.518279509634739e-06 5.867869460167494e-06 1.2683480958307435e-05 4.782936069238638e-06 6.67320479062053e-06 5.406930866641329e-06 1.0376778267315197e-05 9.566206709943897e-06
122 6832 0.007569229807504536 0 0 6.465572616604832e-06 6.134872774147421e-06 1.4108347906594963e-05 5.395419175156055e-06 6.958819836037061e-06 5.986038531050196e-06 1.1047648743871268e-05 1.0778319500492016e-05
123 6888 0.006748635866180417 0 0 5.37764485573402e-06 5.1078849831592686e-06 1.1745096416311541e-05 4.445073472910795e-06 5.9885661616342355e-06 5.021051486586662e-06 9.323808015417186e-06 9.247697995008102e-06
124 6944 0.0067257316368199566 0 0 5.447651985363399e-06 4.778168358640784e-06 1.1536021307358297e-05 4.42557918088399e-06 5.75527719533248e-06 4.764572661536551e-06 8.60647071256998e-06 8.460838683071866e-06
125 7000 0.006276791254888445 0 0 5.011070837541661e-06 4.427966822418448e-06 1.0576442683409127e-05 3.917486048666575e-06 5.101493678744457e-06 4.216702772004708e-06 7.491537895608068e-06 7.1137518208529475e-06
126 7056 0.005943327949164879 0 0 4.507992699625856e-06 3.9744230927323565e-06 9.334925098596452e-06 3.4768236559162134e-06 4.489105430475429e-06 3.5573325567629782e-06 7.063605941764655e-06 6.098552641264555e-06
127 7112 0.00508454671778298 0 0 3.7735304209108787e-06 3.095520258243713e-06 7.320300506772634e-06 2.869045588211918e-06 3.4182316845588993e-06 2.740574109780885e-06 5.558969378780375e-06 5.011424142427726e-06
128 7168 0.00580730447622995 0 0 4.378323360184706e-06 3.348790173517445e-06 7.623836815720865e-06 3.0243544176034736e-06 3.751754938656654e-06 3.0460738276676817e-06 5.7094624243843965e-06 5.367785802562268e-06
129 7224 0.00492868025218463 0 0 3.5564056540932036e-06 2.6222064402965646e-06 5.876898542596237e-06 2.4507432200614685e-06 3.1225759570621797e-06 2.3819166674533083e-06 4.569831471754798e-06 4.295643121985613e-06
130 7280 0.004744494962207539 0 0 3.148809926380268e-06 2.3554361621615923e-06 5.475653211738012e-06 2.1845960245126326e-06 2.8134271647037445e-06 2.1522002052997604e-06 4.440520506148644e-06 3.7079180528723562e-06
131 7336 0.004163251085432589 0 0 2.723765955691209e-06 1.9827006277060057e-06 4.480089111157388e-06 1.8368943638741091e-06 2.288575575079163e-06 1.8093420268521257e-06 3.6495402415702837e-06 3.11373088517929e-06
132 7392 0.003984273056024127 0 0 2.556132760410133e-06 1.7840629818551165e-06 3.948397767379501e-06 1.644084813836519e-06 2.062185725874638e-06 1.6670260246734082e-06 3.3010430672033424e-06 2.7983021453349075e-06
133 7448 0.003758072803626589 0 0 2.2405359126903884e-06 1.4637119461247747e-06 3.4617760502238647e-06 1.4358445467164104e-06 1.8879433763502665e-06 1.4760291312053352e-06 2.8218561148786598e-06 2.612216429973397e-06
134 7504 0.0031634913041709936 0 0 1.8016460056004195e-06 1.2069691191534577e-06 2.78337121461872e-06 1.1421779760266061e-06 1.5729307621581787e-06 1.2110580809092517e-06 2.325436905659177e-06 2.1030105290954437e-06
135 7560 0.0028421919478087156 0 0 1.5928536947251004e-06 1.0375908071442449e-06 2.382109284855405e-06 9.88980225591566e-07 1.4216786810353614e-06 1.0449485277858527e-06 2.00819443398045e-06 1.8423015736882372e-06
136 7616 0.002651589887999039 0 0 1.391549054901326e-06 9.152158451049504e-07 2.1265439485537068e-06 8.710764278214004e-07 1.2564789638720916e-06 9.470371174154343e-07 1.7823621430001432e-06 1.5885549470823232e-06
137 7672 0.00266486663333742 0 0 1.2944172273139364e-06 8.894607549420609e-07 2.0317944638018087e-06 7.99621250365218e-07 1.2810613070686963e-06 8.873553069692093e-07 1.7174816138301577e-06 1.462095063460766e-06
138 7728 0.0024664889884104565 0 0 1.0876287403135888e-06 7.957149507594626e-07 1.791765672551268e-06 6.97625799765538e-07 1.100978972000606e-06 8.218380729597409e-07 1.5237374843902786e-06 1.2288045709036552e-06
