% # columns="iteration, evaluation, min max(neg(.)) min(pos(.)) max correlation, correlation matrix principal axes lengths  (sorted square roots of eigenvalues of correlation matrix)", seed=277977, Fri Mar 28 13:21:43 2025
1 56 -0.08799662811921855 -0.05889216378628681 0.030830009129140138 0.08423470691121066 0.9233753897465365 0.9413978813032646 0.9510550754569217 0.9704732227992627 0.9890027424019291 1.006622456434139 1.0908262369215918 1.1106335185527405
2 112 -0.08799662811921855 -0.05889216378628681 0.030830009129140138 0.08423470691121066 0.9233753897465365 0.9413978813032646 0.9510550754569217 0.9704732227992627 0.9890027424019291 1.006622456434139 1.0908262369215918 1.1106335185527405
3 168 -0.08799662811921855 -0.05889216378628681 0.030830009129140138 0.08423470691121066 0.9233753897465365 0.9413978813032646 0.9510550754569217 0.9704732227992627 0.9890027424019291 1.006622456434139 1.0908262369215918 1.1106335185527405
4 224 -0.08799662811921855 -0.05889216378628681 0.030830009129140138 0.08423470691121066 0.9233753897465365 0.9413978813032646 0.9510550754569217 0.9704732227992627 0.9890027424019291 1.006622456434139 1.0908262369215918 1.1106335185527405
5 280 -0.08799662811921855 -0.05889216378628681 0.030830009129140138 0.08423470691121066 0.9233753897465365 0.9413978813032646 0.9510550754569217 0.9704732227992627 0.9890027424019291 1.006622456434139 1.0908262369215918 1.1106335185527405
6 336 -0.08799662811921855 -0.05889216378628681 0.030830009129140138 0.08423470691121066 0.9233753897465365 0.9413978813032646 0.9510550754569217 0.9704732227992627 0.9890027424019291 1.006622456434139 1.0908262369215918 1.1106335185527405
7 392 -0.08799662811921855 -0.05889216378628681 0.030830009129140138 0.08423470691121066 0.9233753897465365 0.9413978813032646 0.9510550754569217 0.9704732227992627 0.9890027424019291 1.006622456434139 1.0908262369215918 1.1106335185527405
8 448 -0.08799662811921855 -0.05889216378628681 0.030830009129140138 0.08423470691121066 0.9233753897465365 0.9413978813032646 0.9510550754569217 0.9704732227992627 0.9890027424019291 1.006622456434139 1.0908262369215918 1.1106335185527405
9 504 -0.3273639737227225 -0.06476856239993073 0.08970853093938956 0.16672322194745579 0.6981914902707017 0.8263741622567448 0.8788843728277248 0.952125636181813 1.0195334526694508 1.052364543527118 1.2128228014403024 1.238060853800814
10 560 -0.3273639737227225 -0.06476856239993073 0.08970853093938956 0.16672322194745579 0.6981914902707017 0.8263741622567448 0.8788843728277248 0.952125636181813 1.0195334526694508 1.052364543527118 1.2128228014403024 1.238060853800814
11 616 -0.3273639737227225 -0.06476856239993073 0.08970853093938956 0.16672322194745579 0.6981914902707017 0.8263741622567448 0.8788843728277248 0.952125636181813 1.0195334526694508 1.052364543527118 1.2128228014403024 1.238060853800814
12 672 -0.3273639737227225 -0.06476856239993073 0.08970853093938956 0.16672322194745579 0.6981914902707017 0.8263741622567448 0.8788843728277248 0.952125636181813 1.0195334526694508 1.052364543527118 1.2128228014403024 1.238060853800814
13 728 -0.3273639737227225 -0.06476856239993073 0.08970853093938956 0.16672322194745579 0.6981914902707017 0.8263741622567448 0.8788843728277248 0.952125636181813 1.0195334526694508 1.052364543527118 1.2128228014403024 1.238060853800814
14 784 -0.3273639737227225 -0.06476856239993073 0.08970853093938956 0.16672322194745579 0.6981914902707017 0.8263741622567448 0.8788843728277248 0.952125636181813 1.0195334526694508 1.052364543527118 1.2128228014403024 1.238060853800814
15 840 -0.3273639737227225 -0.06476856239993073 0.08970853093938956 0.16672322194745579 0.6981914902707017 0.8263741622567448 0.8788843728277248 0.952125636181813 1.0195334526694508 1.052364543527118 1.2128228014403024 1.238060853800814
16 896 -0.3273639737227225 -0.06476856239993073 0.08970853093938956 0.16672322194745579 0.6981914902707017 0.8263741622567448 0.8788843728277248 0.952125636181813 1.0195334526694508 1.052364543527118 1.2128228014403024 1.238060853800814
17 952 -0.3902042116698386 -0.13338070558263027 0.058571141998524 0.37726492041249116 0.6299829207266643 0.6477866903011555 0.8671114391244082 0.9107068355002413 1.0233956662022075 1.122809151201562 1.2396881416107102 1.3256541657990824
18 1008 -0.3902042116698386 -0.13338070558263027 0.058571141998524 0.37726492041249116 0.6299829207266643 0.6477866903011555 0.8671114391244082 0.9107068355002413 1.0233956662022075 1.122809151201562 1.2396881416107102 1.3256541657990824
19 1064 -0.3902042116698386 -0.13338070558263027 0.058571141998524 0.37726492041249116 0.6299829207266643 0.6477866903011555 0.8671114391244082 0.9107068355002413 1.0233956662022075 1.122809151201562 1.2396881416107102 1.3256541657990824
20 1120 -0.3902042116698386 -0.13338070558263027 0.058571141998524 0.37726492041249116 0.6299829207266643 0.6477866903011555 0.8671114391244082 0.9107068355002413 1.0233956662022075 1.122809151201562 1.2396881416107102 1.3256541657990824
21 1176 -0.3902042116698386 -0.13338070558263027 0.058571141998524 0.37726492041249116 0.6299829207266643 0.6477866903011555 0.8671114391244082 0.9107068355002413 1.0233956662022075 1.122809151201562 1.2396881416107102 1.3256541657990824
22 1232 -0.3902042116698386 -0.13338070558263027 0.058571141998524 0.37726492041249116 0.6299829207266643 0.6477866903011555 0.8671114391244082 0.9107068355002413 1.0233956662022075 1.122809151201562 1.2396881416107102 1.3256541657990824
23 1288 -0.3902042116698386 -0.13338070558263027 0.058571141998524 0.37726492041249116 0.6299829207266643 0.6477866903011555 0.8671114391244082 0.9107068355002413 1.0233956662022075 1.122809151201562 1.2396881416107102 1.3256541657990824
24 1344 -0.3902042116698386 -0.13338070558263027 0.058571141998524 0.37726492041249116 0.6299829207266643 0.6477866903011555 0.8671114391244082 0.9107068355002413 1.0233956662022075 1.122809151201562 1.2396881416107102 1.3256541657990824
25 1400 -0.37222201606231 -0.14898843009574214 0.181765510774487 0.4855002040354049 0.48157685384337656 0.6018350658206414 0.7897900697510519 0.9225545011424701 1.063770022130146 1.1111894907726865 1.2137320543668673 1.4462049928524399
26 1456 -0.37222201606231 -0.14898843009574214 0.181765510774487 0.4855002040354049 0.48157685384337656 0.6018350658206414 0.7897900697510519 0.9225545011424701 1.063770022130146 1.1111894907726865 1.2137320543668673 1.4462049928524399
27 1512 -0.37222201606231 -0.14898843009574214 0.181765510774487 0.4855002040354049 0.48157685384337656 0.6018350658206414 0.7897900697510519 0.9225545011424701 1.063770022130146 1.1111894907726865 1.2137320543668673 1.4462049928524399
28 1568 -0.37222201606231 -0.14898843009574214 0.181765510774487 0.4855002040354049 0.48157685384337656 0.6018350658206414 0.7897900697510519 0.9225545011424701 1.063770022130146 1.1111894907726865 1.2137320543668673 1.4462049928524399
29 1624 -0.37222201606231 -0.14898843009574214 0.181765510774487 0.4855002040354049 0.48157685384337656 0.6018350658206414 0.7897900697510519 0.9225545011424701 1.063770022130146 1.1111894907726865 1.2137320543668673 1.4462049928524399
30 1680 -0.37222201606231 -0.14898843009574214 0.181765510774487 0.4855002040354049 0.48157685384337656 0.6018350658206414 0.7897900697510519 0.9225545011424701 1.063770022130146 1.1111894907726865 1.2137320543668673 1.4462049928524399
31 1736 -0.37222201606231 -0.14898843009574214 0.181765510774487 0.4855002040354049 0.48157685384337656 0.6018350658206414 0.7897900697510519 0.9225545011424701 1.063770022130146 1.1111894907726865 1.2137320543668673 1.4462049928524399
32 1792 -0.37222201606231 -0.14898843009574214 0.181765510774487 0.4855002040354049 0.48157685384337656 0.6018350658206414 0.7897900697510519 0.9225545011424701 1.063770022130146 1.1111894907726865 1.2137320543668673 1.4462049928524399
33 1848 -0.3507569971173955 -0.11528599244387266 0.2126180851333867 0.465769997078623 0.3710478083123329 0.6595015367942716 0.8111449001524494 0.8848970788348699 1.110705834933909 1.1448418357739338 1.2588648954400123 1.362832070386201
34 1904 -0.3507569971173955 -0.11528599244387266 0.2126180851333867 0.465769997078623 0.3710478083123329 0.6595015367942716 0.8111449001524494 0.8848970788348699 1.110705834933909 1.1448418357739338 1.2588648954400123 1.362832070386201
35 1960 -0.3507569971173955 -0.11528599244387266 0.2126180851333867 0.465769997078623 0.3710478083123329 0.6595015367942716 0.8111449001524494 0.8848970788348699 1.110705834933909 1.1448418357739338 1.2588648954400123 1.362832070386201
36 2016 -0.3507569971173955 -0.11528599244387266 0.2126180851333867 0.465769997078623 0.3710478083123329 0.6595015367942716 0.8111449001524494 0.8848970788348699 1.110705834933909 1.1448418357739338 1.2588648954400123 1.362832070386201
37 2072 -0.3507569971173955 -0.11528599244387266 0.2126180851333867 0.465769997078623 0.3710478083123329 0.6595015367942716 0.8111449001524494 0.8848970788348699 1.110705834933909 1.1448418357739338 1.2588648954400123 1.362832070386201
38 2128 -0.3507569971173955 -0.11528599244387266 0.2126180851333867 0.465769997078623 0.3710478083123329 0.6595015367942716 0.8111449001524494 0.8848970788348699 1.110705834933909 1.1448418357739338 1.2588648954400123 1.362832070386201
39 2184 -0.3507569971173955 -0.11528599244387266 0.2126180851333867 0.465769997078623 0.3710478083123329 0.6595015367942716 0.8111449001524494 0.8848970788348699 1.110705834933909 1.1448418357739338 1.2588648954400123 1.362832070386201
40 2240 -0.3507569971173955 -0.11528599244387266 0.2126180851333867 0.465769997078623 0.3710478083123329 0.6595015367942716 0.8111449001524494 0.8848970788348699 1.110705834933909 1.1448418357739338 1.2588648954400123 1.362832070386201
41 2296 -0.3605718835690711 -0.1329630913981201 0.23079694420916896 0.4866871377108928 0.2924746253833797 0.6139167682003532 0.7323304367248017 0.8743300832018402 1.0422082298693263 1.2124222234608795 1.2717177497823362 1.436444274875772
42 2352 -0.3605718835690711 -0.1329630913981201 0.23079694420916896 0.4866871377108928 0.2924746253833797 0.6139167682003532 0.7323304367248017 0.8743300832018402 1.0422082298693263 1.2124222234608795 1.2717177497823362 1.436444274875772
43 2408 -0.3605718835690711 -0.1329630913981201 0.23079694420916896 0.4866871377108928 0.2924746253833797 0.6139167682003532 0.7323304367248017 0.8743300832018402 1.0422082298693263 1.2124222234608795 1.2717177497823362 1.436444274875772
44 2464 -0.3605718835690711 -0.1329630913981201 0.23079694420916896 0.4866871377108928 0.2924746253833797 0.6139167682003532 0.7323304367248017 0.8743300832018402 1.0422082298693263 1.2124222234608795 1.2717177497823362 1.436444274875772
45 2520 -0.3605718835690711 -0.1329630913981201 0.23079694420916896 0.4866871377108928 0.2924746253833797 0.6139167682003532 0.7323304367248017 0.8743300832018402 1.0422082298693263 1.2124222234608795 1.2717177497823362 1.436444274875772
46 2576 -0.3605718835690711 -0.1329630913981201 0.23079694420916896 0.4866871377108928 0.2924746253833797 0.6139167682003532 0.7323304367248017 0.8743300832018402 1.0422082298693263 1.2124222234608795 1.2717177497823362 1.436444274875772
47 2632 -0.3605718835690711 -0.1329630913981201 0.23079694420916896 0.4866871377108928 0.2924746253833797 0.6139167682003532 0.7323304367248017 0.8743300832018402 1.0422082298693263 1.2124222234608795 1.2717177497823362 1.436444274875772
48 2688 -0.3605718835690711 -0.1329630913981201 0.23079694420916896 0.4866871377108928 0.2924746253833797 0.6139167682003532 0.7323304367248017 0.8743300832018402 1.0422082298693263 1.2124222234608795 1.2717177497823362 1.436444274875772
49 2744 -0.5063191696475107 -0.18013041067529972 0.27235052129660237 0.572743171463443 0.2841092414825865 0.5899193950183831 0.7354569460935367 0.8788015341206137 0.934996475124682 1.0621179876252258 1.307529273860798 1.595663548565227
50 2800 -0.5063191696475107 -0.18013041067529972 0.27235052129660237 0.572743171463443 0.2841092414825865 0.5899193950183831 0.7354569460935367 0.8788015341206137 0.934996475124682 1.0621179876252258 1.307529273860798 1.595663548565227
51 2856 -0.5063191696475107 -0.18013041067529972 0.27235052129660237 0.572743171463443 0.2841092414825865 0.5899193950183831 0.7354569460935367 0.8788015341206137 0.934996475124682 1.0621179876252258 1.307529273860798 1.595663548565227
52 2912 -0.5063191696475107 -0.18013041067529972 0.27235052129660237 0.572743171463443 0.2841092414825865 0.5899193950183831 0.7354569460935367 0.8788015341206137 0.934996475124682 1.0621179876252258 1.307529273860798 1.595663548565227
53 2968 -0.5063191696475107 -0.18013041067529972 0.27235052129660237 0.572743171463443 0.2841092414825865 0.5899193950183831 0.7354569460935367 0.8788015341206137 0.934996475124682 1.0621179876252258 1.307529273860798 1.595663548565227
54 3024 -0.5063191696475107 -0.18013041067529972 0.27235052129660237 0.572743171463443 0.2841092414825865 0.5899193950183831 0.7354569460935367 0.8788015341206137 0.934996475124682 1.0621179876252258 1.307529273860798 1.595663548565227
55 3080 -0.5063191696475107 -0.18013041067529972 0.27235052129660237 0.572743171463443 0.2841092414825865 0.5899193950183831 0.7354569460935367 0.8788015341206137 0.934996475124682 1.0621179876252258 1.307529273860798 1.595663548565227
56 3136 -0.5063191696475107 -0.18013041067529972 0.27235052129660237 0.572743171463443 0.2841092414825865 0.5899193950183831 0.7354569460935367 0.8788015341206137 0.934996475124682 1.0621179876252258 1.307529273860798 1.595663548565227
57 3192 -0.45041522694563874 -0.2937848209145513 0.2829700654755945 0.5745985456461215 0.3102302996542522 0.6259124638143033 0.6499640982998467 0.7599535472532053 0.8946866162824652 0.9950023839979095 1.4240089284815085 1.6412533965982625
58 3248 -0.45041522694563874 -0.2937848209145513 0.2829700654755945 0.5745985456461215 0.3102302996542522 0.6259124638143033 0.6499640982998467 0.7599535472532053 0.8946866162824652 0.9950023839979095 1.4240089284815085 1.6412533965982625
59 3304 -0.45041522694563874 -0.2937848209145513 0.2829700654755945 0.5745985456461215 0.3102302996542522 0.6259124638143033 0.6499640982998467 0.7599535472532053 0.8946866162824652 0.9950023839979095 1.4240089284815085 1.6412533965982625
60 3360 -0.45041522694563874 -0.2937848209145513 0.2829700654755945 0.5745985456461215 0.3102302996542522 0.6259124638143033 0.6499640982998467 0.7599535472532053 0.8946866162824652 0.9950023839979095 1.4240089284815085 1.6412533965982625
61 3416 -0.45041522694563874 -0.2937848209145513 0.2829700654755945 0.5745985456461215 0.3102302996542522 0.6259124638143033 0.6499640982998467 0.7599535472532053 0.8946866162824652 0.9950023839979095 1.4240089284815085 1.6412533965982625
62 3472 -0.45041522694563874 -0.2937848209145513 0.2829700654755945 0.5745985456461215 0.3102302996542522 0.6259124638143033 0.6499640982998467 0.7599535472532053 0.8946866162824652 0.9950023839979095 1.4240089284815085 1.6412533965982625
63 3528 -0.45041522694563874 -0.2937848209145513 0.2829700654755945 0.5745985456461215 0.3102302996542522 0.6259124638143033 0.6499640982998467 0.7599535472532053 0.8946866162824652 0.9950023839979095 1.4240089284815085 1.6412533965982625
64 3584 -0.45041522694563874 -0.2937848209145513 0.2829700654755945 0.5745985456461215 0.3102302996542522 0.6259124638143033 0.6499640982998467 0.7599535472532053 0.8946866162824652 0.9950023839979095 1.4240089284815085 1.6412533965982625
65 3640 -0.455805624639251 -0.21930354127553336 0.25919793690650683 0.5460770024293453 0.31043797733844314 0.47619500217803845 0.6941029388603978 0.8724563032903206 0.9159416805856608 1.0453305745265355 1.389752794258653 1.6033807064503507
66 3696 -0.455805624639251 -0.21930354127553336 0.25919793690650683 0.5460770024293453 0.31043797733844314 0.47619500217803845 0.6941029388603978 0.8724563032903206 0.9159416805856608 1.0453305745265355 1.389752794258653 1.6033807064503507
67 3752 -0.455805624639251 -0.21930354127553336 0.25919793690650683 0.5460770024293453 0.31043797733844314 0.47619500217803845 0.6941029388603978 0.8724563032903206 0.9159416805856608 1.0453305745265355 1.389752794258653 1.6033807064503507
68 3808 -0.455805624639251 -0.21930354127553336 0.25919793690650683 0.5460770024293453 0.31043797733844314 0.47619500217803845 0.6941029388603978 0.8724563032903206 0.9159416805856608 1.0453305745265355 1.389752794258653 1.6033807064503507
69 3864 -0.455805624639251 -0.21930354127553336 0.25919793690650683 0.5460770024293453 0.31043797733844314 0.47619500217803845 0.6941029388603978 0.8724563032903206 0.9159416805856608 1.0453305745265355 1.389752794258653 1.6033807064503507
70 3920 -0.455805624639251 -0.21930354127553336 0.25919793690650683 0.5460770024293453 0.31043797733844314 0.47619500217803845 0.6941029388603978 0.8724563032903206 0.9159416805856608 1.0453305745265355 1.389752794258653 1.6033807064503507
71 3976 -0.455805624639251 -0.21930354127553336 0.25919793690650683 0.5460770024293453 0.31043797733844314 0.47619500217803845 0.6941029388603978 0.8724563032903206 0.9159416805856608 1.0453305745265355 1.389752794258653 1.6033807064503507
72 4032 -0.455805624639251 -0.21930354127553336 0.25919793690650683 0.5460770024293453 0.31043797733844314 0.47619500217803845 0.6941029388603978 0.8724563032903206 0.9159416805856608 1.0453305745265355 1.389752794258653 1.6033807064503507
73 4088 -0.5862866247407548 -0.234913063620167 0.3118240087092747 0.573399693431103 0.2629030242057671 0.38970316575217323 0.7740933100056863 0.8429027324453385 0.942018334901592 1.0244600922834386 1.3103518550333992 1.6779061253673244
74 4144 -0.5862866247407548 -0.234913063620167 0.3118240087092747 0.573399693431103 0.2629030242057671 0.38970316575217323 0.7740933100056863 0.8429027324453385 0.942018334901592 1.0244600922834386 1.3103518550333992 1.6779061253673244
75 4200 -0.5862866247407548 -0.234913063620167 0.3118240087092747 0.573399693431103 0.2629030242057671 0.38970316575217323 0.7740933100056863 0.8429027324453385 0.942018334901592 1.0244600922834386 1.3103518550333992 1.6779061253673244
76 4256 -0.5862866247407548 -0.234913063620167 0.3118240087092747 0.573399693431103 0.2629030242057671 0.38970316575217323 0.7740933100056863 0.8429027324453385 0.942018334901592 1.0244600922834386 1.3103518550333992 1.6779061253673244
77 4312 -0.5862866247407548 -0.234913063620167 0.3118240087092747 0.573399693431103 0.2629030242057671 0.38970316575217323 0.7740933100056863 0.8429027324453385 0.942018334901592 1.0244600922834386 1.3103518550333992 1.6779061253673244
78 4368 -0.5862866247407548 -0.234913063620167 0.3118240087092747 0.573399693431103 0.2629030242057671 0.38970316575217323 0.7740933100056863 0.8429027324453385 0.942018334901592 1.0244600922834386 1.3103518550333992 1.6779061253673244
79 4424 -0.5862866247407548 -0.234913063620167 0.3118240087092747 0.573399693431103 0.2629030242057671 0.38970316575217323 0.7740933100056863 0.8429027324453385 0.942018334901592 1.0244600922834386 1.3103518550333992 1.6779061253673244
80 4480 -0.5862866247407548 -0.234913063620167 0.3118240087092747 0.573399693431103 0.2629030242057671 0.38970316575217323 0.7740933100056863 0.8429027324453385 0.942018334901592 1.0244600922834386 1.3103518550333992 1.6779061253673244
81 4536 -0.7508676248399759 -0.4616281025690311 0.49985072081703885 0.7450579936944282 0.22716705007961252 0.29347332060473696 0.6297454335101956 0.7015644652388399 0.8061097722014657 0.9056825905111356 1.0785962587770759 2.0832793193657406
82 4592 -0.7508676248399759 -0.4616281025690311 0.49985072081703885 0.7450579936944282 0.22716705007961252 0.29347332060473696 0.6297454335101956 0.7015644652388399 0.8061097722014657 0.9056825905111356 1.0785962587770759 2.0832793193657406
83 4648 -0.7508676248399759 -0.4616281025690311 0.49985072081703885 0.7450579936944282 0.22716705007961252 0.29347332060473696 0.6297454335101956 0.7015644652388399 0.8061097722014657 0.9056825905111356 1.0785962587770759 2.0832793193657406
84 4704 -0.7508676248399759 -0.4616281025690311 0.49985072081703885 0.7450579936944282 0.22716705007961252 0.29347332060473696 0.6297454335101956 0.7015644652388399 0.8061097722014657 0.9056825905111356 1.0785962587770759 2.0832793193657406
85 4760 -0.7508676248399759 -0.4616281025690311 0.49985072081703885 0.7450579936944282 0.22716705007961252 0.29347332060473696 0.6297454335101956 0.7015644652388399 0.8061097722014657 0.9056825905111356 1.0785962587770759 2.0832793193657406
86 4816 -0.7508676248399759 -0.4616281025690311 0.49985072081703885 0.7450579936944282 0.22716705007961252 0.29347332060473696 0.6297454335101956 0.7015644652388399 0.8061097722014657 0.9056825905111356 1.0785962587770759 2.0832793193657406
87 4872 -0.7508676248399759 -0.4616281025690311 0.49985072081703885 0.7450579936944282 0.22716705007961252 0.29347332060473696 0.6297454335101956 0.7015644652388399 0.8061097722014657 0.9056825905111356 1.0785962587770759 2.0832793193657406
88 4928 -0.7508676248399759 -0.4616281025690311 0.49985072081703885 0.7450579936944282 0.22716705007961252 0.29347332060473696 0.6297454335101956 0.7015644652388399 0.8061097722014657 0.9056825905111356 1.0785962587770759 2.0832793193657406
89 4984 -0.8598409330500945 -0.7128112226123691 0.701330455838141 0.8688245001365109 0.13863734057807783 0.22282785391819354 0.4545018817000363 0.5199792957045296 0.6286498259633515 0.7115309601566101 0.8141034888841038 2.4269189531846727
90 5040 -0.8598409330500945 -0.7128112226123691 0.701330455838141 0.8688245001365109 0.13863734057807783 0.22282785391819354 0.4545018817000363 0.5199792957045296 0.6286498259633515 0.7115309601566101 0.8141034888841038 2.4269189531846727
91 5096 -0.8598409330500945 -0.7128112226123691 0.701330455838141 0.8688245001365109 0.13863734057807783 0.22282785391819354 0.4545018817000363 0.5199792957045296 0.6286498259633515 0.7115309601566101 0.8141034888841038 2.4269189531846727
92 5152 -0.8598409330500945 -0.7128112226123691 0.701330455838141 0.8688245001365109 0.13863734057807783 0.22282785391819354 0.4545018817000363 0.5199792957045296 0.6286498259633515 0.7115309601566101 0.8141034888841038 2.4269189531846727
93 5208 -0.8598409330500945 -0.7128112226123691 0.701330455838141 0.8688245001365109 0.13863734057807783 0.22282785391819354 0.4545018817000363 0.5199792957045296 0.6286498259633515 0.7115309601566101 0.8141034888841038 2.4269189531846727
94 5264 -0.8598409330500945 -0.7128112226123691 0.701330455838141 0.8688245001365109 0.13863734057807783 0.22282785391819354 0.4545018817000363 0.5199792957045296 0.6286498259633515 0.7115309601566101 0.8141034888841038 2.4269189531846727
95 5320 -0.8598409330500945 -0.7128112226123691 0.701330455838141 0.8688245001365109 0.13863734057807783 0.22282785391819354 0.4545018817000363 0.5199792957045296 0.6286498259633515 0.7115309601566101 0.8141034888841038 2.4269189531846727
96 5376 -0.8598409330500945 -0.7128112226123691 0.701330455838141 0.8688245001365109 0.13863734057807783 0.22282785391819354 0.4545018817000363 0.5199792957045296 0.6286498259633515 0.7115309601566101 0.8141034888841038 2.4269189531846727
97 5432 -0.961339248257044 -0.8579164890459433 0.8611604725051449 0.9457106565635554 0.08828883147780166 0.11977388044326072 0.2858172461418161 0.3159521165953069 0.3924580975403052 0.5379161467491126 0.6114370835722932 2.6418004495421195
98 5488 -0.961339248257044 -0.8579164890459433 0.8611604725051449 0.9457106565635554 0.08828883147780166 0.11977388044326072 0.2858172461418161 0.3159521165953069 0.3924580975403052 0.5379161467491126 0.6114370835722932 2.6418004495421195
99 5544 -0.961339248257044 -0.8579164890459433 0.8611604725051449 0.9457106565635554 0.08828883147780166 0.11977388044326072 0.2858172461418161 0.3159521165953069 0.3924580975403052 0.5379161467491126 0.6114370835722932 2.6418004495421195
100 5600 -0.961339248257044 -0.8579164890459433 0.8611604725051449 0.9457106565635554 0.08828883147780166 0.11977388044326072 0.2858172461418161 0.3159521165953069 0.3924580975403052 0.5379161467491126 0.6114370835722932 2.6418004495421195
101 5656 -0.961339248257044 -0.8579164890459433 0.8611604725051449 0.9457106565635554 0.08828883147780166 0.11977388044326072 0.2858172461418161 0.3159521165953069 0.3924580975403052 0.5379161467491126 0.6114370835722932 2.6418004495421195
102 5712 -0.961339248257044 -0.8579164890459433 0.8611604725051449 0.9457106565635554 0.08828883147780166 0.11977388044326072 0.2858172461418161 0.3159521165953069 0.3924580975403052 0.5379161467491126 0.6114370835722932 2.6418004495421195
103 5768 -0.961339248257044 -0.8579164890459433 0.8611604725051449 0.9457106565635554 0.08828883147780166 0.11977388044326072 0.2858172461418161 0.3159521165953069 0.3924580975403052 0.5379161467491126 0.6114370835722932 2.6418004495421195
104 5824 -0.961339248257044 -0.8579164890459433 0.8611604725051449 0.9457106565635554 0.08828883147780166 0.11977388044326072 0.2858172461418161 0.3159521165953069 0.3924580975403052 0.5379161467491126 0.6114370835722932 2.6418004495421195
105 5880 -0.9892704992924949 -0.9527690257863611 0.9579607231040912 0.9860157060567574 0.04954445277061663 0.057691120059615394 0.14272811745758265 0.1895411409856895 0.21241187622797947 0.28995284122110926 0.3714634967095116 2.769610683389318
106 5936 -0.9892704992924949 -0.9527690257863611 0.9579607231040912 0.9860157060567574 0.04954445277061663 0.057691120059615394 0.14272811745758265 0.1895411409856895 0.21241187622797947 0.28995284122110926 0.3714634967095116 2.769610683389318
107 5992 -0.9892704992924949 -0.9527690257863611 0.9579607231040912 0.9860157060567574 0.04954445277061663 0.057691120059615394 0.14272811745758265 0.1895411409856895 0.21241187622797947 0.28995284122110926 0.3714634967095116 2.769610683389318
108 6048 -0.9892704992924949 -0.9527690257863611 0.9579607231040912 0.9860157060567574 0.04954445277061663 0.057691120059615394 0.14272811745758265 0.1895411409856895 0.21241187622797947 0.28995284122110926 0.3714634967095116 2.769610683389318
109 6104 -0.9892704992924949 -0.9527690257863611 0.9579607231040912 0.9860157060567574 0.04954445277061663 0.057691120059615394 0.14272811745758265 0.1895411409856895 0.21241187622797947 0.28995284122110926 0.3714634967095116 2.769610683389318
110 6160 -0.9892704992924949 -0.9527690257863611 0.9579607231040912 0.9860157060567574 0.04954445277061663 0.057691120059615394 0.14272811745758265 0.1895411409856895 0.21241187622797947 0.28995284122110926 0.3714634967095116 2.769610683389318
111 6216 -0.9892704992924949 -0.9527690257863611 0.9579607231040912 0.9860157060567574 0.04954445277061663 0.057691120059615394 0.14272811745758265 0.1895411409856895 0.21241187622797947 0.28995284122110926 0.3714634967095116 2.769610683389318
112 6272 -0.9892704992924949 -0.9527690257863611 0.9579607231040912 0.9860157060567574 0.04954445277061663 0.057691120059615394 0.14272811745758265 0.1895411409856895 0.21241187622797947 0.28995284122110926 0.3714634967095116 2.769610683389318
113 6328 -0.9976228999593838 -0.9908484799234664 0.9912457302151492 0.9975801087279135 0.02353297028502414 0.028646739819819907 0.06011065154052043 0.08373697069863237 0.0962056868499767 0.1257819889391899 0.1709625052805332 2.816681659645136
114 6384 -0.9976228999593838 -0.9908484799234664 0.9912457302151492 0.9975801087279135 0.02353297028502414 0.028646739819819907 0.06011065154052043 0.08373697069863237 0.0962056868499767 0.1257819889391899 0.1709625052805332 2.816681659645136
115 6440 -0.9976228999593838 -0.9908484799234664 0.9912457302151492 0.9975801087279135 0.02353297028502414 0.028646739819819907 0.06011065154052043 0.08373697069863237 0.0962056868499767 0.1257819889391899 0.1709625052805332 2.816681659645136
116 6496 -0.9976228999593838 -0.9908484799234664 0.9912457302151492 0.9975801087279135 0.02353297028502414 0.028646739819819907 0.06011065154052043 0.08373697069863237 0.0962056868499767 0.1257819889391899 0.1709625052805332 2.816681659645136
117 6552 -0.9976228999593838 -0.9908484799234664 0.9912457302151492 0.9975801087279135 0.02353297028502414 0.028646739819819907 0.06011065154052043 0.08373697069863237 0.0962056868499767 0.1257819889391899 0.1709625052805332 2.816681659645136
118 6608 -0.9976228999593838 -0.9908484799234664 0.9912457302151492 0.9975801087279135 0.02353297028502414 0.028646739819819907 0.06011065154052043 0.08373697069863237 0.0962056868499767 0.1257819889391899 0.1709625052805332 2.816681659645136
119 6664 -0.9976228999593838 -0.9908484799234664 0.9912457302151492 0.9975801087279135 0.02353297028502414 0.028646739819819907 0.06011065154052043 0.08373697069863237 0.0962056868499767 0.1257819889391899 0.1709625052805332 2.816681659645136
120 6720 -0.9976228999593838 -0.9908484799234664 0.9912457302151492 0.9975801087279135 0.02353297028502414 0.028646739819819907 0.06011065154052043 0.08373697069863237 0.0962056868499767 0.1257819889391899 0.1709625052805332 2.816681659645136
121 6776 -0.9994785509179194 -0.9973593951220059 0.9976417376150881 0.9991797324401037 0.012605772796613486 0.013589589273358677 0.035323561093578086 0.03852616788038393 0.054725254693121936 0.06564531779203311 0.08639106858953415 2.8252711055745454
122 6832 -0.9994785509179194 -0.9973593951220059 0.9976417376150881 0.9991797324401037 0.012605772796613486 0.013589589273358677 0.035323561093578086 0.03852616788038393 0.054725254693121936 0.06564531779203311 0.08639106858953415 2.8252711055745454
123 6888 -0.9994785509179194 -0.9973593951220059 0.9976417376150881 0.9991797324401037 0.012605772796613486 0.013589589273358677 0.035323561093578086 0.03852616788038393 0.054725254693121936 0.06564531779203311 0.08639106858953415 2.8252711055745454
124 6944 -0.9994785509179194 -0.9973593951220059 0.9976417376150881 0.9991797324401037 0.012605772796613486 0.013589589273358677 0.035323561093578086 0.03852616788038393 0.054725254693121936 0.06564531779203311 0.08639106858953415 2.8252711055745454
125 7000 -0.9994785509179194 -0.9973593951220059 0.9976417376150881 0.9991797324401037 0.012605772796613486 0.013589589273358677 0.035323561093578086 0.03852616788038393 0.054725254693121936 0.06564531779203311 0.08639106858953415 2.8252711055745454
126 7056 -0.9994785509179194 -0.9973593951220059 0.9976417376150881 0.9991797324401037 0.012605772796613486 0.013589589273358677 0.035323561093578086 0.03852616788038393 0.054725254693121936 0.06564531779203311 0.08639106858953415 2.8252711055745454
127 7112 -0.9994785509179194 -0.9973593951220059 0.9976417376150881 0.9991797324401037 0.012605772796613486 0.013589589273358677 0.035323561093578086 0.03852616788038393 0.054725254693121936 0.06564531779203311 0.08639106858953415 2.8252711055745454
128 7168 -0.9994785509179194 -0.9973593951220059 0.9976417376150881 0.9991797324401037 0.012605772796613486 0.013589589273358677 0.035323561093578086 0.03852616788038393 0.054725254693121936 0.06564531779203311 0.08639106858953415 2.8252711055745454
129 7224 -0.9998888164456644 -0.9994511447151823 0.9995057206471188 0.9998305354921191 0.005875853245054839 0.0066622312361001605 0.01626744874738642 0.01815163045057933 0.024820435968018167 0.028969006298465366 0.03765978307372399 2.8278001097705103
130 7280 -0.9998888164456644 -0.9994511447151823 0.9995057206471188 0.9998305354921191 0.005875853245054839 0.0066622312361001605 0.01626744874738642 0.01815163045057933 0.024820435968018167 0.028969006298465366 0.03765978307372399 2.8278001097705103
131 7336 -0.9998888164456644 -0.9994511447151823 0.9995057206471188 0.9998305354921191 0.005875853245054839 0.0066622312361001605 0.01626744874738642 0.01815163045057933 0.024820435968018167 0.028969006298465366 0.03765978307372399 2.8278001097705103
132 7392 -0.9998888164456644 -0.9994511447151823 0.9995057206471188 0.9998305354921191 0.005875853245054839 0.0066622312361001605 0.01626744874738642 0.01815163045057933 0.024820435968018167 0.028969006298465366 0.03765978307372399 2.8278001097705103
133 7448 -0.9998888164456644 -0.9994511447151823 0.9995057206471188 0.9998305354921191 0.005875853245054839 0.0066622312361001605 0.01626744874738642 0.01815163045057933 0.024820435968018167 0.028969006298465366 0.03765978307372399 2.8278001097705103
134 7504 -0.9998888164456644 -0.9994511447151823 0.9995057206471188 0.9998305354921191 0.005875853245054839 0.0066622312361001605 0.01626744874738642 0.01815163045057933 0.024820435968018167 0.028969006298465366 0.03765978307372399 2.8278001097705103
135 7560 -0.9998888164456644 -0.9994511447151823 0.9995057206471188 0.9998305354921191 0.005875853245054839 0.0066622312361001605 0.01626744874738642 0.01815163045057933 0.024820435968018167 0.028969006298465366 0.03765978307372399 2.8278001097705103
136 7616 -0.9998888164456644 -0.9994511447151823 0.9995057206471188 0.9998305354921191 0.005875853245054839 0.0066622312361001605 0.01626744874738642 0.01815163045057933 0.024820435968018167 0.028969006298465366 0.03765978307372399 2.8278001097705103
