% # columns="iteration, evaluation, sigma, void, void,  stds==sigma*sigma_vec.scaling*sqrt(diag(C))", seed=277977, Fri Mar 28 13:21:43 2025, <python>{}</python>
1 56 0.4178623473446734 0 0 0.39309217854375633 0.36848452859236985 0.4096143826999516 0.3784563114089388 0.40037840481015713 0.3867437118355859 0.3990395256196472 0.3677760386227359
2 112 0.42313222379212106 0 0 0.3628131247609138 0.3581623352464655 0.4254360499576397 0.375825282063823 0.3725287798669173 0.360259037077282 0.38950734120376096 0.3702227922907579
3 168 0.4804217687395505 0 0 0.3803181158452185 0.3781318131977635 0.4530879422308573 0.39026284500743025 0.4256936282739582 0.43914359423016547 0.41831318838028925 0.4154125191131117
4 224 0.46315393711812897 0 0 0.3357159373621572 0.33956364865012684 0.4595154041329352 0.35074694290452946 0.39476546839681564 0.4006178942239257 0.36492089943405814 0.36763688364583785
5 280 0.45162918378026984 0 0 0.3206153129985843 0.32423925367185824 0.42828884964777053 0.32635315083166383 0.37177298891795596 0.3536782692136007 0.3618362771966714 0.346419365976124
6 336 0.41298953969801433 0 0 0.28564538648816773 0.2732270593649976 0.3561164092883956 0.29502964798597797 0.31135782127263867 0.29566973984889644 0.3376532134573229 0.30140563067953163
7 392 0.3928639304618537 0 0 0.2684629244435993 0.23430619928913438 0.3376595918068667 0.26510439966437677 0.29634265062289544 0.278664472851188 0.3175356653687686 0.25424332040339803
8 448 0.45410932512689256 0 0 0.3738191014934577 0.2500379265501394 0.37044785863142693 0.2725838987368666 0.3167033285964892 0.31781396269191514 0.35132872499847906 0.27964835465491533
9 504 0.4563885846302815 0 0 0.34854137839577076 0.24157233497035907 0.3512306326756811 0.2550508891184786 0.3047477094535947 0.30809298564403637 0.3282253682606872 0.27364930505677476
10 560 0.4868164737540413 0 0 0.4071152026149884 0.24974052264168936 0.3564591778546683 0.25074937968367716 0.30382258712476073 0.30764031432940603 0.3469316053108318 0.29393631746047433
11 616 0.4302896214162911 0 0 0.34341586668470053 0.2060936002962801 0.2971943584754753 0.20540198432064966 0.2497443612648204 0.2503589682864509 0.307070401509968 0.2614644872288586
12 672 0.3758627364455218 0 0 0.27665441500198157 0.17583043008178081 0.24131462455848782 0.16737258346370928 0.19401867523067626 0.20074943519927657 0.25219217555120815 0.22015674249279085
13 728 0.3861057748613447 0 0 0.2673637290619355 0.17972951065633697 0.2401323168546499 0.16488757737979104 0.1938025999549326 0.18970043552899737 0.2647705685527005 0.21927253519102188
14 784 0.3616483194039767 0 0 0.22475355165482902 0.16363235532747938 0.2236888782561046 0.1444250600645897 0.17539014617947873 0.1641037553348175 0.23483876745088253 0.19391179973727374
15 840 0.37586388381198454 0 0 0.21292689652711624 0.16470759789235212 0.2236018491349282 0.13712261365249198 0.1752600940118654 0.17443135210418662 0.24529006560879413 0.1965378904797325
16 896 0.41162562703943156 0 0 0.2102471087758453 0.17245064213717076 0.2444381085347549 0.14522085088474937 0.2049727999129724 0.20077380471072678 0.265886381439848 0.22590534952087823
17 952 0.3788239802630479 0 0 0.17565156115557085 0.16090676824867028 0.20842968675891652 0.12835910554603933 0.1844000490014957 0.16780816928556347 0.23408176342011075 0.19216366706447363
18 1008 0.3446180383925629 0 0 0.1489234523203742 0.13473993140850396 0.17237700103914252 0.11305196904667308 0.16350947549276196 0.14199410421460476 0.19795704346255866 0.16018647049799398
19 1064 0.34653672492861 0 0 0.15024541570433317 0.13164149244774853 0.17045111643576608 0.10719672723391593 0.16935030214047553 0.1318418025258322 0.1911290678564346 0.14915621409143123
20 1120 0.3458365294520179 0 0 0.14670878448785377 0.130311269363594 0.15892730895518956 0.1014116202855072 0.1705303995099519 0.12448066986456646 0.169201570383303 0.14361305077144104
21 1176 0.3142237510373836 0 0 0.12815242724960726 0.10952438278870404 0.13473643008423128 0.0858545582972034 0.1466832861863489 0.10896220717881502 0.14128675209549607 0.1218153559978018
22 1232 0.3305807381272675 0 0 0.12615659830252482 0.10965482467622684 0.13576189066550626 0.08868947110172934 0.1557995083609181 0.10991243845460613 0.14361473681851356 0.11926255572013432
23 1288 0.3023602021705003 0 0 0.10583317711248631 0.09743307647838072 0.11383336661664327 0.07779593699485332 0.13467064782757143 0.09869803211031036 0.12205077825104839 0.10529252446984101
24 1344 0.2745275827025216 0 0 0.09618402145717043 0.08198690411133493 0.09669631374161713 0.06557278403891723 0.12240605722039644 0.08024299817890036 0.11098336821148803 0.08958408241128013
25 1400 0.2727932927487922 0 0 0.09202307958942171 0.07459015633087887 0.08845163169977456 0.05980965182290233 0.11304275233856345 0.08286954967572244 0.1031791311749257 0.08579642136091112
26 1456 0.24293364254280322 0 0 0.07520522179757912 0.06632870389381627 0.07416175577667633 0.05068244374483046 0.09465389180255551 0.06976170230648926 0.0863335019807761 0.07092808691013433
27 1512 0.22127968484881144 0 0 0.06370690774209198 0.0569719466638974 0.06401986762675396 0.04303950265183584 0.08173578317973523 0.056708054670330986 0.07308888513036638 0.059571689820674144
28 1568 0.2251612939199761 0 0 0.06397691614048485 0.05454040761475371 0.058122121900079614 0.041429227461566284 0.0849991379620352 0.051499001300357894 0.07655908570437903 0.058771910159617836
29 1624 0.23452387182646056 0 0 0.06085476697983432 0.05783066366660641 0.0623586040234143 0.043545960447914936 0.08041423440263229 0.0493076629438601 0.07556520577807632 0.062157159753124636
30 1680 0.22632854539563244 0 0 0.05677870324030274 0.05904984107387565 0.05873219786507111 0.039825220183975094 0.07913995862741904 0.042792722210935254 0.07224492629487561 0.05421213697987539
31 1736 0.22602853059453576 0 0 0.05403685343549178 0.05783040372437605 0.05465427465281347 0.037902112174646486 0.07807623736901781 0.04306582161165382 0.0703264409458955 0.053300543536094015
32 1792 0.22129021864007728 0 0 0.04898178535435875 0.052799062364257965 0.05377887679834362 0.0345982721188445 0.0721721003452492 0.040008391704995344 0.06272575410312156 0.048463797178135364
33 1848 0.21934457464471038 0 0 0.04428122961635072 0.0507839079239482 0.04903013369127628 0.03226436689145784 0.07080220856363362 0.03827810039073084 0.057872409909942905 0.047491993422284044
34 1904 0.22647375812319367 0 0 0.044147739003605954 0.05244805130776153 0.045917835602761276 0.03256208406125954 0.07156501998102764 0.0400181786210051 0.056592971264597065 0.046295215370425385
35 1960 0.18581937519372296 0 0 0.033350363804790104 0.03974127074167182 0.0347792488891006 0.025181027785647247 0.05594824711769563 0.029616958310265444 0.04459221336217558 0.03678901332232659
36 2016 0.1934569454698191 0 0 0.03290437001430111 0.04034165600129471 0.03558114192878251 0.024802267111578357 0.054392388625785104 0.03288717938712194 0.04340680247617804 0.03603407787166179
37 2072 0.21933473732110342 0 0 0.03509737864871273 0.051886793618898516 0.041138898880706556 0.030530555336369333 0.06505165270707705 0.0380049078024221 0.04662643296977917 0.03720260156772118
38 2128 0.22205060388372375 0 0 0.03143409161169421 0.05112197166286288 0.04189114014809211 0.028869154226383184 0.06156405452838626 0.03594594304641357 0.04373391084357568 0.03593069895642408
39 2184 0.1911273353453135 0 0 0.026363290443816217 0.04428267408256266 0.03569126399985502 0.024348886065176763 0.050874078154519796 0.028945051807995826 0.03604355754938457 0.0287407348802985
40 2240 0.16735883355392941 0 0 0.0222090732623046 0.03549136813048566 0.0306200632727445 0.020366606668613094 0.04389939015453099 0.023121273143871912 0.02780426484185682 0.023665502523740778
41 2296 0.17316028136520653 0 0 0.021054460252297683 0.03399629929721859 0.031651940693954814 0.02066039008667967 0.04318622743816798 0.022487708609652834 0.026248118819831797 0.02306869538243468
42 2352 0.19213763098607628 0 0 0.02240883119852201 0.03662386820328021 0.03322744132110522 0.02299115817721856 0.0451463659316257 0.024469922720265512 0.026451757002940907 0.02605805295510568
43 2408 0.19557515523074182 0 0 0.021985770635050046 0.034570987664201344 0.03206611891359175 0.02222030052790178 0.04294409574492 0.022479832918235756 0.024973416785885532 0.025149269767556937
44 2464 0.18188510365455368 0 0 0.018248660830018807 0.02926634837929808 0.02794219847000327 0.01823441318372895 0.038250121339851846 0.018520788589351217 0.02053219102600656 0.021579915481789308
45 2520 0.16508476610724823 0 0 0.015016759121842133 0.024753607141920687 0.024844166878011678 0.016152291241325344 0.03240443518775215 0.015954944396644986 0.01760071582530191 0.018488016443005743
46 2576 0.1545469470139683 0 0 0.013237962133488492 0.021254634641725327 0.021966361757827745 0.014451773885643227 0.02933150311702501 0.013445552115413394 0.016187051521880564 0.015931850147843714
47 2632 0.17586924019224318 0 0 0.013949419517764598 0.023257935152784914 0.023455158857046004 0.015426152729867642 0.03179167558714115 0.015782008943332086 0.017632582266655452 0.017009375013669992
48 2688 0.17211511287945763 0 0 0.013766053748433062 0.022761692147062838 0.02329887245875443 0.014891374508669791 0.029693060365421135 0.014707963486073613 0.01660712263174649 0.015518502609095928
49 2744 0.16934903994394093 0 0 0.012738582607155277 0.021733236359444085 0.021257867683656104 0.014256151561442049 0.028229545917229974 0.013356640093526485 0.014727908510827229 0.015253682091264487
50 2800 0.1517736618778768 0 0 0.010959298613000368 0.01810804925718766 0.017674041312840755 0.011682467150904593 0.02321025286678657 0.011129194659150765 0.012564340939641885 0.01380756830259159
51 2856 0.1464939690398503 0 0 0.010081441245676505 0.015710037149398327 0.016021853267216092 0.010370035119174842 0.020238547715713425 0.009971066204101788 0.011691379265130912 0.012547421697365635
52 2912 0.16841721154649966 0 0 0.010412610272929997 0.018510971137800106 0.017270309240910647 0.011196599578460267 0.021826600247603266 0.010583361823188461 0.012452222590622838 0.013838470031217189
53 2968 0.1482691586513903 0 0 0.008540686351747893 0.015208720473540549 0.01401384448588257 0.009032100733304831 0.018010666994208707 0.008369670029300948 0.010403084750566421 0.011314006927171502
54 3024 0.13545363954208975 0 0 0.007426294315452351 0.012998092525111951 0.012549370061649598 0.007655830593254532 0.015457538329810951 0.00732435339203548 0.008560305905116557 0.010134486239764448
55 3080 0.1341575623189555 0 0 0.007050014241827283 0.012019650928533677 0.011735849062183036 0.007317189148210274 0.014710402107006965 0.006977498862786453 0.008026703506584134 0.00942145754419314
56 3136 0.13138256588084654 0 0 0.006456610608545542 0.010754230007524734 0.011141139822945423 0.0066572096376293945 0.014008960475633221 0.00642145433088524 0.0076186350884914185 0.008855787508260153
57 3192 0.144788394211465 0 0 0.006502601438463548 0.011329056642782423 0.011738682958671084 0.006903821317490626 0.013517159844068495 0.007773632851572008 0.00769334895977331 0.00894386385048393
58 3248 0.13456377388991367 0 0 0.005598411589420886 0.009409029495102219 0.010218734615013162 0.005794298984756787 0.011784319792606053 0.006876079689544535 0.006713561892081244 0.008349717168250963
59 3304 0.13594267637027266 0 0 0.005133145830527156 0.009105091738270593 0.010257104705546813 0.005419351104142557 0.011770438679822904 0.006490588309230822 0.006772933077744181 0.008543131280215605
60 3360 0.11744155656399548 0 0 0.004068217132150362 0.007378955580890577 0.00841382885759531 0.004333808458063572 0.009527581822890239 0.005248122575844107 0.005371548904576892 0.006918615125930301
61 3416 0.1164988113543061 0 0 0.0037471437060977394 0.007536230831794331 0.008210435298159614 0.0043341984188533435 0.008655031446275685 0.0051471713877130135 0.004965596917388071 0.006476565416447127
62 3472 0.09999184422521674 0 0 0.0030962353882781615 0.006060425014648464 0.006596674510849324 0.0033187420888929915 0.006985486622511475 0.0040219357942130616 0.003982524036836679 0.00495325513286913
63 3528 0.09936135412322009 0 0 0.002927576294029046 0.0056575165807389 0.006078060671834017 0.0030066920108168496 0.006344753025982263 0.0035446638827942778 0.003884647061810398 0.004606404294685739
64 3584 0.09340396460561301 0 0 0.0025921485590392483 0.0048406696285167765 0.005407089693120727 0.0025472846582083137 0.005839645014811737 0.0030898554267404154 0.003401933060135631 0.004096139450498523
65 3640 0.08800801553564197 0 0 0.0023194601331904376 0.004370070324322197 0.004759020978061617 0.0022440177040369412 0.0053203732059655204 0.002613736773188532 0.0031137163760209864 0.003587074616830165
66 3696 0.08889335987551876 0 0 0.0022200624831078875 0.004200195850390708 0.004558777828850978 0.00210654939769938 0.005318960347890327 0.0024275504666008093 0.0028961176073845096 0.0035998206789065344
67 3752 0.09503932599871281 0 0 0.002230937550260526 0.004255487838592017 0.004548587821574472 0.0021601529674624147 0.005550527178216261 0.0025561937469714513 0.0029367752953151044 0.003550840173635758
68 3808 0.09139668257046715 0 0 0.0020752713034755304 0.0038290870961983294 0.0040429294471407765 0.0019494900986283257 0.005144201267851871 0.0024188277832031253 0.002662986258150427 0.003231900435946635
69 3864 0.08106324467892907 0 0 0.0016509032607147527 0.003165014621814738 0.0033015655633061997 0.001514474408981563 0.004179404410703467 0.0019530464020656878 0.002181760961639571 0.0028074220928885193
70 3920 0.07483864029601761 0 0 0.0013800232839615723 0.0028714941021709176 0.0029180120185263603 0.0013166051629472206 0.003815513633275531 0.0017390672438197948 0.0018754228417283939 0.002612803821637115
71 3976 0.07050592691847989 0 0 0.0012236797323362315 0.002537936503955486 0.002631990683906319 0.001160018913312967 0.00350838486227325 0.0015170765069192655 0.001661330592680393 0.002372267062608923
72 4032 0.0660759658439083 0 0 0.001072831666945819 0.0022596302024943567 0.002458670082718513 0.0009631255954122098 0.0032126207415634814 0.001369914703821327 0.0015594040595355019 0.0021517532175391947
73 4088 0.06276323239284286 0 0 0.0009512715735425118 0.002012334294344255 0.002177473660510035 0.0008819979212840115 0.002826317240078234 0.00117553349564521 0.0013939928335538173 0.0018652769274368254
74 4144 0.06786106946197337 0 0 0.0009531733294681662 0.001994337684362207 0.0022220344222465263 0.0009395807448977384 0.00279982914644952 0.0012240234123828278 0.0014520066709381482 0.0019697425183171848
75 4200 0.06052774467672017 0 0 0.000772616359442133 0.0016793649139389252 0.0018594520342186227 0.0007937632020334633 0.0023968428902597346 0.0010142437614611812 0.0012458959613052306 0.0016261916682471704
76 4256 0.05712268310131249 0 0 0.0006968525282875793 0.0015091393973904721 0.0016093414061327763 0.0007210525860556697 0.0022074700076177155 0.0008639451710254056 0.0011633509673973734 0.0014194356049070918
77 4312 0.05539509076920373 0 0 0.0006336748498042274 0.0013881089445581074 0.0014880399131359193 0.0006671936363595512 0.0020195733533037367 0.0008117806357910879 0.0010579564814028894 0.0013148940916192038
78 4368 0.05384109772873572 0 0 0.0005702516659328001 0.0013325174853086623 0.0013975733504766868 0.0006023891227265479 0.0018068670648565632 0.0007539928137878725 0.0010227266694531954 0.001206615343073848
79 4424 0.04727705562548339 0 0 0.0004887522542004151 0.00110072954036362 0.001176062357454309 0.0004858393584656121 0.0015146308054842926 0.0006332973838051109 0.0008574695703467778 0.0010695843406745564
80 4480 0.04559402185097111 0 0 0.0004250289280352889 0.0009797814691448134 0.001081196879232016 0.0004305744416163491 0.0014466967191873374 0.0005708998506596706 0.0007888843829424704 0.0010248261016309543
81 4536 0.0468297012973079 0 0 0.00042085608881253594 0.0009535540440992889 0.0010727781387085116 0.0004089170162670245 0.0014702949874509852 0.0005508214146123239 0.0007966866558091417 0.0010066328675312167
82 4592 0.044989230021529256 0 0 0.0003955352649550734 0.0008843311153902234 0.0009644500253723313 0.00037631021346053504 0.0013255186910331414 0.0005068768917982937 0.0007553973831785055 0.0009010419017956576
83 4648 0.045042181733983944 0 0 0.00038789627989599434 0.0008189776388522276 0.0009148314208789173 0.0003421543910233323 0.0012423583898848523 0.00047392059425747506 0.0006958804979800579 0.0008052969696772131
84 4704 0.04371557604318882 0 0 0.0003525785388728578 0.0007452825843308853 0.0008417747167286341 0.00031381740870367695 0.001141420421156092 0.0004315757873871846 0.0006550808173500143 0.0006991631923340501
85 4760 0.045876940017658616 0 0 0.00035331741242154225 0.0007432559740242633 0.0008604282852310971 0.00033356005979157306 0.0011303777703142522 0.0004208439273765096 0.0006479233982097199 0.0007004514570708091
86 4816 0.039326739759246415 0 0 0.00029296005377955735 0.0006126891267475678 0.0007022614713743405 0.0002838947095786846 0.0009009204541799145 0.0003296672005121177 0.0005090335776991232 0.0005772840335133727
87 4872 0.03966984686885275 0 0 0.00027125187371995947 0.0006356130780686775 0.0006834342994388134 0.0002851854818951388 0.0008342960290279806 0.0003246593561561348 0.00048231309888721786 0.0005684239702713366
88 4928 0.0352205563960221 0 0 0.00023147295427908455 0.0005421749328340366 0.0005975854283070888 0.00023833413691591617 0.0007177870533477473 0.0002725662900355392 0.00039789229268153575 0.00048761824121368167
89 4984 0.03212000042201844 0 0 0.00019134408487254077 0.0004847132350599247 0.0005315809074810043 0.00021184531414416042 0.0005922275211027842 0.00023698838218297961 0.00034038377653471694 0.00042284685500169997
90 5040 0.03129413155669257 0 0 0.00017666988730715127 0.0004862749500756422 0.0005339820091256496 0.00019378711329029057 0.0005724366085832259 0.00023284123030779867 0.00032948094211099685 0.00044768247391559923
91 5096 0.028820838287691674 0 0 0.00015578870118330827 0.00041397871881748336 0.00047603607345836493 0.00017013770157840255 0.000485387322577358 0.00020625486722529468 0.0002928727687825962 0.00037768480880088286
92 5152 0.024795723214285872 0 0 0.0001262256209409514 0.0003280906049761946 0.00038119732092012717 0.00013488141685691904 0.00039527781882988983 0.00017190563018161653 0.00023087906808835347 0.0003100214145013378
93 5208 0.021818544790455967 0 0 0.00010342691561027898 0.00027930932028829864 0.0003260434182465551 0.00011082191602923464 0.0003324293649957881 0.00014714475539259983 0.0001943367046983156 0.0002544909693676377
94 5264 0.022306257259430067 0 0 0.00010241354685209312 0.00026570673300495344 0.00031718482110307516 0.00010615449224447535 0.000329458373970951 0.0001480862681231294 0.00019045482975442788 0.0002492658444742118
95 5320 0.019707460000581892 0 0 8.361167223637844e-05 0.00021743891441453595 0.00025701878424815743 8.702551090703025e-05 0.00026610460004906 0.0001202715728202393 0.00016022412893795015 0.00020398931195717061
96 5376 0.01940470765077288 0 0 8.027340052083736e-05 0.00020768445670845594 0.0002434471981354612 8.343031686191593e-05 0.00026185135554334136 0.00011842213920325904 0.00016207278025748243 0.0001969127329833149
97 5432 0.018472921735609462 0 0 7.449501390543744e-05 0.00018679988843002372 0.00021921559725607322 7.675973124132102e-05 0.00023155396631563234 0.00010656386756470167 0.0001493378840033683 0.00017889303829279895
98 5488 0.017440265071321983 0 0 6.647468847574549e-05 0.0001664456430215046 0.00019580671310365092 6.837644886560408e-05 0.00022304284650024098 0.00010004521818520616 0.00013739075383563222 0.0001701329043674448
99 5544 0.017674697175829764 0 0 6.357323958505516e-05 0.00015654568267859905 0.00019073491576437294 6.789848616974051e-05 0.00022258477235953316 9.361947498871977e-05 0.00013239053208709533 0.00016434236579771587
100 5600 0.01731855910553396 0 0 6.271269511398869e-05 0.00014417599350658068 0.00017179645028316386 6.535429166821897e-05 0.00022109223383820525 8.825501276025459e-05 0.00012568820696274384 0.0001571343733166271
101 5656 0.015696409859095765 0 0 5.214932475915634e-05 0.00012226875912620922 0.00014827927932186045 5.501179145828478e-05 0.00018675453688194222 7.584024730487328e-05 0.00010792857139507064 0.0001367030996762161
102 5712 0.016267203466627855 0 0 5.256511659436696e-05 0.00012196569348478032 0.00014607265303670552 5.673945966955291e-05 0.00018361251196372214 7.4994243772599e-05 0.00010241704044489124 0.00013558683789691563
103 5768 0.01446404626536071 0 0 4.647334834311685e-05 9.999906421005934e-05 0.00011708291021852227 4.761131153936951e-05 0.00015123316747998625 6.101309578391165e-05 8.195347412925918e-05 0.00011532036172464691
104 5824 0.012593740964794202 0 0 3.968586560924849e-05 8.450646442345777e-05 0.00010051302751793137 4.118603222737354e-05 0.0001260169307502736 4.927397946546074e-05 6.874315115414167e-05 9.435004506518732e-05
105 5880 0.012562983674467978 0 0 3.8193942654545586e-05 7.838408146051519e-05 9.267349978343698e-05 3.9603171709242955e-05 0.0001194884724146621 4.876149934984706e-05 6.709556449847373e-05 8.612117150604545e-05
106 5936 0.010748364804136091 0 0 3.111835162975505e-05 6.354558514045856e-05 7.756710472806877e-05 3.200784829911661e-05 9.744584144035152e-05 3.9391553485558746e-05 5.51065473634677e-05 6.72199419135111e-05
107 5992 0.010035445118892787 0 0 2.7680923212539707e-05 5.498402722020517e-05 6.893311755662912e-05 2.773046509079106e-05 8.442904095176187e-05 3.460698412796914e-05 5.0217635304831336e-05 5.9320873557206756e-05
108 6048 0.010054171830876472 0 0 2.681911755084043e-05 5.5499422664450685e-05 7.001459443589476e-05 2.7086744515041382e-05 8.22117433712286e-05 3.4902852884491844e-05 4.877811746353058e-05 5.890099209687387e-05
109 6104 0.010067657184541995 0 0 2.5849519421495378e-05 5.539227577004583e-05 6.998927931389787e-05 2.679842821650946e-05 7.755532186910472e-05 3.3753620144761816e-05 4.738482709422211e-05 5.6379299733665205e-05
110 6160 0.009332652379236517 0 0 2.2050861758463837e-05 5.173237572128111e-05 6.575211051411296e-05 2.3055206682060825e-05 6.839140343486709e-05 3.16530334800679e-05 4.2667678464216574e-05 5.247487252690366e-05
111 6216 0.009391778232071275 0 0 2.210031287172092e-05 4.791232132241878e-05 6.332674777660848e-05 2.3081214733294688e-05 6.551259298186112e-05 2.963634266107079e-05 4.0285723191673584e-05 4.918604937563808e-05
112 6272 0.008889013386047612 0 0 2.061710295289615e-05 4.195394989829237e-05 5.4826656102244176e-05 2.0775593411141918e-05 6.1028007994581375e-05 2.6174179700322694e-05 3.694717367411871e-05 4.3731792296396525e-05
113 6328 0.008002089042983282 0 0 1.7111725467466204e-05 3.6296960780664926e-05 4.616047768396996e-05 1.7055427149567895e-05 5.305996286420216e-05 2.1349540535429782e-05 3.259246381014464e-05 3.665084032955071e-05
114 6384 0.006943309288197222 0 0 1.3919583166813876e-05 3.115596052550495e-05 3.9809625200342775e-05 1.3829389497401423e-05 4.544451657065597e-05 1.861447384553006e-05 2.7657500485883134e-05 3.063378602289343e-05
115 6440 0.006217757424506605 0 0 1.1638941324520108e-05 2.680793135826967e-05 3.352267283373723e-05 1.1324688071394453e-05 3.709157805266723e-05 1.557394564911598e-05 2.276325848035181e-05 2.6280487681303905e-05
116 6496 0.006621360940081477 0 0 1.1777454904662275e-05 2.747234230550437e-05 3.456581539358324e-05 1.1683798087654296e-05 3.7455017357969926e-05 1.577112723444976e-05 2.2567837487992448e-05 2.8818633435919254e-05
117 6552 0.0068447552493928945 0 0 1.1831616451539299e-05 2.7713441717306243e-05 3.4902213427723356e-05 1.2070579106855583e-05 3.851066982193218e-05 1.584944593851264e-05 2.1813618797084024e-05 2.871486148904852e-05
118 6608 0.005866572268195663 0 0 9.659177596012134e-06 2.317160896576154e-05 2.8848233823510032e-05 1.0026754182681448e-05 3.141531469188954e-05 1.334522999577859e-05 1.7983628796970564e-05 2.394638368239361e-05
119 6664 0.005763185339955354 0 0 9.263180441354249e-06 2.125837344296922e-05 2.7483955705211077e-05 9.439137330222508e-06 3.0401983523893207e-05 1.274019164834873e-05 1.729047214314135e-05 2.2926959844561448e-05
120 6720 0.005093572760022333 0 0 7.720407639496123e-06 1.799446944661511e-05 2.3778695294159604e-05 7.650131142234307e-06 2.579516689753716e-05 1.1913973250059431e-05 1.5234609436001552e-05 1.9710630188756548e-05
121 6776 0.004644734907911649 0 0 7.103844691582469e-06 1.507438245372114e-05 1.979549868311011e-05 6.955392600820689e-06 2.248467788236822e-05 1.0127548044344679e-05 1.315739208773397e-05 1.6294468011025093e-05
122 6832 0.004451165385620145 0 0 6.254526911460269e-06 1.3195889341453869e-05 1.7610729733576313e-05 5.960758427268943e-06 2.0002729520975847e-05 9.053496282370306e-06 1.2004574622097608e-05 1.4191767307038654e-05
123 6888 0.00394288102395369 0 0 5.628003420114613e-06 1.1099831742953459e-05 1.510006422328332e-05 5.226354108592333e-06 1.6574493283800177e-05 7.509571131437912e-06 9.765801018677309e-06 1.183954553510351e-05
124 6944 0.004398355397845956 0 0 6.413809224477026e-06 1.2193748227727526e-05 1.652567253165162e-05 5.84871162697376e-06 1.780322865935611e-05 8.061892787997237e-06 1.0429514996789606e-05 1.2567129649782053e-05
125 7000 0.004268068200722333 0 0 5.968933796683456e-06 1.15889999786824e-05 1.5579215154423274e-05 5.3728676451540305e-06 1.6687797539477125e-05 7.758815273749592e-06 9.784173556250895e-06 1.1786280112109154e-05
126 7056 0.004224459704707315 0 0 5.663925290250547e-06 1.0961034760736912e-05 1.4745545878365597e-05 5.109315053739579e-06 1.6727074876672727e-05 7.714950701402676e-06 1.0167468627779151e-05 1.1547726708577459e-05
127 7112 0.0036389780827608183 0 0 4.5334075065998175e-06 9.090381491134158e-06 1.2178224559229883e-05 4.149118251271825e-06 1.40878155877638e-05 6.472162684103545e-06 8.381444935115954e-06 9.578527964695341e-06
128 7168 0.0037562163774997764 0 0 4.528759870129201e-06 8.452621705410011e-06 1.130098975986349e-05 4.025163055248063e-06 1.3982610082758966e-05 6.405758294700177e-06 7.94451025509917e-06 8.978759056488687e-06
129 7224 0.003394783679530014 0 0 3.922441543481497e-06 7.2594875156105424e-06 9.7249099246219e-06 3.5290199509008506e-06 1.2458021859061429e-05 5.4666447235467505e-06 7.134175615901269e-06 7.907880025937792e-06
130 7280 0.003103603266491256 0 0 3.409376198291041e-06 6.205006978849469e-06 8.353193415376156e-06 3.081774415115222e-06 1.0746123193953198e-05 4.6194105577262726e-06 5.827121813197071e-06 6.682786069255568e-06
131 7336 0.0031717921935165323 0 0 3.3769160159853077e-06 6.281368495542172e-06 8.247738980702916e-06 3.035626851210733e-06 1.0336059587638183e-05 4.446746716557526e-06 5.843683438378974e-06 6.4864562955087644e-06
132 7392 0.002772122119866493 0 0 2.8993459815262037e-06 5.266684693969364e-06 7.180784298349301e-06 2.6815173311040135e-06 8.660069529942739e-06 3.6531362790088792e-06 4.7073274708416735e-06 5.3392157220710395e-06
133 7448 0.002716675626925703 0 0 2.778375245162581e-06 5.277371650119794e-06 6.9969534293855826e-06 2.481945159506285e-06 8.02044465780066e-06 3.334114350676652e-06 4.4132232775735565e-06 5.080760357471557e-06
134 7504 0.0026483406948666468 0 0 2.5891611429890295e-06 4.967333532732516e-06 6.327906369804953e-06 2.241439572072209e-06 7.429045014420733e-06 3.0260043642340005e-06 4.022056507362053e-06 4.546026956410161e-06
135 7560 0.0024105004938134 0 0 2.2264445086900613e-06 4.674707836849009e-06 5.7821518443286e-06 2.0404093316388573e-06 6.437081227142709e-06 2.6627390477724756e-06 3.4693438230775893e-06 4.2012745607834495e-06
136 7616 0.0022849679569411914 0 0 1.944878919148959e-06 4.0217972637729355e-06 5.012578790351503e-06 1.7988048816002085e-06 5.872734669913418e-06 2.494169810276095e-06 3.2378011401301937e-06 3.6233144925162295e-06
