% # columns="iteration, evaluation, min max(neg(.)) min(pos(.)) max correlation, correlation matrix principal axes lengths  (sorted square roots of eigenvalues of correlation matrix)", seed=444608, Thu Oct 26 13:25:53 2023
1 56 -0.09875712314397192 -0.05238306859520012 0.0030767111039862304 0.13352502330981164 0.8529193367558903 0.9102368459522258 0.9827891500236797 1.012336840087012 1.0225215085552548 1.0449731890080742 1.0716533624920805 1.0804336941769315
2 112 -0.09875712314397192 -0.05238306859520012 0.0030767111039862304 0.13352502330981164 0.8529193367558903 0.9102368459522258 0.9827891500236797 1.012336840087012 1.0225215085552548 1.0449731890080742 1.0716533624920805 1.0804336941769315
3 168 -0.09875712314397192 -0.05238306859520012 0.0030767111039862304 0.13352502330981164 0.8529193367558903 0.9102368459522258 0.9827891500236797 1.012336840087012 1.0225215085552548 1.0449731890080742 1.0716533624920805 1.0804336941769315
4 224 -0.09875712314397192 -0.05238306859520012 0.0030767111039862304 0.13352502330981164 0.8529193367558903 0.9102368459522258 0.9827891500236797 1.012336840087012 1.0225215085552548 1.0449731890080742 1.0716533624920805 1.0804336941769315
5 280 -0.09875712314397192 -0.05238306859520012 0.0030767111039862304 0.13352502330981164 0.8529193367558903 0.9102368459522258 0.9827891500236797 1.012336840087012 1.0225215085552548 1.0449731890080742 1.0716533624920805 1.0804336941769315
6 336 -0.09875712314397192 -0.05238306859520012 0.0030767111039862304 0.13352502330981164 0.8529193367558903 0.9102368459522258 0.9827891500236797 1.012336840087012 1.0225215085552548 1.0449731890080742 1.0716533624920805 1.0804336941769315
7 392 -0.09875712314397192 -0.05238306859520012 0.0030767111039862304 0.13352502330981164 0.8529193367558903 0.9102368459522258 0.9827891500236797 1.012336840087012 1.0225215085552548 1.0449731890080742 1.0716533624920805 1.0804336941769315
8 448 -0.09875712314397192 -0.05238306859520012 0.0030767111039862304 0.13352502330981164 0.8529193367558903 0.9102368459522258 0.9827891500236797 1.012336840087012 1.0225215085552548 1.0449731890080742 1.0716533624920805 1.0804336941769315
9 504 -0.2680344676811573 -0.12161812347781945 0.11021363307719043 0.4741312077572333 0.6037899094895881 0.7861175325772222 0.8460602426643253 0.8742192149088597 1.0269418648249917 1.1260563438437703 1.2154770399608192 1.318098206632279
10 560 -0.2680344676811573 -0.12161812347781945 0.11021363307719043 0.4741312077572333 0.6037899094895881 0.7861175325772222 0.8460602426643253 0.8742192149088597 1.0269418648249917 1.1260563438437703 1.2154770399608192 1.318098206632279
11 616 -0.2680344676811573 -0.12161812347781945 0.11021363307719043 0.4741312077572333 0.6037899094895881 0.7861175325772222 0.8460602426643253 0.8742192149088597 1.0269418648249917 1.1260563438437703 1.2154770399608192 1.318098206632279
12 672 -0.2680344676811573 -0.12161812347781945 0.11021363307719043 0.4741312077572333 0.6037899094895881 0.7861175325772222 0.8460602426643253 0.8742192149088597 1.0269418648249917 1.1260563438437703 1.2154770399608192 1.318098206632279
13 728 -0.2680344676811573 -0.12161812347781945 0.11021363307719043 0.4741312077572333 0.6037899094895881 0.7861175325772222 0.8460602426643253 0.8742192149088597 1.0269418648249917 1.1260563438437703 1.2154770399608192 1.318098206632279
14 784 -0.2680344676811573 -0.12161812347781945 0.11021363307719043 0.4741312077572333 0.6037899094895881 0.7861175325772222 0.8460602426643253 0.8742192149088597 1.0269418648249917 1.1260563438437703 1.2154770399608192 1.318098206632279
15 840 -0.2680344676811573 -0.12161812347781945 0.11021363307719043 0.4741312077572333 0.6037899094895881 0.7861175325772222 0.8460602426643253 0.8742192149088597 1.0269418648249917 1.1260563438437703 1.2154770399608192 1.318098206632279
16 896 -0.2680344676811573 -0.12161812347781945 0.11021363307719043 0.4741312077572333 0.6037899094895881 0.7861175325772222 0.8460602426643253 0.8742192149088597 1.0269418648249917 1.1260563438437703 1.2154770399608192 1.318098206632279
17 952 -0.4439852028121392 -0.25397951923386497 0.14886168288167256 0.4737764228054714 0.3356272663999124 0.5732771845913781 0.6280117017947142 0.8626194127436485 1.1141113519647203 1.2319397240517438 1.3105976864526703 1.394134417778349
18 1008 -0.4439852028121392 -0.25397951923386497 0.14886168288167256 0.4737764228054714 0.3356272663999124 0.5732771845913781 0.6280117017947142 0.8626194127436485 1.1141113519647203 1.2319397240517438 1.3105976864526703 1.394134417778349
19 1064 -0.4439852028121392 -0.25397951923386497 0.14886168288167256 0.4737764228054714 0.3356272663999124 0.5732771845913781 0.6280117017947142 0.8626194127436485 1.1141113519647203 1.2319397240517438 1.3105976864526703 1.394134417778349
20 1120 -0.4439852028121392 -0.25397951923386497 0.14886168288167256 0.4737764228054714 0.3356272663999124 0.5732771845913781 0.6280117017947142 0.8626194127436485 1.1141113519647203 1.2319397240517438 1.3105976864526703 1.394134417778349
21 1176 -0.4439852028121392 -0.25397951923386497 0.14886168288167256 0.4737764228054714 0.3356272663999124 0.5732771845913781 0.6280117017947142 0.8626194127436485 1.1141113519647203 1.2319397240517438 1.3105976864526703 1.394134417778349
22 1232 -0.4439852028121392 -0.25397951923386497 0.14886168288167256 0.4737764228054714 0.3356272663999124 0.5732771845913781 0.6280117017947142 0.8626194127436485 1.1141113519647203 1.2319397240517438 1.3105976864526703 1.394134417778349
23 1288 -0.4439852028121392 -0.25397951923386497 0.14886168288167256 0.4737764228054714 0.3356272663999124 0.5732771845913781 0.6280117017947142 0.8626194127436485 1.1141113519647203 1.2319397240517438 1.3105976864526703 1.394134417778349
24 1344 -0.4439852028121392 -0.25397951923386497 0.14886168288167256 0.4737764228054714 0.3356272663999124 0.5732771845913781 0.6280117017947142 0.8626194127436485 1.1141113519647203 1.2319397240517438 1.3105976864526703 1.394134417778349
25 1400 -0.5136965473161004 -0.3245900969961952 0.1561712661967538 0.48371827874130185 0.21073298859663364 0.4540547471587009 0.7234971443820152 0.8623596499746113 1.0018309231619096 1.127884908451248 1.4316711517037717 1.4686189969934964
26 1456 -0.5136965473161004 -0.3245900969961952 0.1561712661967538 0.48371827874130185 0.21073298859663364 0.4540547471587009 0.7234971443820152 0.8623596499746113 1.0018309231619096 1.127884908451248 1.4316711517037717 1.4686189969934964
27 1512 -0.5136965473161004 -0.3245900969961952 0.1561712661967538 0.48371827874130185 0.21073298859663364 0.4540547471587009 0.7234971443820152 0.8623596499746113 1.0018309231619096 1.127884908451248 1.4316711517037717 1.4686189969934964
28 1568 -0.5136965473161004 -0.3245900969961952 0.1561712661967538 0.48371827874130185 0.21073298859663364 0.4540547471587009 0.7234971443820152 0.8623596499746113 1.0018309231619096 1.127884908451248 1.4316711517037717 1.4686189969934964
29 1624 -0.5136965473161004 -0.3245900969961952 0.1561712661967538 0.48371827874130185 0.21073298859663364 0.4540547471587009 0.7234971443820152 0.8623596499746113 1.0018309231619096 1.127884908451248 1.4316711517037717 1.4686189969934964
30 1680 -0.5136965473161004 -0.3245900969961952 0.1561712661967538 0.48371827874130185 0.21073298859663364 0.4540547471587009 0.7234971443820152 0.8623596499746113 1.0018309231619096 1.127884908451248 1.4316711517037717 1.4686189969934964
31 1736 -0.5136965473161004 -0.3245900969961952 0.1561712661967538 0.48371827874130185 0.21073298859663364 0.4540547471587009 0.7234971443820152 0.8623596499746113 1.0018309231619096 1.127884908451248 1.4316711517037717 1.4686189969934964
32 1792 -0.5136965473161004 -0.3245900969961952 0.1561712661967538 0.48371827874130185 0.21073298859663364 0.4540547471587009 0.7234971443820152 0.8623596499746113 1.0018309231619096 1.127884908451248 1.4316711517037717 1.4686189969934964
33 1848 -0.6191407474290364 -0.32382160588350056 0.16509944899403106 0.6147595790788152 0.17331817179448897 0.494419139073506 0.6522223312265076 0.8007933422448802 0.9236874978001968 1.0488245854223368 1.4782952438833166 1.5875320932953145
34 1904 -0.6191407474290364 -0.32382160588350056 0.16509944899403106 0.6147595790788152 0.17331817179448897 0.494419139073506 0.6522223312265076 0.8007933422448802 0.9236874978001968 1.0488245854223368 1.4782952438833166 1.5875320932953145
35 1960 -0.6191407474290364 -0.32382160588350056 0.16509944899403106 0.6147595790788152 0.17331817179448897 0.494419139073506 0.6522223312265076 0.8007933422448802 0.9236874978001968 1.0488245854223368 1.4782952438833166 1.5875320932953145
36 2016 -0.6191407474290364 -0.32382160588350056 0.16509944899403106 0.6147595790788152 0.17331817179448897 0.494419139073506 0.6522223312265076 0.8007933422448802 0.9236874978001968 1.0488245854223368 1.4782952438833166 1.5875320932953145
37 2072 -0.6191407474290364 -0.32382160588350056 0.16509944899403106 0.6147595790788152 0.17331817179448897 0.494419139073506 0.6522223312265076 0.8007933422448802 0.9236874978001968 1.0488245854223368 1.4782952438833166 1.5875320932953145
38 2128 -0.6191407474290364 -0.32382160588350056 0.16509944899403106 0.6147595790788152 0.17331817179448897 0.494419139073506 0.6522223312265076 0.8007933422448802 0.9236874978001968 1.0488245854223368 1.4782952438833166 1.5875320932953145
39 2184 -0.6191407474290364 -0.32382160588350056 0.16509944899403106 0.6147595790788152 0.17331817179448897 0.494419139073506 0.6522223312265076 0.8007933422448802 0.9236874978001968 1.0488245854223368 1.4782952438833166 1.5875320932953145
