% # columns="iteration, evaluation, min max(neg(.)) min(pos(.)) max correlation, correlation matrix principal axes lengths  (sorted square roots of eigenvalues of correlation matrix)", seed=976475, Tue Mar 25 04:29:24 2025
1 56 -0.06211951950969655 -0.02959293803128532 0.02253779165592242 0.06317641920520375 0.9382708902528926 0.9629097545632326 0.9744252428183601 0.9786838589293699 0.9947245701938826 1.0220773684693962 1.0530071300377855 1.068729506425911
2 112 -0.06211951950969655 -0.02959293803128532 0.02253779165592242 0.06317641920520375 0.9382708902528926 0.9629097545632326 0.9744252428183601 0.9786838589293699 0.9947245701938826 1.0220773684693962 1.0530071300377855 1.068729506425911
3 168 -0.06211951950969655 -0.02959293803128532 0.02253779165592242 0.06317641920520375 0.9382708902528926 0.9629097545632326 0.9744252428183601 0.9786838589293699 0.9947245701938826 1.0220773684693962 1.0530071300377855 1.068729506425911
4 224 -0.06211951950969655 -0.02959293803128532 0.02253779165592242 0.06317641920520375 0.9382708902528926 0.9629097545632326 0.9744252428183601 0.9786838589293699 0.9947245701938826 1.0220773684693962 1.0530071300377855 1.068729506425911
5 280 -0.06211951950969655 -0.02959293803128532 0.02253779165592242 0.06317641920520375 0.9382708902528926 0.9629097545632326 0.9744252428183601 0.9786838589293699 0.9947245701938826 1.0220773684693962 1.0530071300377855 1.068729506425911
6 336 -0.06211951950969655 -0.02959293803128532 0.02253779165592242 0.06317641920520375 0.9382708902528926 0.9629097545632326 0.9744252428183601 0.9786838589293699 0.9947245701938826 1.0220773684693962 1.0530071300377855 1.068729506425911
7 392 -0.06211951950969655 -0.02959293803128532 0.02253779165592242 0.06317641920520375 0.9382708902528926 0.9629097545632326 0.9744252428183601 0.9786838589293699 0.9947245701938826 1.0220773684693962 1.0530071300377855 1.068729506425911
8 448 -0.06211951950969655 -0.02959293803128532 0.02253779165592242 0.06317641920520375 0.9382708902528926 0.9629097545632326 0.9744252428183601 0.9786838589293699 0.9947245701938826 1.0220773684693962 1.0530071300377855 1.068729506425911
9 504 -0.23144527350532784 -0.007454880943717946 0.10888054798506473 0.2568898408888377 0.7587500313925891 0.804987007291115 0.8876436603807036 0.950897663363358 0.9959371050829887 1.1084503537522659 1.1727372257003519 1.2199635934700375
10 560 -0.23144527350532784 -0.007454880943717946 0.10888054798506473 0.2568898408888377 0.7587500313925891 0.804987007291115 0.8876436603807036 0.950897663363358 0.9959371050829887 1.1084503537522659 1.1727372257003519 1.2199635934700375
11 616 -0.23144527350532784 -0.007454880943717946 0.10888054798506473 0.2568898408888377 0.7587500313925891 0.804987007291115 0.8876436603807036 0.950897663363358 0.9959371050829887 1.1084503537522659 1.1727372257003519 1.2199635934700375
12 672 -0.23144527350532784 -0.007454880943717946 0.10888054798506473 0.2568898408888377 0.7587500313925891 0.804987007291115 0.8876436603807036 0.950897663363358 0.9959371050829887 1.1084503537522659 1.1727372257003519 1.2199635934700375
13 728 -0.23144527350532784 -0.007454880943717946 0.10888054798506473 0.2568898408888377 0.7587500313925891 0.804987007291115 0.8876436603807036 0.950897663363358 0.9959371050829887 1.1084503537522659 1.1727372257003519 1.2199635934700375
14 784 -0.23144527350532784 -0.007454880943717946 0.10888054798506473 0.2568898408888377 0.7587500313925891 0.804987007291115 0.8876436603807036 0.950897663363358 0.9959371050829887 1.1084503537522659 1.1727372257003519 1.2199635934700375
15 840 -0.23144527350532784 -0.007454880943717946 0.10888054798506473 0.2568898408888377 0.7587500313925891 0.804987007291115 0.8876436603807036 0.950897663363358 0.9959371050829887 1.1084503537522659 1.1727372257003519 1.2199635934700375
16 896 -0.23144527350532784 -0.007454880943717946 0.10888054798506473 0.2568898408888377 0.7587500313925891 0.804987007291115 0.8876436603807036 0.950897663363358 0.9959371050829887 1.1084503537522659 1.1727372257003519 1.2199635934700375
17 952 -0.18880301256413873 -0.08444785033953217 0.2240019871901246 0.37629694830704963 0.6060780847919082 0.7224507092714029 0.7847613564186758 0.8401631330287983 1.0277402117534462 1.1506179140821093 1.2588005559949593 1.3506515036620186
18 1008 -0.18880301256413873 -0.08444785033953217 0.2240019871901246 0.37629694830704963 0.6060780847919082 0.7224507092714029 0.7847613564186758 0.8401631330287983 1.0277402117534462 1.1506179140821093 1.2588005559949593 1.3506515036620186
19 1064 -0.18880301256413873 -0.08444785033953217 0.2240019871901246 0.37629694830704963 0.6060780847919082 0.7224507092714029 0.7847613564186758 0.8401631330287983 1.0277402117534462 1.1506179140821093 1.2588005559949593 1.3506515036620186
20 1120 -0.18880301256413873 -0.08444785033953217 0.2240019871901246 0.37629694830704963 0.6060780847919082 0.7224507092714029 0.7847613564186758 0.8401631330287983 1.0277402117534462 1.1506179140821093 1.2588005559949593 1.3506515036620186
21 1176 -0.18880301256413873 -0.08444785033953217 0.2240019871901246 0.37629694830704963 0.6060780847919082 0.7224507092714029 0.7847613564186758 0.8401631330287983 1.0277402117534462 1.1506179140821093 1.2588005559949593 1.3506515036620186
22 1232 -0.18880301256413873 -0.08444785033953217 0.2240019871901246 0.37629694830704963 0.6060780847919082 0.7224507092714029 0.7847613564186758 0.8401631330287983 1.0277402117534462 1.1506179140821093 1.2588005559949593 1.3506515036620186
23 1288 -0.18880301256413873 -0.08444785033953217 0.2240019871901246 0.37629694830704963 0.6060780847919082 0.7224507092714029 0.7847613564186758 0.8401631330287983 1.0277402117534462 1.1506179140821093 1.2588005559949593 1.3506515036620186
24 1344 -0.18880301256413873 -0.08444785033953217 0.2240019871901246 0.37629694830704963 0.6060780847919082 0.7224507092714029 0.7847613564186758 0.8401631330287983 1.0277402117534462 1.1506179140821093 1.2588005559949593 1.3506515036620186
25 1400 -0.30246519332657273 -0.12264850654948112 0.20336022079847965 0.5792233198954393 0.3685530463157278 0.7251204103145948 0.7546321113870819 0.8340602599466214 1.0007724413322434 1.189993504567065 1.345348689892997 1.3585469385336428
26 1456 -0.30246519332657273 -0.12264850654948112 0.20336022079847965 0.5792233198954393 0.3685530463157278 0.7251204103145948 0.7546321113870819 0.8340602599466214 1.0007724413322434 1.189993504567065 1.345348689892997 1.3585469385336428
27 1512 -0.30246519332657273 -0.12264850654948112 0.20336022079847965 0.5792233198954393 0.3685530463157278 0.7251204103145948 0.7546321113870819 0.8340602599466214 1.0007724413322434 1.189993504567065 1.345348689892997 1.3585469385336428
28 1568 -0.30246519332657273 -0.12264850654948112 0.20336022079847965 0.5792233198954393 0.3685530463157278 0.7251204103145948 0.7546321113870819 0.8340602599466214 1.0007724413322434 1.189993504567065 1.345348689892997 1.3585469385336428
29 1624 -0.30246519332657273 -0.12264850654948112 0.20336022079847965 0.5792233198954393 0.3685530463157278 0.7251204103145948 0.7546321113870819 0.8340602599466214 1.0007724413322434 1.189993504567065 1.345348689892997 1.3585469385336428
30 1680 -0.30246519332657273 -0.12264850654948112 0.20336022079847965 0.5792233198954393 0.3685530463157278 0.7251204103145948 0.7546321113870819 0.8340602599466214 1.0007724413322434 1.189993504567065 1.345348689892997 1.3585469385336428
31 1736 -0.30246519332657273 -0.12264850654948112 0.20336022079847965 0.5792233198954393 0.3685530463157278 0.7251204103145948 0.7546321113870819 0.8340602599466214 1.0007724413322434 1.189993504567065 1.345348689892997 1.3585469385336428
32 1792 -0.30246519332657273 -0.12264850654948112 0.20336022079847965 0.5792233198954393 0.3685530463157278 0.7251204103145948 0.7546321113870819 0.8340602599466214 1.0007724413322434 1.189993504567065 1.345348689892997 1.3585469385336428
33 1848 -0.5336317207849907 -0.1837613819864857 0.15990083964488064 0.7505801478667424 0.22065647502908795 0.5442344925545682 0.7056455493886183 0.7689270145680425 1.0390279130207352 1.2115453607400033 1.37650928467635 1.4573044177762156
34 1904 -0.5336317207849907 -0.1837613819864857 0.15990083964488064 0.7505801478667424 0.22065647502908795 0.5442344925545682 0.7056455493886183 0.7689270145680425 1.0390279130207352 1.2115453607400033 1.37650928467635 1.4573044177762156
35 1960 -0.5336317207849907 -0.1837613819864857 0.15990083964488064 0.7505801478667424 0.22065647502908795 0.5442344925545682 0.7056455493886183 0.7689270145680425 1.0390279130207352 1.2115453607400033 1.37650928467635 1.4573044177762156
36 2016 -0.5336317207849907 -0.1837613819864857 0.15990083964488064 0.7505801478667424 0.22065647502908795 0.5442344925545682 0.7056455493886183 0.7689270145680425 1.0390279130207352 1.2115453607400033 1.37650928467635 1.4573044177762156
37 2072 -0.5336317207849907 -0.1837613819864857 0.15990083964488064 0.7505801478667424 0.22065647502908795 0.5442344925545682 0.7056455493886183 0.7689270145680425 1.0390279130207352 1.2115453607400033 1.37650928467635 1.4573044177762156
38 2128 -0.5336317207849907 -0.1837613819864857 0.15990083964488064 0.7505801478667424 0.22065647502908795 0.5442344925545682 0.7056455493886183 0.7689270145680425 1.0390279130207352 1.2115453607400033 1.37650928467635 1.4573044177762156
39 2184 -0.5336317207849907 -0.1837613819864857 0.15990083964488064 0.7505801478667424 0.22065647502908795 0.5442344925545682 0.7056455493886183 0.7689270145680425 1.0390279130207352 1.2115453607400033 1.37650928467635 1.4573044177762156
40 2240 -0.5336317207849907 -0.1837613819864857 0.15990083964488064 0.7505801478667424 0.22065647502908795 0.5442344925545682 0.7056455493886183 0.7689270145680425 1.0390279130207352 1.2115453607400033 1.37650928467635 1.4573044177762156
41 2296 -0.7006152524243295 -0.22931312811614812 0.11711226236878661 0.5581393966466515 0.3132881423691205 0.43115119013692427 0.7206731966109174 0.8389398779938477 0.9719430225434745 1.06660564907882 1.2695576445309853 1.6729231164006995
42 2352 -0.7006152524243295 -0.22931312811614812 0.11711226236878661 0.5581393966466515 0.3132881423691205 0.43115119013692427 0.7206731966109174 0.8389398779938477 0.9719430225434745 1.06660564907882 1.2695576445309853 1.6729231164006995
43 2408 -0.7006152524243295 -0.22931312811614812 0.11711226236878661 0.5581393966466515 0.3132881423691205 0.43115119013692427 0.7206731966109174 0.8389398779938477 0.9719430225434745 1.06660564907882 1.2695576445309853 1.6729231164006995
44 2464 -0.7006152524243295 -0.22931312811614812 0.11711226236878661 0.5581393966466515 0.3132881423691205 0.43115119013692427 0.7206731966109174 0.8389398779938477 0.9719430225434745 1.06660564907882 1.2695576445309853 1.6729231164006995
45 2520 -0.7006152524243295 -0.22931312811614812 0.11711226236878661 0.5581393966466515 0.3132881423691205 0.43115119013692427 0.7206731966109174 0.8389398779938477 0.9719430225434745 1.06660564907882 1.2695576445309853 1.6729231164006995
46 2576 -0.7006152524243295 -0.22931312811614812 0.11711226236878661 0.5581393966466515 0.3132881423691205 0.43115119013692427 0.7206731966109174 0.8389398779938477 0.9719430225434745 1.06660564907882 1.2695576445309853 1.6729231164006995
47 2632 -0.7006152524243295 -0.22931312811614812 0.11711226236878661 0.5581393966466515 0.3132881423691205 0.43115119013692427 0.7206731966109174 0.8389398779938477 0.9719430225434745 1.06660564907882 1.2695576445309853 1.6729231164006995
48 2688 -0.7006152524243295 -0.22931312811614812 0.11711226236878661 0.5581393966466515 0.3132881423691205 0.43115119013692427 0.7206731966109174 0.8389398779938477 0.9719430225434745 1.06660564907882 1.2695576445309853 1.6729231164006995
49 2744 -0.7518539202863896 -0.44168603668020145 0.19075830457786755 0.7618488248699312 0.2999064328341306 0.4595316224807736 0.532291001065925 0.5820706930547703 0.8113757011014632 0.947112805388729 1.5980082577953418 1.7227197193695114
50 2800 -0.7518539202863896 -0.44168603668020145 0.19075830457786755 0.7618488248699312 0.2999064328341306 0.4595316224807736 0.532291001065925 0.5820706930547703 0.8113757011014632 0.947112805388729 1.5980082577953418 1.7227197193695114
51 2856 -0.7518539202863896 -0.44168603668020145 0.19075830457786755 0.7618488248699312 0.2999064328341306 0.4595316224807736 0.532291001065925 0.5820706930547703 0.8113757011014632 0.947112805388729 1.5980082577953418 1.7227197193695114
52 2912 -0.7518539202863896 -0.44168603668020145 0.19075830457786755 0.7618488248699312 0.2999064328341306 0.4595316224807736 0.532291001065925 0.5820706930547703 0.8113757011014632 0.947112805388729 1.5980082577953418 1.7227197193695114
53 2968 -0.7518539202863896 -0.44168603668020145 0.19075830457786755 0.7618488248699312 0.2999064328341306 0.4595316224807736 0.532291001065925 0.5820706930547703 0.8113757011014632 0.947112805388729 1.5980082577953418 1.7227197193695114
54 3024 -0.7518539202863896 -0.44168603668020145 0.19075830457786755 0.7618488248699312 0.2999064328341306 0.4595316224807736 0.532291001065925 0.5820706930547703 0.8113757011014632 0.947112805388729 1.5980082577953418 1.7227197193695114
55 3080 -0.7518539202863896 -0.44168603668020145 0.19075830457786755 0.7618488248699312 0.2999064328341306 0.4595316224807736 0.532291001065925 0.5820706930547703 0.8113757011014632 0.947112805388729 1.5980082577953418 1.7227197193695114
56 3136 -0.7518539202863896 -0.44168603668020145 0.19075830457786755 0.7618488248699312 0.2999064328341306 0.4595316224807736 0.532291001065925 0.5820706930547703 0.8113757011014632 0.947112805388729 1.5980082577953418 1.7227197193695114
57 3192 -0.796866328696353 -0.451432161427495 0.21820375094198016 0.7533450147771825 0.29892088987624865 0.33123339288072157 0.42564136892360105 0.6195243063001071 0.6963009054728556 0.9154260749474655 1.577075400486793 1.8509303421587513
58 3248 -0.796866328696353 -0.451432161427495 0.21820375094198016 0.7533450147771825 0.29892088987624865 0.33123339288072157 0.42564136892360105 0.6195243063001071 0.6963009054728556 0.9154260749474655 1.577075400486793 1.8509303421587513
59 3304 -0.796866328696353 -0.451432161427495 0.21820375094198016 0.7533450147771825 0.29892088987624865 0.33123339288072157 0.42564136892360105 0.6195243063001071 0.6963009054728556 0.9154260749474655 1.577075400486793 1.8509303421587513
60 3360 -0.796866328696353 -0.451432161427495 0.21820375094198016 0.7533450147771825 0.29892088987624865 0.33123339288072157 0.42564136892360105 0.6195243063001071 0.6963009054728556 0.9154260749474655 1.577075400486793 1.8509303421587513
61 3416 -0.796866328696353 -0.451432161427495 0.21820375094198016 0.7533450147771825 0.29892088987624865 0.33123339288072157 0.42564136892360105 0.6195243063001071 0.6963009054728556 0.9154260749474655 1.577075400486793 1.8509303421587513
62 3472 -0.796866328696353 -0.451432161427495 0.21820375094198016 0.7533450147771825 0.29892088987624865 0.33123339288072157 0.42564136892360105 0.6195243063001071 0.6963009054728556 0.9154260749474655 1.577075400486793 1.8509303421587513
63 3528 -0.796866328696353 -0.451432161427495 0.21820375094198016 0.7533450147771825 0.29892088987624865 0.33123339288072157 0.42564136892360105 0.6195243063001071 0.6963009054728556 0.9154260749474655 1.577075400486793 1.8509303421587513
64 3584 -0.796866328696353 -0.451432161427495 0.21820375094198016 0.7533450147771825 0.29892088987624865 0.33123339288072157 0.42564136892360105 0.6195243063001071 0.6963009054728556 0.9154260749474655 1.577075400486793 1.8509303421587513
65 3640 -0.8064786842803743 -0.326997164865696 0.2534761885986656 0.7005093076016835 0.20286901490558165 0.37170029128493626 0.4111102494214654 0.4715878129927686 0.7657610987090014 1.2464515747188583 1.5247347800397681 1.721751612698298
66 3696 -0.8064786842803743 -0.326997164865696 0.2534761885986656 0.7005093076016835 0.20286901490558165 0.37170029128493626 0.4111102494214654 0.4715878129927686 0.7657610987090014 1.2464515747188583 1.5247347800397681 1.721751612698298
67 3752 -0.8064786842803743 -0.326997164865696 0.2534761885986656 0.7005093076016835 0.20286901490558165 0.37170029128493626 0.4111102494214654 0.4715878129927686 0.7657610987090014 1.2464515747188583 1.5247347800397681 1.721751612698298
68 3808 -0.8064786842803743 -0.326997164865696 0.2534761885986656 0.7005093076016835 0.20286901490558165 0.37170029128493626 0.4111102494214654 0.4715878129927686 0.7657610987090014 1.2464515747188583 1.5247347800397681 1.721751612698298
69 3864 -0.8064786842803743 -0.326997164865696 0.2534761885986656 0.7005093076016835 0.20286901490558165 0.37170029128493626 0.4111102494214654 0.4715878129927686 0.7657610987090014 1.2464515747188583 1.5247347800397681 1.721751612698298
70 3920 -0.8064786842803743 -0.326997164865696 0.2534761885986656 0.7005093076016835 0.20286901490558165 0.37170029128493626 0.4111102494214654 0.4715878129927686 0.7657610987090014 1.2464515747188583 1.5247347800397681 1.721751612698298
71 3976 -0.8064786842803743 -0.326997164865696 0.2534761885986656 0.7005093076016835 0.20286901490558165 0.37170029128493626 0.4111102494214654 0.4715878129927686 0.7657610987090014 1.2464515747188583 1.5247347800397681 1.721751612698298
72 4032 -0.8064786842803743 -0.326997164865696 0.2534761885986656 0.7005093076016835 0.20286901490558165 0.37170029128493626 0.4111102494214654 0.4715878129927686 0.7657610987090014 1.2464515747188583 1.5247347800397681 1.721751612698298
73 4088 -0.8485372371802669 -0.3984345843360615 0.4765822580071605 0.8221141540395334 0.10675511525365974 0.24779684932014015 0.3258290854857434 0.3775611746634911 0.5729570644737347 1.0514679484701637 1.4423158464196042 2.0406722882542714
78 4368 -0.8485372371802669 -0.3984345843360615 0.4765822580071605 0.8221141540395334 0.10675511525365974 0.24779684932014015 0.3258290854857434 0.3775611746634911 0.5729570644737347 1.0514679484701637 1.4423158464196042 2.0406722882542714
79 4424 -0.8485372371802669 -0.3984345843360615 0.4765822580071605 0.8221141540395334 0.10675511525365974 0.24779684932014015 0.3258290854857434 0.3775611746634911 0.5729570644737347 1.0514679484701637 1.4423158464196042 2.0406722882542714
80 4480 -0.8485372371802669 -0.3984345843360615 0.4765822580071605 0.8221141540395334 0.10675511525365974 0.24779684932014015 0.3258290854857434 0.3775611746634911 0.5729570644737347 1.0514679484701637 1.4423158464196042 2.0406722882542714
81 4536 -0.8887086515688729 -0.6100596169128591 0.7397254473140975 0.9308442732163551 0.07800651940641583 0.1639602164240889 0.22946701066899344 0.2926390579103888 0.4991957330062946 0.7269644068085146 1.1138895802509363 2.4104596403073137
82 4592 -0.8887086515688729 -0.6100596169128591 0.7397254473140975 0.9308442732163551 0.07800651940641583 0.1639602164240889 0.22946701066899344 0.2926390579103888 0.4991957330062946 0.7269644068085146 1.1138895802509363 2.4104596403073137
83 4648 -0.8887086515688729 -0.6100596169128591 0.7397254473140975 0.9308442732163551 0.07800651940641583 0.1639602164240889 0.22946701066899344 0.2926390579103888 0.4991957330062946 0.7269644068085146 1.1138895802509363 2.4104596403073137
84 4704 -0.8887086515688729 -0.6100596169128591 0.7397254473140975 0.9308442732163551 0.07800651940641583 0.1639602164240889 0.22946701066899344 0.2926390579103888 0.4991957330062946 0.7269644068085146 1.1138895802509363 2.4104596403073137
85 4760 -0.8887086515688729 -0.6100596169128591 0.7397254473140975 0.9308442732163551 0.07800651940641583 0.1639602164240889 0.22946701066899344 0.2926390579103888 0.4991957330062946 0.7269644068085146 1.1138895802509363 2.4104596403073137
86 4816 -0.8887086515688729 -0.6100596169128591 0.7397254473140975 0.9308442732163551 0.07800651940641583 0.1639602164240889 0.22946701066899344 0.2926390579103888 0.4991957330062946 0.7269644068085146 1.1138895802509363 2.4104596403073137
87 4872 -0.8887086515688729 -0.6100596169128591 0.7397254473140975 0.9308442732163551 0.07800651940641583 0.1639602164240889 0.22946701066899344 0.2926390579103888 0.4991957330062946 0.7269644068085146 1.1138895802509363 2.4104596403073137
88 4928 -0.8887086515688729 -0.6100596169128591 0.7397254473140975 0.9308442732163551 0.07800651940641583 0.1639602164240889 0.22946701066899344 0.2926390579103888 0.4991957330062946 0.7269644068085146 1.1138895802509363 2.4104596403073137
89 4984 -0.9503238325203432 -0.8373853689736555 0.8595856119889325 0.9659292108384501 0.06548359101214797 0.09047952230187628 0.18401777411192982 0.19920386902167073 0.4086171949796447 0.6199763144649445 0.7071887211001179 2.6196423616494053
90 5040 -0.9503238325203432 -0.8373853689736555 0.8595856119889325 0.9659292108384501 0.06548359101214797 0.09047952230187628 0.18401777411192982 0.19920386902167073 0.4086171949796447 0.6199763144649445 0.7071887211001179 2.6196423616494053
91 5096 -0.9503238325203432 -0.8373853689736555 0.8595856119889325 0.9659292108384501 0.06548359101214797 0.09047952230187628 0.18401777411192982 0.19920386902167073 0.4086171949796447 0.6199763144649445 0.7071887211001179 2.6196423616494053
92 5152 -0.9503238325203432 -0.8373853689736555 0.8595856119889325 0.9659292108384501 0.06548359101214797 0.09047952230187628 0.18401777411192982 0.19920386902167073 0.4086171949796447 0.6199763144649445 0.7071887211001179 2.6196423616494053
93 5208 -0.9503238325203432 -0.8373853689736555 0.8595856119889325 0.9659292108384501 0.06548359101214797 0.09047952230187628 0.18401777411192982 0.19920386902167073 0.4086171949796447 0.6199763144649445 0.7071887211001179 2.6196423616494053
94 5264 -0.9503238325203432 -0.8373853689736555 0.8595856119889325 0.9659292108384501 0.06548359101214797 0.09047952230187628 0.18401777411192982 0.19920386902167073 0.4086171949796447 0.6199763144649445 0.7071887211001179 2.6196423616494053
95 5320 -0.9503238325203432 -0.8373853689736555 0.8595856119889325 0.9659292108384501 0.06548359101214797 0.09047952230187628 0.18401777411192982 0.19920386902167073 0.4086171949796447 0.6199763144649445 0.7071887211001179 2.6196423616494053
96 5376 -0.9503238325203432 -0.8373853689736555 0.8595856119889325 0.9659292108384501 0.06548359101214797 0.09047952230187628 0.18401777411192982 0.19920386902167073 0.4086171949796447 0.6199763144649445 0.7071887211001179 2.6196423616494053
97 5432 -0.9694217490479897 -0.9026786877475426 0.9021012642796443 0.98081776177729 0.06039128039263589 0.06205813118407458 0.1530036248735348 0.17137984438181392 0.29177323306928094 0.5155267745004214 0.61673487103501 2.6848573789698067
98 5488 -0.9694217490479897 -0.9026786877475426 0.9021012642796443 0.98081776177729 0.06039128039263589 0.06205813118407458 0.1530036248735348 0.17137984438181392 0.29177323306928094 0.5155267745004214 0.61673487103501 2.6848573789698067
99 5544 -0.9694217490479897 -0.9026786877475426 0.9021012642796443 0.98081776177729 0.06039128039263589 0.06205813118407458 0.1530036248735348 0.17137984438181392 0.29177323306928094 0.5155267745004214 0.61673487103501 2.6848573789698067
100 5600 -0.9694217490479897 -0.9026786877475426 0.9021012642796443 0.98081776177729 0.06039128039263589 0.06205813118407458 0.1530036248735348 0.17137984438181392 0.29177323306928094 0.5155267745004214 0.61673487103501 2.6848573789698067
101 5656 -0.9694217490479897 -0.9026786877475426 0.9021012642796443 0.98081776177729 0.06039128039263589 0.06205813118407458 0.1530036248735348 0.17137984438181392 0.29177323306928094 0.5155267745004214 0.61673487103501 2.6848573789698067
102 5712 -0.9694217490479897 -0.9026786877475426 0.9021012642796443 0.98081776177729 0.06039128039263589 0.06205813118407458 0.1530036248735348 0.17137984438181392 0.29177323306928094 0.5155267745004214 0.61673487103501 2.6848573789698067
103 5768 -0.9694217490479897 -0.9026786877475426 0.9021012642796443 0.98081776177729 0.06039128039263589 0.06205813118407458 0.1530036248735348 0.17137984438181392 0.29177323306928094 0.5155267745004214 0.61673487103501 2.6848573789698067
104 5824 -0.9694217490479897 -0.9026786877475426 0.9021012642796443 0.98081776177729 0.06039128039263589 0.06205813118407458 0.1530036248735348 0.17137984438181392 0.29177323306928094 0.5155267745004214 0.61673487103501 2.6848573789698067
105 5880 -0.96127460777959 -0.914732653614557 0.9241370827416686 0.9846584159896036 0.047390199564872074 0.058441839074352984 0.10643344953601637 0.17974176938785255 0.23043815202812204 0.4783559110439559 0.6090614972481071 2.701448039592297
106 5936 -0.96127460777959 -0.914732653614557 0.9241370827416686 0.9846584159896036 0.047390199564872074 0.058441839074352984 0.10643344953601637 0.17974176938785255 0.23043815202812204 0.4783559110439559 0.6090614972481071 2.701448039592297
107 5992 -0.96127460777959 -0.914732653614557 0.9241370827416686 0.9846584159896036 0.047390199564872074 0.058441839074352984 0.10643344953601637 0.17974176938785255 0.23043815202812204 0.4783559110439559 0.6090614972481071 2.701448039592297
108 6048 -0.96127460777959 -0.914732653614557 0.9241370827416686 0.9846584159896036 0.047390199564872074 0.058441839074352984 0.10643344953601637 0.17974176938785255 0.23043815202812204 0.4783559110439559 0.6090614972481071 2.701448039592297
109 6104 -0.96127460777959 -0.914732653614557 0.9241370827416686 0.9846584159896036 0.047390199564872074 0.058441839074352984 0.10643344953601637 0.17974176938785255 0.23043815202812204 0.4783559110439559 0.6090614972481071 2.701448039592297
110 6160 -0.96127460777959 -0.914732653614557 0.9241370827416686 0.9846584159896036 0.047390199564872074 0.058441839074352984 0.10643344953601637 0.17974176938785255 0.23043815202812204 0.4783559110439559 0.6090614972481071 2.701448039592297
111 6216 -0.96127460777959 -0.914732653614557 0.9241370827416686 0.9846584159896036 0.047390199564872074 0.058441839074352984 0.10643344953601637 0.17974176938785255 0.23043815202812204 0.4783559110439559 0.6090614972481071 2.701448039592297
112 6272 -0.96127460777959 -0.914732653614557 0.9241370827416686 0.9846584159896036 0.047390199564872074 0.058441839074352984 0.10643344953601637 0.17974176938785255 0.23043815202812204 0.4783559110439559 0.6090614972481071 2.701448039592297
113 6328 -0.9691254791369285 -0.9108362667233385 0.9131871059508212 0.9838622185676615 0.028727995959357305 0.05349328729160604 0.07752193070410045 0.15486830725552497 0.20771720663926574 0.5158117948195812 0.5867542842210679 2.7042245639868403
114 6384 -0.9691254791369285 -0.9108362667233385 0.9131871059508212 0.9838622185676615 0.028727995959357305 0.05349328729160604 0.07752193070410045 0.15486830725552497 0.20771720663926574 0.5158117948195812 0.5867542842210679 2.7042245639868403
115 6440 -0.9691254791369285 -0.9108362667233385 0.9131871059508212 0.9838622185676615 0.028727995959357305 0.05349328729160604 0.07752193070410045 0.15486830725552497 0.20771720663926574 0.5158117948195812 0.5867542842210679 2.7042245639868403
116 6496 -0.9691254791369285 -0.9108362667233385 0.9131871059508212 0.9838622185676615 0.028727995959357305 0.05349328729160604 0.07752193070410045 0.15486830725552497 0.20771720663926574 0.5158117948195812 0.5867542842210679 2.7042245639868403
117 6552 -0.9691254791369285 -0.9108362667233385 0.9131871059508212 0.9838622185676615 0.028727995959357305 0.05349328729160604 0.07752193070410045 0.15486830725552497 0.20771720663926574 0.5158117948195812 0.5867542842210679 2.7042245639868403
118 6608 -0.9691254791369285 -0.9108362667233385 0.9131871059508212 0.9838622185676615 0.028727995959357305 0.05349328729160604 0.07752193070410045 0.15486830725552497 0.20771720663926574 0.5158117948195812 0.5867542842210679 2.7042245639868403
119 6664 -0.9691254791369285 -0.9108362667233385 0.9131871059508212 0.9838622185676615 0.028727995959357305 0.05349328729160604 0.07752193070410045 0.15486830725552497 0.20771720663926574 0.5158117948195812 0.5867542842210679 2.7042245639868403
120 6720 -0.9691254791369285 -0.9108362667233385 0.9131871059508212 0.9838622185676615 0.028727995959357305 0.05349328729160604 0.07752193070410045 0.15486830725552497 0.20771720663926574 0.5158117948195812 0.5867542842210679 2.7042245639868403
121 6776 -0.9716546040603697 -0.9011163058911249 0.8995231657406981 0.9840425591873954 0.016714107147529002 0.041315888228699284 0.05844484540448107 0.151793441378545 0.20324879663668846 0.5690922495323408 0.6224715627316598 2.686802873115295
122 6832 -0.9716546040603697 -0.9011163058911249 0.8995231657406981 0.9840425591873954 0.016714107147529002 0.041315888228699284 0.05844484540448107 0.151793441378545 0.20324879663668846 0.5690922495323408 0.6224715627316598 2.686802873115295
123 6888 -0.9716546040603697 -0.9011163058911249 0.8995231657406981 0.9840425591873954 0.016714107147529002 0.041315888228699284 0.05844484540448107 0.151793441378545 0.20324879663668846 0.5690922495323408 0.6224715627316598 2.686802873115295
124 6944 -0.9716546040603697 -0.9011163058911249 0.8995231657406981 0.9840425591873954 0.016714107147529002 0.041315888228699284 0.05844484540448107 0.151793441378545 0.20324879663668846 0.5690922495323408 0.6224715627316598 2.686802873115295
125 7000 -0.9716546040603697 -0.9011163058911249 0.8995231657406981 0.9840425591873954 0.016714107147529002 0.041315888228699284 0.05844484540448107 0.151793441378545 0.20324879663668846 0.5690922495323408 0.6224715627316598 2.686802873115295
126 7056 -0.9716546040603697 -0.9011163058911249 0.8995231657406981 0.9840425591873954 0.016714107147529002 0.041315888228699284 0.05844484540448107 0.151793441378545 0.20324879663668846 0.5690922495323408 0.6224715627316598 2.686802873115295
127 7112 -0.9716546040603697 -0.9011163058911249 0.8995231657406981 0.9840425591873954 0.016714107147529002 0.041315888228699284 0.05844484540448107 0.151793441378545 0.20324879663668846 0.5690922495323408 0.6224715627316598 2.686802873115295
128 7168 -0.9716546040603697 -0.9011163058911249 0.8995231657406981 0.9840425591873954 0.016714107147529002 0.041315888228699284 0.05844484540448107 0.151793441378545 0.20324879663668846 0.5690922495323408 0.6224715627316598 2.686802873115295
129 7224 -0.9735504790663572 -0.8958305256490855 0.8903760894992954 0.9813668833507194 0.013954705039828123 0.03304481758556037 0.05803934010962708 0.15432676911372023 0.19284572438300407 0.6038319971736603 0.6449464418208307 2.674653159295923
130 7280 -0.9735504790663572 -0.8958305256490855 0.8903760894992954 0.9813668833507194 0.013954705039828123 0.03304481758556037 0.05803934010962708 0.15432676911372023 0.19284572438300407 0.6038319971736603 0.6449464418208307 2.674653159295923
131 7336 -0.9735504790663572 -0.8958305256490855 0.8903760894992954 0.9813668833507194 0.013954705039828123 0.03304481758556037 0.05803934010962708 0.15432676911372023 0.19284572438300407 0.6038319971736603 0.6449464418208307 2.674653159295923
132 7392 -0.9735504790663572 -0.8958305256490855 0.8903760894992954 0.9813668833507194 0.013954705039828123 0.03304481758556037 0.05803934010962708 0.15432676911372023 0.19284572438300407 0.6038319971736603 0.6449464418208307 2.674653159295923
133 7448 -0.9735504790663572 -0.8958305256490855 0.8903760894992954 0.9813668833507194 0.013954705039828123 0.03304481758556037 0.05803934010962708 0.15432676911372023 0.19284572438300407 0.6038319971736603 0.6449464418208307 2.674653159295923
134 7504 -0.9735504790663572 -0.8958305256490855 0.8903760894992954 0.9813668833507194 0.013954705039828123 0.03304481758556037 0.05803934010962708 0.15432676911372023 0.19284572438300407 0.6038319971736603 0.6449464418208307 2.674653159295923
135 7560 -0.9735504790663572 -0.8958305256490855 0.8903760894992954 0.9813668833507194 0.013954705039828123 0.03304481758556037 0.05803934010962708 0.15432676911372023 0.19284572438300407 0.6038319971736603 0.6449464418208307 2.674653159295923
136 7616 -0.9735504790663572 -0.8958305256490855 0.8903760894992954 0.9813668833507194 0.013954705039828123 0.03304481758556037 0.05803934010962708 0.15432676911372023 0.19284572438300407 0.6038319971736603 0.6449464418208307 2.674653159295923
137 7672 -0.9750855602463244 -0.9043910296714268 0.9055925360097905 0.9840211222609303 0.007591143999268099 0.020708124467691585 0.057487954084974244 0.1361446670405466 0.21457560561085 0.5582390657694125 0.6484681300216076 2.6831863245323206
138 7728 -0.9750855602463244 -0.9043910296714268 0.9055925360097905 0.9840211222609303 0.007591143999268099 0.020708124467691585 0.057487954084974244 0.1361446670405466 0.21457560561085 0.5582390657694125 0.6484681300216076 2.6831863245323206
139 7784 -0.9750855602463244 -0.9043910296714268 0.9055925360097905 0.9840211222609303 0.007591143999268099 0.020708124467691585 0.057487954084974244 0.1361446670405466 0.21457560561085 0.5582390657694125 0.6484681300216076 2.6831863245323206
140 7840 -0.9750855602463244 -0.9043910296714268 0.9055925360097905 0.9840211222609303 0.007591143999268099 0.020708124467691585 0.057487954084974244 0.1361446670405466 0.21457560561085 0.5582390657694125 0.6484681300216076 2.6831863245323206
141 7896 -0.9750855602463244 -0.9043910296714268 0.9055925360097905 0.9840211222609303 0.007591143999268099 0.020708124467691585 0.057487954084974244 0.1361446670405466 0.21457560561085 0.5582390657694125 0.6484681300216076 2.6831863245323206
142 7952 -0.9750855602463244 -0.9043910296714268 0.9055925360097905 0.9840211222609303 0.007591143999268099 0.020708124467691585 0.057487954084974244 0.1361446670405466 0.21457560561085 0.5582390657694125 0.6484681300216076 2.6831863245323206
143 8008 -0.9750855602463244 -0.9043910296714268 0.9055925360097905 0.9840211222609303 0.007591143999268099 0.020708124467691585 0.057487954084974244 0.1361446670405466 0.21457560561085 0.5582390657694125 0.6484681300216076 2.6831863245323206
144 8064 -0.9750855602463244 -0.9043910296714268 0.9055925360097905 0.9840211222609303 0.007591143999268099 0.020708124467691585 0.057487954084974244 0.1361446670405466 0.21457560561085 0.5582390657694125 0.6484681300216076 2.6831863245323206
145 8120 -0.976763630530155 -0.9083443091873648 0.9117444845192524 0.9842643141788325 0.003856321681061496 0.008992626597023599 0.05050885017628977 0.1298710364188426 0.19220121026257786 0.5006347843713328 0.624657835937745 2.702353183219394
146 8176 -0.976763630530155 -0.9083443091873648 0.9117444845192524 0.9842643141788325 0.003856321681061496 0.008992626597023599 0.05050885017628977 0.1298710364188426 0.19220121026257786 0.5006347843713328 0.624657835937745 2.702353183219394
147 8232 -0.976763630530155 -0.9083443091873648 0.9117444845192524 0.9842643141788325 0.003856321681061496 0.008992626597023599 0.05050885017628977 0.1298710364188426 0.19220121026257786 0.5006347843713328 0.624657835937745 2.702353183219394
148 8288 -0.976763630530155 -0.9083443091873648 0.9117444845192524 0.9842643141788325 0.003856321681061496 0.008992626597023599 0.05050885017628977 0.1298710364188426 0.19220121026257786 0.5006347843713328 0.624657835937745 2.702353183219394
149 8344 -0.976763630530155 -0.9083443091873648 0.9117444845192524 0.9842643141788325 0.003856321681061496 0.008992626597023599 0.05050885017628977 0.1298710364188426 0.19220121026257786 0.5006347843713328 0.624657835937745 2.702353183219394
150 8400 -0.976763630530155 -0.9083443091873648 0.9117444845192524 0.9842643141788325 0.003856321681061496 0.008992626597023599 0.05050885017628977 0.1298710364188426 0.19220121026257786 0.5006347843713328 0.624657835937745 2.702353183219394
151 8456 -0.976763630530155 -0.9083443091873648 0.9117444845192524 0.9842643141788325 0.003856321681061496 0.008992626597023599 0.05050885017628977 0.1298710364188426 0.19220121026257786 0.5006347843713328 0.624657835937745 2.702353183219394
152 8512 -0.976763630530155 -0.9083443091873648 0.9117444845192524 0.9842643141788325 0.003856321681061496 0.008992626597023599 0.05050885017628977 0.1298710364188426 0.19220121026257786 0.5006347843713328 0.624657835937745 2.702353183219394
153 8568 -0.9734459917868665 -0.9224587086845486 0.9145848496446574 0.984576717542709 0.0026955847653363486 0.006726877615094819 0.0607485227534519 0.13241296002506836 0.20959645466424903 0.5023775760714205 0.6606258692612184 2.6918364486083917
154 8624 -0.9734459917868665 -0.9224587086845486 0.9145848496446574 0.984576717542709 0.0026955847653363486 0.006726877615094819 0.0607485227534519 0.13241296002506836 0.20959645466424903 0.5023775760714205 0.6606258692612184 2.6918364486083917
155 8680 -0.9734459917868665 -0.9224587086845486 0.9145848496446574 0.984576717542709 0.0026955847653363486 0.006726877615094819 0.0607485227534519 0.13241296002506836 0.20959645466424903 0.5023775760714205 0.6606258692612184 2.6918364486083917
156 8736 -0.9734459917868665 -0.9224587086845486 0.9145848496446574 0.984576717542709 0.0026955847653363486 0.006726877615094819 0.0607485227534519 0.13241296002506836 0.20959645466424903 0.5023775760714205 0.6606258692612184 2.6918364486083917
157 8792 -0.9734459917868665 -0.9224587086845486 0.9145848496446574 0.984576717542709 0.0026955847653363486 0.006726877615094819 0.0607485227534519 0.13241296002506836 0.20959645466424903 0.5023775760714205 0.6606258692612184 2.6918364486083917
158 8848 -0.9734459917868665 -0.9224587086845486 0.9145848496446574 0.984576717542709 0.0026955847653363486 0.006726877615094819 0.0607485227534519 0.13241296002506836 0.20959645466424903 0.5023775760714205 0.6606258692612184 2.6918364486083917
159 8904 -0.9734459917868665 -0.9224587086845486 0.9145848496446574 0.984576717542709 0.0026955847653363486 0.006726877615094819 0.0607485227534519 0.13241296002506836 0.20959645466424903 0.5023775760714205 0.6606258692612184 2.6918364486083917
160 8960 -0.9734459917868665 -0.9224587086845486 0.9145848496446574 0.984576717542709 0.0026955847653363486 0.006726877615094819 0.0607485227534519 0.13241296002506836 0.20959645466424903 0.5023775760714205 0.6606258692612184 2.6918364486083917
161 9016 -0.9719235805780883 -0.9105523257556349 0.8995888424194823 0.9851684420785738 0.0014088145356832135 0.0038065145871468485 0.059033331378735635 0.12359462019541696 0.21196027617097893 0.5299940393599564 0.6621041536820511 2.6864512298902428
162 9072 -0.9719235805780883 -0.9105523257556349 0.8995888424194823 0.9851684420785738 0.0014088145356832135 0.0038065145871468485 0.059033331378735635 0.12359462019541696 0.21196027617097893 0.5299940393599564 0.6621041536820511 2.6864512298902428
163 9128 -0.9719235805780883 -0.9105523257556349 0.8995888424194823 0.9851684420785738 0.0014088145356832135 0.0038065145871468485 0.059033331378735635 0.12359462019541696 0.21196027617097893 0.5299940393599564 0.6621041536820511 2.6864512298902428
164 9184 -0.9719235805780883 -0.9105523257556349 0.8995888424194823 0.9851684420785738 0.0014088145356832135 0.0038065145871468485 0.059033331378735635 0.12359462019541696 0.21196027617097893 0.5299940393599564 0.6621041536820511 2.6864512298902428
165 9240 -0.9719235805780883 -0.9105523257556349 0.8995888424194823 0.9851684420785738 0.0014088145356832135 0.0038065145871468485 0.059033331378735635 0.12359462019541696 0.21196027617097893 0.5299940393599564 0.6621041536820511 2.6864512298902428
166 9296 -0.9719235805780883 -0.9105523257556349 0.8995888424194823 0.9851684420785738 0.0014088145356832135 0.0038065145871468485 0.059033331378735635 0.12359462019541696 0.21196027617097893 0.5299940393599564 0.6621041536820511 2.6864512298902428
167 9352 -0.9719235805780883 -0.9105523257556349 0.8995888424194823 0.9851684420785738 0.0014088145356832135 0.0038065145871468485 0.059033331378735635 0.12359462019541696 0.21196027617097893 0.5299940393599564 0.6621041536820511 2.6864512298902428
168 9408 -0.9719235805780883 -0.9105523257556349 0.8995888424194823 0.9851684420785738 0.0014088145356832135 0.0038065145871468485 0.059033331378735635 0.12359462019541696 0.21196027617097893 0.5299940393599564 0.6621041536820511 2.6864512298902428
169 9464 -0.9708815137833111 -0.9035211752148575 0.9046741980936117 0.981936798046823 0.000789399695104855 0.0019999089901679094 0.06516755630967463 0.13835137773217818 0.23329766370857477 0.5337847118723471 0.7147825778503896 2.6695204458811346
170 9520 -0.9708815137833111 -0.9035211752148575 0.9046741980936117 0.981936798046823 0.000789399695104855 0.0019999089901679094 0.06516755630967463 0.13835137773217818 0.23329766370857477 0.5337847118723471 0.7147825778503896 2.6695204458811346
171 9576 -0.9708815137833111 -0.9035211752148575 0.9046741980936117 0.981936798046823 0.000789399695104855 0.0019999089901679094 0.06516755630967463 0.13835137773217818 0.23329766370857477 0.5337847118723471 0.7147825778503896 2.6695204458811346
172 9632 -0.9708815137833111 -0.9035211752148575 0.9046741980936117 0.981936798046823 0.000789399695104855 0.0019999089901679094 0.06516755630967463 0.13835137773217818 0.23329766370857477 0.5337847118723471 0.7147825778503896 2.6695204458811346
173 9688 -0.9708815137833111 -0.9035211752148575 0.9046741980936117 0.981936798046823 0.000789399695104855 0.0019999089901679094 0.06516755630967463 0.13835137773217818 0.23329766370857477 0.5337847118723471 0.7147825778503896 2.6695204458811346
174 9744 -0.9708815137833111 -0.9035211752148575 0.9046741980936117 0.981936798046823 0.000789399695104855 0.0019999089901679094 0.06516755630967463 0.13835137773217818 0.23329766370857477 0.5337847118723471 0.7147825778503896 2.6695204458811346
175 9800 -0.9708815137833111 -0.9035211752148575 0.9046741980936117 0.981936798046823 0.000789399695104855 0.0019999089901679094 0.06516755630967463 0.13835137773217818 0.23329766370857477 0.5337847118723471 0.7147825778503896 2.6695204458811346
176 9856 -0.9708815137833111 -0.9035211752148575 0.9046741980936117 0.981936798046823 0.000789399695104855 0.0019999089901679094 0.06516755630967463 0.13835137773217818 0.23329766370857477 0.5337847118723471 0.7147825778503896 2.6695204458811346
177 9912 -0.965454834970966 -0.8725222088725026 0.8884499604620315 0.9817382114342799 0.0004727363232619548 0.001104760815050269 0.05849118320121509 0.1319861550247106 0.23596330246024927 0.615374234374359 0.7406522269015252 2.6450382119620612
178 9968 -0.965454834970966 -0.8725222088725026 0.8884499604620315 0.9817382114342799 0.0004727363232619548 0.001104760815050269 0.05849118320121509 0.1319861550247106 0.23596330246024927 0.615374234374359 0.7406522269015252 2.6450382119620612
179 10024 -0.965454834970966 -0.8725222088725026 0.8884499604620315 0.9817382114342799 0.0004727363232619548 0.001104760815050269 0.05849118320121509 0.1319861550247106 0.23596330246024927 0.615374234374359 0.7406522269015252 2.6450382119620612
180 10080 -0.965454834970966 -0.8725222088725026 0.8884499604620315 0.9817382114342799 0.0004727363232619548 0.001104760815050269 0.05849118320121509 0.1319861550247106 0.23596330246024927 0.615374234374359 0.7406522269015252 2.6450382119620612
181 10136 -0.965454834970966 -0.8725222088725026 0.8884499604620315 0.9817382114342799 0.0004727363232619548 0.001104760815050269 0.05849118320121509 0.1319861550247106 0.23596330246024927 0.615374234374359 0.7406522269015252 2.6450382119620612
182 10192 -0.965454834970966 -0.8725222088725026 0.8884499604620315 0.9817382114342799 0.0004727363232619548 0.001104760815050269 0.05849118320121509 0.1319861550247106 0.23596330246024927 0.615374234374359 0.7406522269015252 2.6450382119620612
183 10248 -0.965454834970966 -0.8725222088725026 0.8884499604620315 0.9817382114342799 0.0004727363232619548 0.001104760815050269 0.05849118320121509 0.1319861550247106 0.23596330246024927 0.615374234374359 0.7406522269015252 2.6450382119620612
184 10304 -0.965454834970966 -0.8725222088725026 0.8884499604620315 0.9817382114342799 0.0004727363232619548 0.001104760815050269 0.05849118320121509 0.1319861550247106 0.23596330246024927 0.615374234374359 0.7406522269015252 2.6450382119620612
185 10360 -0.9714516851641304 -0.8901161921852716 0.8888439833215529 0.9819733623667535 0.000228567366886362 0.0005818440522480532 0.0516415837415121 0.12885868730555863 0.20576233533077715 0.5579400162974684 0.6613662376674926 2.6813592996828612
186 10416 -0.9714516851641304 -0.8901161921852716 0.8888439833215529 0.9819733623667535 0.000228567366886362 0.0005818440522480532 0.0516415837415121 0.12885868730555863 0.20576233533077715 0.5579400162974684 0.6613662376674926 2.6813592996828612
187 10472 -0.9714516851641304 -0.8901161921852716 0.8888439833215529 0.9819733623667535 0.000228567366886362 0.0005818440522480532 0.0516415837415121 0.12885868730555863 0.20576233533077715 0.5579400162974684 0.6613662376674926 2.6813592996828612
188 10528 -0.9714516851641304 -0.8901161921852716 0.8888439833215529 0.9819733623667535 0.000228567366886362 0.0005818440522480532 0.0516415837415121 0.12885868730555863 0.20576233533077715 0.5579400162974684 0.6613662376674926 2.6813592996828612
189 10584 -0.9714516851641304 -0.8901161921852716 0.8888439833215529 0.9819733623667535 0.000228567366886362 0.0005818440522480532 0.0516415837415121 0.12885868730555863 0.20576233533077715 0.5579400162974684 0.6613662376674926 2.6813592996828612
190 10640 -0.9714516851641304 -0.8901161921852716 0.8888439833215529 0.9819733623667535 0.000228567366886362 0.0005818440522480532 0.0516415837415121 0.12885868730555863 0.20576233533077715 0.5579400162974684 0.6613662376674926 2.6813592996828612
191 10696 -0.9714516851641304 -0.8901161921852716 0.8888439833215529 0.9819733623667535 0.000228567366886362 0.0005818440522480532 0.0516415837415121 0.12885868730555863 0.20576233533077715 0.5579400162974684 0.6613662376674926 2.6813592996828612
192 10752 -0.9714516851641304 -0.8901161921852716 0.8888439833215529 0.9819733623667535 0.000228567366886362 0.0005818440522480532 0.0516415837415121 0.12885868730555863 0.20576233533077715 0.5579400162974684 0.6613662376674926 2.6813592996828612
193 10808 -0.969933384223536 -0.8904788748949934 0.8973827633260457 0.9836702678925477 0.0001273354522357745 0.0003582494271222664 0.0501870269798884 0.12069339462705797 0.20903973833149414 0.5169996413532095 0.6791942719934831 2.6852603452532393
194 10864 -0.969933384223536 -0.8904788748949934 0.8973827633260457 0.9836702678925477 0.0001273354522357745 0.0003582494271222664 0.0501870269798884 0.12069339462705797 0.20903973833149414 0.5169996413532095 0.6791942719934831 2.6852603452532393
195 10920 -0.969933384223536 -0.8904788748949934 0.8973827633260457 0.9836702678925477 0.0001273354522357745 0.0003582494271222664 0.0501870269798884 0.12069339462705797 0.20903973833149414 0.5169996413532095 0.6791942719934831 2.6852603452532393
196 10976 -0.969933384223536 -0.8904788748949934 0.8973827633260457 0.9836702678925477 0.0001273354522357745 0.0003582494271222664 0.0501870269798884 0.12069339462705797 0.20903973833149414 0.5169996413532095 0.6791942719934831 2.6852603452532393
197 11032 -0.969933384223536 -0.8904788748949934 0.8973827633260457 0.9836702678925477 0.0001273354522357745 0.0003582494271222664 0.0501870269798884 0.12069339462705797 0.20903973833149414 0.5169996413532095 0.6791942719934831 2.6852603452532393
198 11088 -0.969933384223536 -0.8904788748949934 0.8973827633260457 0.9836702678925477 0.0001273354522357745 0.0003582494271222664 0.0501870269798884 0.12069339462705797 0.20903973833149414 0.5169996413532095 0.6791942719934831 2.6852603452532393
199 11144 -0.969933384223536 -0.8904788748949934 0.8973827633260457 0.9836702678925477 0.0001273354522357745 0.0003582494271222664 0.0501870269798884 0.12069339462705797 0.20903973833149414 0.5169996413532095 0.6791942719934831 2.6852603452532393
200 11200 -0.969933384223536 -0.8904788748949934 0.8973827633260457 0.9836702678925477 0.0001273354522357745 0.0003582494271222664 0.0501870269798884 0.12069339462705797 0.20903973833149414 0.5169996413532095 0.6791942719934831 2.6852603452532393
201 11256 -0.9709859696071654 -0.882243124263904 0.8899849292466939 0.981412975994619 6.973150053105477e-05 0.00017859354939188773 0.0529148326687796 0.11717502348973488 0.2025237715686171 0.5823206885442044 0.7034088998447158 2.6661906636356574
202 11312 -0.9709859696071654 -0.882243124263904 0.8899849292466939 0.981412975994619 6.973150053105477e-05 0.00017859354939188773 0.0529148326687796 0.11717502348973488 0.2025237715686171 0.5823206885442044 0.7034088998447158 2.6661906636356574
203 11368 -0.9709859696071654 -0.882243124263904 0.8899849292466939 0.981412975994619 6.973150053105477e-05 0.00017859354939188773 0.0529148326687796 0.11717502348973488 0.2025237715686171 0.5823206885442044 0.7034088998447158 2.6661906636356574
204 11424 -0.9709859696071654 -0.882243124263904 0.8899849292466939 0.981412975994619 6.973150053105477e-05 0.00017859354939188773 0.0529148326687796 0.11717502348973488 0.2025237715686171 0.5823206885442044 0.7034088998447158 2.6661906636356574
205 11480 -0.9709859696071654 -0.882243124263904 0.8899849292466939 0.981412975994619 6.973150053105477e-05 0.00017859354939188773 0.0529148326687796 0.11717502348973488 0.2025237715686171 0.5823206885442044 0.7034088998447158 2.6661906636356574
206 11536 -0.9709859696071654 -0.882243124263904 0.8899849292466939 0.981412975994619 6.973150053105477e-05 0.00017859354939188773 0.0529148326687796 0.11717502348973488 0.2025237715686171 0.5823206885442044 0.7034088998447158 2.6661906636356574
207 11592 -0.9709859696071654 -0.882243124263904 0.8899849292466939 0.981412975994619 6.973150053105477e-05 0.00017859354939188773 0.0529148326687796 0.11717502348973488 0.2025237715686171 0.5823206885442044 0.7034088998447158 2.6661906636356574
208 11648 -0.9709859696071654 -0.882243124263904 0.8899849292466939 0.981412975994619 6.973150053105477e-05 0.00017859354939188773 0.0529148326687796 0.11717502348973488 0.2025237715686171 0.5823206885442044 0.7034088998447158 2.6661906636356574
209 11704 -0.9777764258827176 -0.9008046303390036 0.8993588587833772 0.9841948608133724 4.0176431254956465e-05 9.692387860175248e-05 0.05542046046992494 0.11960706473461537 0.18751038518554447 0.5863482988145516 0.6264615334196808 2.6853685383367414
210 11760 -0.9777764258827176 -0.9008046303390036 0.8993588587833772 0.9841948608133724 4.0176431254956465e-05 9.692387860175248e-05 0.05542046046992494 0.11960706473461537 0.18751038518554447 0.5863482988145516 0.6264615334196808 2.6853685383367414
211 11816 -0.9777764258827176 -0.9008046303390036 0.8993588587833772 0.9841948608133724 4.0176431254956465e-05 9.692387860175248e-05 0.05542046046992494 0.11960706473461537 0.18751038518554447 0.5863482988145516 0.6264615334196808 2.6853685383367414
212 11872 -0.9777764258827176 -0.9008046303390036 0.8993588587833772 0.9841948608133724 4.0176431254956465e-05 9.692387860175248e-05 0.05542046046992494 0.11960706473461537 0.18751038518554447 0.5863482988145516 0.6264615334196808 2.6853685383367414
213 11928 -0.9777764258827176 -0.9008046303390036 0.8993588587833772 0.9841948608133724 4.0176431254956465e-05 9.692387860175248e-05 0.05542046046992494 0.11960706473461537 0.18751038518554447 0.5863482988145516 0.6264615334196808 2.6853685383367414
214 11984 -0.9777764258827176 -0.9008046303390036 0.8993588587833772 0.9841948608133724 4.0176431254956465e-05 9.692387860175248e-05 0.05542046046992494 0.11960706473461537 0.18751038518554447 0.5863482988145516 0.6264615334196808 2.6853685383367414
215 12040 -0.9777764258827176 -0.9008046303390036 0.8993588587833772 0.9841948608133724 4.0176431254956465e-05 9.692387860175248e-05 0.05542046046992494 0.11960706473461537 0.18751038518554447 0.5863482988145516 0.6264615334196808 2.6853685383367414
216 12096 -0.9777764258827176 -0.9008046303390036 0.8993588587833772 0.9841948608133724 4.0176431254956465e-05 9.692387860175248e-05 0.05542046046992494 0.11960706473461537 0.18751038518554447 0.5863482988145516 0.6264615334196808 2.6853685383367414
217 12152 -0.9755104011656022 -0.9076612372671105 0.8956533978966319 0.9858330667839619 2.8079366261340023e-05 5.367991972082021e-05 0.04870287276587223 0.12855176070430768 0.1902297138413719 0.5871985538234779 0.6240625335555963 2.6852670146385456
218 12208 -0.9755104011656022 -0.9076612372671105 0.8956533978966319 0.9858330667839619 2.8079366261340023e-05 5.367991972082021e-05 0.04870287276587223 0.12855176070430768 0.1902297138413719 0.5871985538234779 0.6240625335555963 2.6852670146385456
219 12264 -0.9755104011656022 -0.9076612372671105 0.8956533978966319 0.9858330667839619 2.8079366261340023e-05 5.367991972082021e-05 0.04870287276587223 0.12855176070430768 0.1902297138413719 0.5871985538234779 0.6240625335555963 2.6852670146385456
220 12320 -0.9755104011656022 -0.9076612372671105 0.8956533978966319 0.9858330667839619 2.8079366261340023e-05 5.367991972082021e-05 0.04870287276587223 0.12855176070430768 0.1902297138413719 0.5871985538234779 0.6240625335555963 2.6852670146385456
221 12376 -0.9755104011656022 -0.9076612372671105 0.8956533978966319 0.9858330667839619 2.8079366261340023e-05 5.367991972082021e-05 0.04870287276587223 0.12855176070430768 0.1902297138413719 0.5871985538234779 0.6240625335555963 2.6852670146385456
222 12432 -0.9755104011656022 -0.9076612372671105 0.8956533978966319 0.9858330667839619 2.8079366261340023e-05 5.367991972082021e-05 0.04870287276587223 0.12855176070430768 0.1902297138413719 0.5871985538234779 0.6240625335555963 2.6852670146385456
223 12488 -0.9755104011656022 -0.9076612372671105 0.8956533978966319 0.9858330667839619 2.8079366261340023e-05 5.367991972082021e-05 0.04870287276587223 0.12855176070430768 0.1902297138413719 0.5871985538234779 0.6240625335555963 2.6852670146385456
224 12544 -0.9755104011656022 -0.9076612372671105 0.8956533978966319 0.9858330667839619 2.8079366261340023e-05 5.367991972082021e-05 0.04870287276587223 0.12855176070430768 0.1902297138413719 0.5871985538234779 0.6240625335555963 2.6852670146385456
225 12600 -0.9795444437970364 -0.9164620308606353 0.8892643224242298 0.9872845512605761 1.672808002494517e-05 4.180317237367338e-05 0.04594296022913617 0.11777158641877986 0.18297792954512687 0.550931240987782 0.6814527161307622 2.6800438683893786
226 12656 -0.9795444437970364 -0.9164620308606353 0.8892643224242298 0.9872845512605761 1.672808002494517e-05 4.180317237367338e-05 0.04594296022913617 0.11777158641877986 0.18297792954512687 0.550931240987782 0.6814527161307622 2.6800438683893786
227 12712 -0.9795444437970364 -0.9164620308606353 0.8892643224242298 0.9872845512605761 1.672808002494517e-05 4.180317237367338e-05 0.04594296022913617 0.11777158641877986 0.18297792954512687 0.550931240987782 0.6814527161307622 2.6800438683893786
228 12768 -0.9795444437970364 -0.9164620308606353 0.8892643224242298 0.9872845512605761 1.672808002494517e-05 4.180317237367338e-05 0.04594296022913617 0.11777158641877986 0.18297792954512687 0.550931240987782 0.6814527161307622 2.6800438683893786
229 12824 -0.9795444437970364 -0.9164620308606353 0.8892643224242298 0.9872845512605761 1.672808002494517e-05 4.180317237367338e-05 0.04594296022913617 0.11777158641877986 0.18297792954512687 0.550931240987782 0.6814527161307622 2.6800438683893786
230 12880 -0.9795444437970364 -0.9164620308606353 0.8892643224242298 0.9872845512605761 1.672808002494517e-05 4.180317237367338e-05 0.04594296022913617 0.11777158641877986 0.18297792954512687 0.550931240987782 0.6814527161307622 2.6800438683893786
231 12936 -0.9795444437970364 -0.9164620308606353 0.8892643224242298 0.9872845512605761 1.672808002494517e-05 4.180317237367338e-05 0.04594296022913617 0.11777158641877986 0.18297792954512687 0.550931240987782 0.6814527161307622 2.6800438683893786
232 12992 -0.9795444437970364 -0.9164620308606353 0.8892643224242298 0.9872845512605761 1.672808002494517e-05 4.180317237367338e-05 0.04594296022913617 0.11777158641877986 0.18297792954512687 0.550931240987782 0.6814527161307622 2.6800438683893786
233 13048 -0.9736972926917268 -0.8960707318641017 0.8750286247654345 0.9851426380039627 1.558298755504778e-05 3.5039388124388654e-05 0.054047501325385015 0.13259000320391584 0.17386404830775298 0.6002300189527743 0.6951796480612737 2.66565549746318
234 13104 -0.9736972926917268 -0.8960707318641017 0.8750286247654345 0.9851426380039627 1.558298755504778e-05 3.5039388124388654e-05 0.054047501325385015 0.13259000320391584 0.17386404830775298 0.6002300189527743 0.6951796480612737 2.66565549746318
235 13160 -0.9736972926917268 -0.8960707318641017 0.8750286247654345 0.9851426380039627 1.558298755504778e-05 3.5039388124388654e-05 0.054047501325385015 0.13259000320391584 0.17386404830775298 0.6002300189527743 0.6951796480612737 2.66565549746318
236 13216 -0.9736972926917268 -0.8960707318641017 0.8750286247654345 0.9851426380039627 1.558298755504778e-05 3.5039388124388654e-05 0.054047501325385015 0.13259000320391584 0.17386404830775298 0.6002300189527743 0.6951796480612737 2.66565549746318
237 13272 -0.9736972926917268 -0.8960707318641017 0.8750286247654345 0.9851426380039627 1.558298755504778e-05 3.5039388124388654e-05 0.054047501325385015 0.13259000320391584 0.17386404830775298 0.6002300189527743 0.6951796480612737 2.66565549746318
238 13328 -0.9736972926917268 -0.8960707318641017 0.8750286247654345 0.9851426380039627 1.558298755504778e-05 3.5039388124388654e-05 0.054047501325385015 0.13259000320391584 0.17386404830775298 0.6002300189527743 0.6951796480612737 2.66565549746318
239 13384 -0.9736972926917268 -0.8960707318641017 0.8750286247654345 0.9851426380039627 1.558298755504778e-05 3.5039388124388654e-05 0.054047501325385015 0.13259000320391584 0.17386404830775298 0.6002300189527743 0.6951796480612737 2.66565549746318
240 13440 -0.9736972926917268 -0.8960707318641017 0.8750286247654345 0.9851426380039627 1.558298755504778e-05 3.5039388124388654e-05 0.054047501325385015 0.13259000320391584 0.17386404830775298 0.6002300189527743 0.6951796480612737 2.66565549746318
