% # columns="iteration, evaluation, min max(neg(.)) min(pos(.)) max correlation, correlation matrix principal axes lengths  (sorted square roots of eigenvalues of correlation matrix)", seed=976475, Tue Mar 25 04:29:24 2025
1 56 -0.06155776558626247 -0.023064484243357896 0.027312431155497512 0.06408733387334768 0.9310608232349873 0.9461615265586769 0.9758674493938213 1.002947001136591 1.0192089493855412 1.0234045846182949 1.034187340373966 1.060187182485601
2 112 -0.07070828680520935 -0.03667174568590177 0.02441896319091085 0.07590795539493568 0.9310608232349873 0.9461615265586769 0.9758674493938213 1.002947001136591 1.0192089493855412 1.0234045846182949 1.034187340373966 1.060187182485601
3 168 -0.11828538586011374 -0.024418824445339736 0.0479007111015019 0.11803098764519437 0.9310608232349873 0.9461615265586769 0.9758674493938213 1.002947001136591 1.0192089493855412 1.0234045846182949 1.034187340373966 1.060187182485601
4 224 -0.1886489766876203 -0.04145651681718378 0.04705589820406168 0.13449829659251655 0.9310608232349873 0.9461615265586769 0.9758674493938213 1.002947001136591 1.0192089493855412 1.0234045846182949 1.034187340373966 1.060187182485601
5 280 -0.16816675644528223 -0.045505859922009576 0.05555230735939444 0.1384974661984132 0.9310608232349873 0.9461615265586769 0.9758674493938213 1.002947001136591 1.0192089493855412 1.0234045846182949 1.034187340373966 1.060187182485601
6 336 -0.16373950322302733 -0.08650219157690367 0.03039379258525902 0.2377265309967223 0.9310608232349873 0.9461615265586769 0.9758674493938213 1.002947001136591 1.0192089493855412 1.0234045846182949 1.034187340373966 1.060187182485601
7 392 -0.21408488492521724 -0.0948756290097833 0.010415809297152578 0.2593077774097667 0.9310608232349873 0.9461615265586769 0.9758674493938213 1.002947001136591 1.0192089493855412 1.0234045846182949 1.034187340373966 1.060187182485601
8 448 -0.2480990376933581 -0.08922564024443766 0.026784660334978748 0.18584308003986513 0.9310608232349873 0.9461615265586769 0.9758674493938213 1.002947001136591 1.0192089493855412 1.0234045846182949 1.034187340373966 1.060187182485601
9 504 -0.23851418064806812 -0.11896524787663024 0.007132023823270925 0.26831490235991173 0.7620836841351637 0.8073771657951352 0.8587250027861947 0.9773507485679596 1.015841661717441 1.0859938748926599 1.1657301922166938 1.2265820785256445
10 560 -0.24691640010663132 -0.13373778416499144 0.06430025988870464 0.20360969672389287 0.7620836841351637 0.8073771657951352 0.8587250027861947 0.9773507485679596 1.015841661717441 1.0859938748926599 1.1657301922166938 1.2265820785256445
11 616 -0.20821199543879074 -0.1582534391061739 0.0809716861180435 0.2659780048780895 0.7620836841351637 0.8073771657951352 0.8587250027861947 0.9773507485679596 1.015841661717441 1.0859938748926599 1.1657301922166938 1.2265820785256445
12 672 -0.3625859479884052 -0.10784491927977127 0.08080807689598332 0.2985794208559367 0.7620836841351637 0.8073771657951352 0.8587250027861947 0.9773507485679596 1.015841661717441 1.0859938748926599 1.1657301922166938 1.2265820785256445
13 728 -0.364102396064477 -0.12971838531166233 0.03733213952887369 0.33295154355044165 0.7620836841351637 0.8073771657951352 0.8587250027861947 0.9773507485679596 1.015841661717441 1.0859938748926599 1.1657301922166938 1.2265820785256445
14 784 -0.4761245749010453 -0.12481241238696587 0.06142484360389254 0.2886698190529376 0.7620836841351637 0.8073771657951352 0.8587250027861947 0.9773507485679596 1.015841661717441 1.0859938748926599 1.1657301922166938 1.2265820785256445
15 840 -0.442452994635182 -0.1564375604722696 0.10073602090884252 0.3709593643787916 0.7620836841351637 0.8073771657951352 0.8587250027861947 0.9773507485679596 1.015841661717441 1.0859938748926599 1.1657301922166938 1.2265820785256445
16 896 -0.4187370311441433 -0.17977138362819456 0.06724990428390176 0.3112431179357281 0.7620836841351637 0.8073771657951352 0.8587250027861947 0.9773507485679596 1.015841661717441 1.0859938748926599 1.1657301922166938 1.2265820785256445
17 952 -0.4614337018261157 -0.16446753085088797 0.09612811818642454 0.2783640057103911 0.6297523056822284 0.686574325655589 0.7418381310085774 0.8994591602017146 1.0980764755932313 1.1207202731503847 1.1816688395697699 1.3836726534978308
18 1008 -0.5241306647818761 -0.18022517727946907 0.0841320082888905 0.31348626475561975 0.6297523056822284 0.686574325655589 0.7418381310085774 0.8994591602017146 1.0980764755932313 1.1207202731503847 1.1816688395697699 1.3836726534978308
19 1064 -0.5986057608549887 -0.16872884141445163 0.07126406791713076 0.3523123856149699 0.6297523056822284 0.686574325655589 0.7418381310085774 0.8994591602017146 1.0980764755932313 1.1207202731503847 1.1816688395697699 1.3836726534978308
20 1120 -0.6052296564647447 -0.19335060066494497 0.13019020009980461 0.38026332757862935 0.6297523056822284 0.686574325655589 0.7418381310085774 0.8994591602017146 1.0980764755932313 1.1207202731503847 1.1816688395697699 1.3836726534978308
21 1176 -0.6532483364985621 -0.22341466513573635 0.17022470679922982 0.4461459555634253 0.6297523056822284 0.686574325655589 0.7418381310085774 0.8994591602017146 1.0980764755932313 1.1207202731503847 1.1816688395697699 1.3836726534978308
22 1232 -0.7096308290858956 -0.26835658778015115 0.23037456858603217 0.4505464612703903 0.6297523056822284 0.686574325655589 0.7418381310085774 0.8994591602017146 1.0980764755932313 1.1207202731503847 1.1816688395697699 1.3836726534978308
23 1288 -0.7224296973624716 -0.2942813769186705 0.24152701393834985 0.42334832908068026 0.6297523056822284 0.686574325655589 0.7418381310085774 0.8994591602017146 1.0980764755932313 1.1207202731503847 1.1816688395697699 1.3836726534978308
24 1344 -0.7440862756799247 -0.28189707745916714 0.17306718864400156 0.4315357576058259 0.6297523056822284 0.686574325655589 0.7418381310085774 0.8994591602017146 1.0980764755932313 1.1207202731503847 1.1816688395697699 1.3836726534978308
25 1400 -0.761023293422596 -0.34790056384504703 0.20962740567851085 0.4795735348139416 0.4532302687441379 0.5536753765496166 0.6323490704634374 0.8226581591268244 0.9761466212096298 1.0124632814816148 1.1109912035439753 1.7886163731787934
26 1456 -0.7754991273300755 -0.30771225613844255 0.22332240144882587 0.4847915921970496 0.4532302687441379 0.5536753765496166 0.6323490704634374 0.8226581591268244 0.9761466212096298 1.0124632814816148 1.1109912035439753 1.7886163731787934
27 1512 -0.8619278427711309 -0.35908144586684565 0.2757461227897761 0.589560022331203 0.4532302687441379 0.5536753765496166 0.6323490704634374 0.8226581591268244 0.9761466212096298 1.0124632814816148 1.1109912035439753 1.7886163731787934
28 1568 -0.8774388021173388 -0.3534927068490041 0.2747559303296151 0.6453424498837679 0.4532302687441379 0.5536753765496166 0.6323490704634374 0.8226581591268244 0.9761466212096298 1.0124632814816148 1.1109912035439753 1.7886163731787934
29 1624 -0.9108054967012357 -0.4238301361656775 0.2748204352648969 0.7098810576786702 0.4532302687441379 0.5536753765496166 0.6323490704634374 0.8226581591268244 0.9761466212096298 1.0124632814816148 1.1109912035439753 1.7886163731787934
30 1680 -0.9190129220249761 -0.4787911889479941 0.2824312998821234 0.6866207603709409 0.4532302687441379 0.5536753765496166 0.6323490704634374 0.8226581591268244 0.9761466212096298 1.0124632814816148 1.1109912035439753 1.7886163731787934
31 1736 -0.9195254293553067 -0.5408696802572422 0.3435362207775319 0.7315719427936783 0.4532302687441379 0.5536753765496166 0.6323490704634374 0.8226581591268244 0.9761466212096298 1.0124632814816148 1.1109912035439753 1.7886163731787934
32 1792 -0.9114599227323659 -0.5633691967780801 0.3845681862067485 0.7308654480787675 0.4532302687441379 0.5536753765496166 0.6323490704634374 0.8226581591268244 0.9761466212096298 1.0124632814816148 1.1109912035439753 1.7886163731787934
33 1848 -0.9055158412042654 -0.5478712470103676 0.37835305753947507 0.73996411283037 0.2735621702507133 0.40939080214637474 0.5027612351769206 0.5744806379989384 0.7789598040337612 0.8513874530093717 1.2456431675750341 2.071593631657742
34 1904 -0.900160044505297 -0.502075598431658 0.39915622952286334 0.738242928765077 0.2735621702507133 0.40939080214637474 0.5027612351769206 0.5744806379989384 0.7789598040337612 0.8513874530093717 1.2456431675750341 2.071593631657742
35 1960 -0.8742585835077442 -0.4965945392492446 0.45693681299867045 0.6988575218166935 0.2735621702507133 0.40939080214637474 0.5027612351769206 0.5744806379989384 0.7789598040337612 0.8513874530093717 1.2456431675750341 2.071593631657742
36 2016 -0.865964835556141 -0.4432075249365588 0.4406426105763291 0.6541080719587311 0.2735621702507133 0.40939080214637474 0.5027612351769206 0.5744806379989384 0.7789598040337612 0.8513874530093717 1.2456431675750341 2.071593631657742
37 2072 -0.8213749350284657 -0.45960643908794274 0.4004689656642838 0.6613761772598926 0.2735621702507133 0.40939080214637474 0.5027612351769206 0.5744806379989384 0.7789598040337612 0.8513874530093717 1.2456431675750341 2.071593631657742
38 2128 -0.8220858209066513 -0.44222452989617916 0.3927478640618594 0.6693371016923305 0.2735621702507133 0.40939080214637474 0.5027612351769206 0.5744806379989384 0.7789598040337612 0.8513874530093717 1.2456431675750341 2.071593631657742
39 2184 -0.7539792611054312 -0.3571876017545235 0.33693693811343395 0.6475939530123537 0.2735621702507133 0.40939080214637474 0.5027612351769206 0.5744806379989384 0.7789598040337612 0.8513874530093717 1.2456431675750341 2.071593631657742
40 2240 -0.7418153772972659 -0.30652375362213263 0.32536454331081144 0.6557199252590569 0.2735621702507133 0.40939080214637474 0.5027612351769206 0.5744806379989384 0.7789598040337612 0.8513874530093717 1.2456431675750341 2.071593631657742
41 2296 -0.7240778943711612 -0.2700650818425446 0.3763867807262248 0.6035033101437159 0.32750223246319665 0.4978082852528739 0.6213286861048711 0.6473034748151546 0.7981747430295209 0.945313224807513 1.4074598331259407 1.82434505478309
42 2352 -0.6770965105844885 -0.23305541264033086 0.34114405262516934 0.6225703514233797 0.32750223246319665 0.4978082852528739 0.6213286861048711 0.6473034748151546 0.7981747430295209 0.945313224807513 1.4074598331259407 1.82434505478309
43 2408 -0.6299895854705414 -0.21964742513974636 0.34978903002379524 0.6565906968680858 0.32750223246319665 0.4978082852528739 0.6213286861048711 0.6473034748151546 0.7981747430295209 0.945313224807513 1.4074598331259407 1.82434505478309
44 2464 -0.6421657980802385 -0.2308971229071549 0.3357007873082205 0.6881149765109555 0.32750223246319665 0.4978082852528739 0.6213286861048711 0.6473034748151546 0.7981747430295209 0.945313224807513 1.4074598331259407 1.82434505478309
45 2520 -0.6537653876499111 -0.2569509900053271 0.2740529589606973 0.7007243659264385 0.32750223246319665 0.4978082852528739 0.6213286861048711 0.6473034748151546 0.7981747430295209 0.945313224807513 1.4074598331259407 1.82434505478309
46 2576 -0.6656177767790236 -0.2581550935928861 0.27191868579797496 0.686113132557448 0.32750223246319665 0.4978082852528739 0.6213286861048711 0.6473034748151546 0.7981747430295209 0.945313224807513 1.4074598331259407 1.82434505478309
47 2632 -0.6813486619224576 -0.2910046301741497 0.26130422175448187 0.66760872356822 0.32750223246319665 0.4978082852528739 0.6213286861048711 0.6473034748151546 0.7981747430295209 0.945313224807513 1.4074598331259407 1.82434505478309
48 2688 -0.6530287304945409 -0.18367496977668885 0.21757694377756406 0.7209982489593746 0.32750223246319665 0.4978082852528739 0.6213286861048711 0.6473034748151546 0.7981747430295209 0.945313224807513 1.4074598331259407 1.82434505478309
49 2744 -0.6536081385944649 -0.20484446518274002 0.20861141020241672 0.7328935080069641 0.31803425977808586 0.3345566634567959 0.6571875655540184 0.7315246966258 0.9940694348908815 1.1455984981072616 1.353821302314301 1.6390546335012433
50 2800 -0.5961400864844841 -0.2446017038124651 0.1958226302246368 0.6921271883720284 0.31803425977808586 0.3345566634567959 0.6571875655540184 0.7315246966258 0.9940694348908815 1.1455984981072616 1.353821302314301 1.6390546335012433
51 2856 -0.5775927513963349 -0.19159155083518692 0.18783673140456986 0.6842023852503462 0.31803425977808586 0.3345566634567959 0.6571875655540184 0.7315246966258 0.9940694348908815 1.1455984981072616 1.353821302314301 1.6390546335012433
52 2912 -0.5451670198919027 -0.2474716283973672 0.21556535934768362 0.7185088308615761 0.31803425977808586 0.3345566634567959 0.6571875655540184 0.7315246966258 0.9940694348908815 1.1455984981072616 1.353821302314301 1.6390546335012433
53 2968 -0.506932184147452 -0.27124793278576265 0.2444511075337461 0.632054172304594 0.31803425977808586 0.3345566634567959 0.6571875655540184 0.7315246966258 0.9940694348908815 1.1455984981072616 1.353821302314301 1.6390546335012433
54 3024 -0.48532263961609007 -0.260425573526148 0.2564128003499041 0.6099001237533409 0.31803425977808586 0.3345566634567959 0.6571875655540184 0.7315246966258 0.9940694348908815 1.1455984981072616 1.353821302314301 1.6390546335012433
55 3080 -0.5434406394734496 -0.24151944892318528 0.2634217623264771 0.6199071606923974 0.31803425977808586 0.3345566634567959 0.6571875655540184 0.7315246966258 0.9940694348908815 1.1455984981072616 1.353821302314301 1.6390546335012433
56 3136 -0.5032637735906089 -0.2120233880362375 0.2255403086730337 0.6157354208304044 0.31803425977808586 0.3345566634567959 0.6571875655540184 0.7315246966258 0.9940694348908815 1.1455984981072616 1.353821302314301 1.6390546335012433
57 3192 -0.4932876930701568 -0.2558570590879246 0.2579974363109564 0.590404035014729 0.24817843272826956 0.3208722416312164 0.6626404552332464 0.8495913941480535 0.9272583669622189 1.2177039259483409 1.3980153327535345 1.5419120465096314
58 3248 -0.5413773844463009 -0.28217143730476646 0.24687362802797616 0.6123942675329836 0.24817843272826956 0.3208722416312164 0.6626404552332464 0.8495913941480535 0.9272583669622189 1.2177039259483409 1.3980153327535345 1.5419120465096314
59 3304 -0.5436900524561207 -0.31393909825437505 0.21856503055441112 0.6051844858379568 0.24817843272826956 0.3208722416312164 0.6626404552332464 0.8495913941480535 0.9272583669622189 1.2177039259483409 1.3980153327535345 1.5419120465096314
60 3360 -0.5664548446254001 -0.348020966560171 0.2508783917647405 0.6276532905184045 0.24817843272826956 0.3208722416312164 0.6626404552332464 0.8495913941480535 0.9272583669622189 1.2177039259483409 1.3980153327535345 1.5419120465096314
61 3416 -0.5377283172415932 -0.33654709832282 0.27087021545491563 0.6577216248000926 0.24817843272826956 0.3208722416312164 0.6626404552332464 0.8495913941480535 0.9272583669622189 1.2177039259483409 1.3980153327535345 1.5419120465096314
62 3472 -0.5583862437060235 -0.3697971630722532 0.26145829314915087 0.6643181327998194 0.24817843272826956 0.3208722416312164 0.6626404552332464 0.8495913941480535 0.9272583669622189 1.2177039259483409 1.3980153327535345 1.5419120465096314
63 3528 -0.6059110554870066 -0.3194575353362822 0.21472072766691824 0.6669251180369936 0.24817843272826956 0.3208722416312164 0.6626404552332464 0.8495913941480535 0.9272583669622189 1.2177039259483409 1.3980153327535345 1.5419120465096314
64 3584 -0.6180584196690683 -0.34598425368533375 0.25203953264685897 0.6636308765651804 0.24817843272826956 0.3208722416312164 0.6626404552332464 0.8495913941480535 0.9272583669622189 1.2177039259483409 1.3980153327535345 1.5419120465096314
65 3640 -0.6815647627132511 -0.3353903269973005 0.24233920816311263 0.7258544362634519 0.2064026447506747 0.2925651862385134 0.42852967847016354 0.7469795400240022 1.0589623383772626 1.1407376792213146 1.1883522746299429 1.8153023511200854
66 3696 -0.7463946665611823 -0.3240165361736277 0.2866324099836893 0.7535085699962745 0.2064026447506747 0.2925651862385134 0.42852967847016354 0.7469795400240022 1.0589623383772626 1.1407376792213146 1.1883522746299429 1.8153023511200854
67 3752 -0.7884948135472327 -0.3416317631234288 0.21706064164877453 0.7907132631464959 0.2064026447506747 0.2925651862385134 0.42852967847016354 0.7469795400240022 1.0589623383772626 1.1407376792213146 1.1883522746299429 1.8153023511200854
68 3808 -0.8040596875389755 -0.38427203973648577 0.23103581838504839 0.7669767466023096 0.2064026447506747 0.2925651862385134 0.42852967847016354 0.7469795400240022 1.0589623383772626 1.1407376792213146 1.1883522746299429 1.8153023511200854
69 3864 -0.8281146770602998 -0.3761574105223606 0.271979160015861 0.7574513955312978 0.2064026447506747 0.2925651862385134 0.42852967847016354 0.7469795400240022 1.0589623383772626 1.1407376792213146 1.1883522746299429 1.8153023511200854
70 3920 -0.8558223577359882 -0.38549964812325643 0.2867880265479773 0.7809746968015923 0.2064026447506747 0.2925651862385134 0.42852967847016354 0.7469795400240022 1.0589623383772626 1.1407376792213146 1.1883522746299429 1.8153023511200854
71 3976 -0.8488732007568827 -0.4064600211483689 0.3062089535402448 0.7990623848725722 0.2064026447506747 0.2925651862385134 0.42852967847016354 0.7469795400240022 1.0589623383772626 1.1407376792213146 1.1883522746299429 1.8153023511200854
72 4032 -0.8522283890724394 -0.43382880881583497 0.35562781378793185 0.7715885493973942 0.2064026447506747 0.2925651862385134 0.42852967847016354 0.7469795400240022 1.0589623383772626 1.1407376792213146 1.1883522746299429 1.8153023511200854
73 4088 -0.866334421168185 -0.47048834238169385 0.32495703953600963 0.7612003131821781 0.11069759837168944 0.1834063712682834 0.3510743277589684 0.6442743821840592 0.8471602255011245 0.962953743363184 1.3412024027139426 1.992982999668823
78 4368 -0.860960258988301 -0.3559168302104645 0.36118184634240175 0.7899172795038338 0.11069759837168944 0.1834063712682834 0.3510743277589684 0.6442743821840592 0.8471602255011245 0.962953743363184 1.3412024027139426 1.992982999668823
79 4424 -0.8568105735646514 -0.3321075247823128 0.35640546453057653 0.7978609328007322 0.11069759837168944 0.1834063712682834 0.3510743277589684 0.6442743821840592 0.8471602255011245 0.962953743363184 1.3412024027139426 1.992982999668823
80 4480 -0.8387959665920641 -0.3301839124123974 0.3506036695844992 0.795904090163432 0.11069759837168944 0.1834063712682834 0.3510743277589684 0.6442743821840592 0.8471602255011245 0.962953743363184 1.3412024027139426 1.992982999668823
81 4536 -0.8479957736708815 -0.29994075620874083 0.3489334999471416 0.7937291782131651 0.07029671053386453 0.2021853857358525 0.40641252970964364 0.5449829143667443 0.9487864145171216 1.028898532670361 1.4071221375103886 1.884988424434223
82 4592 -0.8421172489209093 -0.30399486449396423 0.32527405564034356 0.8004729752594988 0.07029671053386453 0.2021853857358525 0.40641252970964364 0.5449829143667443 0.9487864145171216 1.028898532670361 1.4071221375103886 1.884988424434223
83 4648 -0.8481287558353716 -0.2830416690451449 0.32383699192307736 0.8104775462390025 0.07029671053386453 0.2021853857358525 0.40641252970964364 0.5449829143667443 0.9487864145171216 1.028898532670361 1.4071221375103886 1.884988424434223
84 4704 -0.8412836237878388 -0.3310698988960088 0.3584468437046132 0.7831946737599079 0.07029671053386453 0.2021853857358525 0.40641252970964364 0.5449829143667443 0.9487864145171216 1.028898532670361 1.4071221375103886 1.884988424434223
85 4760 -0.8307190381320084 -0.29918296136764 0.36917921460240344 0.7776311949263625 0.07029671053386453 0.2021853857358525 0.40641252970964364 0.5449829143667443 0.9487864145171216 1.028898532670361 1.4071221375103886 1.884988424434223
86 4816 -0.8335810754239947 -0.3359998787317173 0.3464844166694946 0.7948107736552967 0.07029671053386453 0.2021853857358525 0.40641252970964364 0.5449829143667443 0.9487864145171216 1.028898532670361 1.4071221375103886 1.884988424434223
87 4872 -0.8181137463901991 -0.3479535467624544 0.30916236487835125 0.7839095333353647 0.07029671053386453 0.2021853857358525 0.40641252970964364 0.5449829143667443 0.9487864145171216 1.028898532670361 1.4071221375103886 1.884988424434223
88 4928 -0.8056851374457402 -0.38543623143282246 0.2871852975461928 0.7929166270802884 0.07029671053386453 0.2021853857358525 0.40641252970964364 0.5449829143667443 0.9487864145171216 1.028898532670361 1.4071221375103886 1.884988424434223
89 4984 -0.816797730444333 -0.35678153835346194 0.3044651288141658 0.7846422315255153 0.050967626820997695 0.22481940463293057 0.34647327926179 0.4617366969745153 0.8091369210408431 1.120994400687179 1.489453061626813 1.866497414835721
90 5040 -0.8342231996136726 -0.39250923304933827 0.2597146586684401 0.7824631337569715 0.050967626820997695 0.22481940463293057 0.34647327926179 0.4617366969745153 0.8091369210408431 1.120994400687179 1.489453061626813 1.866497414835721
91 5096 -0.8373512506539688 -0.41289133858213567 0.23638536531704196 0.7988583223083775 0.050967626820997695 0.22481940463293057 0.34647327926179 0.4617366969745153 0.8091369210408431 1.120994400687179 1.489453061626813 1.866497414835721
92 5152 -0.8465450695043348 -0.41892504319719703 0.2432129642119482 0.8170108659080422 0.050967626820997695 0.22481940463293057 0.34647327926179 0.4617366969745153 0.8091369210408431 1.120994400687179 1.489453061626813 1.866497414835721
93 5208 -0.8486034422325245 -0.37924466987553507 0.23986119951886836 0.8094930428273115 0.050967626820997695 0.22481940463293057 0.34647327926179 0.4617366969745153 0.8091369210408431 1.120994400687179 1.489453061626813 1.866497414835721
94 5264 -0.8551728675346533 -0.3913833766260537 0.2675996539564185 0.8315045610194483 0.050967626820997695 0.22481940463293057 0.34647327926179 0.4617366969745153 0.8091369210408431 1.120994400687179 1.489453061626813 1.866497414835721
95 5320 -0.8716931426317178 -0.4298090329484957 0.29093570987088424 0.8013872249998243 0.050967626820997695 0.22481940463293057 0.34647327926179 0.4617366969745153 0.8091369210408431 1.120994400687179 1.489453061626813 1.866497414835721
96 5376 -0.8711334850782696 -0.4276630498791434 0.28182153187233505 0.7932192241472703 0.050967626820997695 0.22481940463293057 0.34647327926179 0.4617366969745153 0.8091369210408431 1.120994400687179 1.489453061626813 1.866497414835721
97 5432 -0.8825620570522444 -0.4202508882965042 0.3074782779355858 0.7959530150911278 0.041251245430243756 0.20610802038597806 0.30643524391516963 0.532093381918502 0.7331741325536127 1.0331180982078514 1.5059707689345874 1.9250887310751237
98 5488 -0.8892557873732214 -0.4246123489334852 0.3681354929840659 0.8357543556351185 0.041251245430243756 0.20610802038597806 0.30643524391516963 0.532093381918502 0.7331741325536127 1.0331180982078514 1.5059707689345874 1.9250887310751237
99 5544 -0.9011244009594868 -0.43081015847831555 0.4206667898671534 0.8542382035155653 0.041251245430243756 0.20610802038597806 0.30643524391516963 0.532093381918502 0.7331741325536127 1.0331180982078514 1.5059707689345874 1.9250887310751237
100 5600 -0.9079790199191007 -0.4362282639777196 0.41867739387133107 0.8570971203289462 0.041251245430243756 0.20610802038597806 0.30643524391516963 0.532093381918502 0.7331741325536127 1.0331180982078514 1.5059707689345874 1.9250887310751237
101 5656 -0.9142156063854172 -0.4786834159268454 0.466379478987191 0.8426730745142936 0.041251245430243756 0.20610802038597806 0.30643524391516963 0.532093381918502 0.7331741325536127 1.0331180982078514 1.5059707689345874 1.9250887310751237
102 5712 -0.9134536948554071 -0.49567043178182063 0.47630367014553554 0.8455833717338147 0.041251245430243756 0.20610802038597806 0.30643524391516963 0.532093381918502 0.7331741325536127 1.0331180982078514 1.5059707689345874 1.9250887310751237
103 5768 -0.9104230020106414 -0.4656584286109561 0.46038203334435474 0.8380244011417745 0.041251245430243756 0.20610802038597806 0.30643524391516963 0.532093381918502 0.7331741325536127 1.0331180982078514 1.5059707689345874 1.9250887310751237
104 5824 -0.9152535573088258 -0.4463032915368928 0.4619150990626324 0.8426677307466189 0.041251245430243756 0.20610802038597806 0.30643524391516963 0.532093381918502 0.7331741325536127 1.0331180982078514 1.5059707689345874 1.9250887310751237
105 5880 -0.9176485046100886 -0.4596316854115907 0.45310422135604966 0.8403258160399323 0.03482814942461934 0.17549549471197676 0.23643773038613794 0.48408657024947155 0.6309076067328673 0.971850841419572 1.4285821379928219 2.0722838445309426
106 5936 -0.926822185496192 -0.4539585301972676 0.46543884687720205 0.8499055551294802 0.03482814942461934 0.17549549471197676 0.23643773038613794 0.48408657024947155 0.6309076067328673 0.971850841419572 1.4285821379928219 2.0722838445309426
107 5992 -0.9342051986102953 -0.46977832420061133 0.49186741818013047 0.8523605654853287 0.03482814942461934 0.17549549471197676 0.23643773038613794 0.48408657024947155 0.6309076067328673 0.971850841419572 1.4285821379928219 2.0722838445309426
108 6048 -0.9363194426577175 -0.4780283020522896 0.5037267543094801 0.8561520163928847 0.03482814942461934 0.17549549471197676 0.23643773038613794 0.48408657024947155 0.6309076067328673 0.971850841419572 1.4285821379928219 2.0722838445309426
109 6104 -0.9391393147937346 -0.5087703514107726 0.548880295493481 0.861380706742639 0.03482814942461934 0.17549549471197676 0.23643773038613794 0.48408657024947155 0.6309076067328673 0.971850841419572 1.4285821379928219 2.0722838445309426
110 6160 -0.9457449083447919 -0.5368200489308182 0.602116580413792 0.8872672017715278 0.03482814942461934 0.17549549471197676 0.23643773038613794 0.48408657024947155 0.6309076067328673 0.971850841419572 1.4285821379928219 2.0722838445309426
111 6216 -0.9503015973635438 -0.5554461999934418 0.6350586993728025 0.905791452669998 0.03482814942461934 0.17549549471197676 0.23643773038613794 0.48408657024947155 0.6309076067328673 0.971850841419572 1.4285821379928219 2.0722838445309426
112 6272 -0.9534804429504691 -0.5800962175712489 0.6557824111512354 0.9065097426854621 0.03482814942461934 0.17549549471197676 0.23643773038613794 0.48408657024947155 0.6309076067328673 0.971850841419572 1.4285821379928219 2.0722838445309426
113 6328 -0.951178058892218 -0.6447645680278227 0.7035513004188624 0.9179812052633226 0.024485447248076397 0.11636444811423635 0.15386923590870996 0.32877961746771106 0.5211240558405787 0.8390621028629026 1.2576329572625993 2.301489050644661
114 6384 -0.9549500269033494 -0.6722054040114761 0.7251751822499235 0.9279762593756649 0.024485447248076397 0.11636444811423635 0.15386923590870996 0.32877961746771106 0.5211240558405787 0.8390621028629026 1.2576329572625993 2.301489050644661
115 6440 -0.9586485763802387 -0.6819508441784254 0.7189057616688442 0.9336553284888641 0.024485447248076397 0.11636444811423635 0.15386923590870996 0.32877961746771106 0.5211240558405787 0.8390621028629026 1.2576329572625993 2.301489050644661
116 6496 -0.9562054029077743 -0.6217215149153466 0.6887777020022013 0.9219521183447443 0.024485447248076397 0.11636444811423635 0.15386923590870996 0.32877961746771106 0.5211240558405787 0.8390621028629026 1.2576329572625993 2.301489050644661
117 6552 -0.9607296227779765 -0.689011979137222 0.7483840313503409 0.930990233443474 0.024485447248076397 0.11636444811423635 0.15386923590870996 0.32877961746771106 0.5211240558405787 0.8390621028629026 1.2576329572625993 2.301489050644661
118 6608 -0.9612866179165411 -0.6934169990087495 0.7560496607022658 0.9295976086787202 0.024485447248076397 0.11636444811423635 0.15386923590870996 0.32877961746771106 0.5211240558405787 0.8390621028629026 1.2576329572625993 2.301489050644661
119 6664 -0.9641859576293444 -0.7181263676543125 0.7746281212451953 0.9386483012883248 0.024485447248076397 0.11636444811423635 0.15386923590870996 0.32877961746771106 0.5211240558405787 0.8390621028629026 1.2576329572625993 2.301489050644661
120 6720 -0.9636283431892351 -0.718662889643578 0.7833059307906276 0.9407659311039306 0.024485447248076397 0.11636444811423635 0.15386923590870996 0.32877961746771106 0.5211240558405787 0.8390621028629026 1.2576329572625993 2.301489050644661
121 6776 -0.966941963604097 -0.7610403978113278 0.8249724756964214 0.943927178403258 0.015544237615369036 0.06657084547493902 0.08745052871257382 0.20284422666306479 0.3219792060085008 0.8046177168031063 1.0881045042871378 2.451832301035655
122 6832 -0.9683012303735117 -0.7644877369557384 0.8333450190845599 0.944003681833299 0.015544237615369036 0.06657084547493902 0.08745052871257382 0.20284422666306479 0.3219792060085008 0.8046177168031063 1.0881045042871378 2.451832301035655
123 6888 -0.9712303325799524 -0.7780906709756045 0.8418908920898869 0.951457214849546 0.015544237615369036 0.06657084547493902 0.08745052871257382 0.20284422666306479 0.3219792060085008 0.8046177168031063 1.0881045042871378 2.451832301035655
124 6944 -0.9729080705344294 -0.7877329625895726 0.838438362375299 0.9516239531215492 0.015544237615369036 0.06657084547493902 0.08745052871257382 0.20284422666306479 0.3219792060085008 0.8046177168031063 1.0881045042871378 2.451832301035655
125 7000 -0.9694497476433753 -0.7881788264823076 0.8358988472312252 0.9474312240128255 0.015544237615369036 0.06657084547493902 0.08745052871257382 0.20284422666306479 0.3219792060085008 0.8046177168031063 1.0881045042871378 2.451832301035655
126 7056 -0.9701480308164192 -0.7612871692803407 0.8332083731163935 0.9452544669200567 0.015544237615369036 0.06657084547493902 0.08745052871257382 0.20284422666306479 0.3219792060085008 0.8046177168031063 1.0881045042871378 2.451832301035655
127 7112 -0.970650335447481 -0.7461055161311172 0.8163594120438956 0.9482862530598364 0.015544237615369036 0.06657084547493902 0.08745052871257382 0.20284422666306479 0.3219792060085008 0.8046177168031063 1.0881045042871378 2.451832301035655
128 7168 -0.9721620139503303 -0.7807167182528658 0.8398897212317847 0.956226190870342 0.015544237615369036 0.06657084547493902 0.08745052871257382 0.20284422666306479 0.3219792060085008 0.8046177168031063 1.0881045042871378 2.451832301035655
129 7224 -0.9737782989048046 -0.7497183301463455 0.8166229798413034 0.9582430535438871 0.013097723359918701 0.0545879873339516 0.06919287633035004 0.1837931686413302 0.24836737989653743 0.8342399172799962 1.0197931340398854 2.4820677644038307
130 7280 -0.9760520282902144 -0.7282712218942435 0.8009512461555846 0.9561446733934317 0.013097723359918701 0.0545879873339516 0.06919287633035004 0.1837931686413302 0.24836737989653743 0.8342399172799962 1.0197931340398854 2.4820677644038307
131 7336 -0.9808245252017812 -0.7407047813689049 0.8127450391494258 0.9624936144362085 0.013097723359918701 0.0545879873339516 0.06919287633035004 0.1837931686413302 0.24836737989653743 0.8342399172799962 1.0197931340398854 2.4820677644038307
132 7392 -0.97873275267683 -0.7421517133512981 0.823791781069062 0.9685953394463956 0.013097723359918701 0.0545879873339516 0.06919287633035004 0.1837931686413302 0.24836737989653743 0.8342399172799962 1.0197931340398854 2.4820677644038307
133 7448 -0.9837229967733484 -0.7972755117202038 0.8584077177928922 0.9748293757207385 0.013097723359918701 0.0545879873339516 0.06919287633035004 0.1837931686413302 0.24836737989653743 0.8342399172799962 1.0197931340398854 2.4820677644038307
134 7504 -0.9888958922491615 -0.8257436179183437 0.877656233304235 0.9809788000711294 0.013097723359918701 0.0545879873339516 0.06919287633035004 0.1837931686413302 0.24836737989653743 0.8342399172799962 1.0197931340398854 2.4820677644038307
135 7560 -0.9905324631645929 -0.8236038673702901 0.8792422641700226 0.9825748174037249 0.013097723359918701 0.0545879873339516 0.06919287633035004 0.1837931686413302 0.24836737989653743 0.8342399172799962 1.0197931340398854 2.4820677644038307
136 7616 -0.9912069941245054 -0.824663313020906 0.87844878520112 0.9846333027200966 0.013097723359918701 0.0545879873339516 0.06919287633035004 0.1837931686413302 0.24836737989653743 0.8342399172799962 1.0197931340398854 2.4820677644038307
137 7672 -0.9915328892023108 -0.8252500249083989 0.8750886750360196 0.985948582684721 0.007374011826572655 0.03303977500242532 0.04076214758570473 0.09504845691311968 0.1472903747044474 0.6071972499379745 0.8571329821907613 2.6197515781859866
138 7728 -0.9919912837234911 -0.8162319244959638 0.8715995770024981 0.9875658573847766 0.007374011826572655 0.03303977500242532 0.04076214758570473 0.09504845691311968 0.1472903747044474 0.6071972499379745 0.8571329821907613 2.6197515781859866
139 7784 -0.9918733481118598 -0.8124837021886302 0.8624558696724853 0.9894766043155022 0.007374011826572655 0.03303977500242532 0.04076214758570473 0.09504845691311968 0.1472903747044474 0.6071972499379745 0.8571329821907613 2.6197515781859866
140 7840 -0.9926080020435021 -0.8116503073539237 0.86443708579225 0.9901493835458671 0.007374011826572655 0.03303977500242532 0.04076214758570473 0.09504845691311968 0.1472903747044474 0.6071972499379745 0.8571329821907613 2.6197515781859866
141 7896 -0.9940441247976929 -0.8389488275347619 0.8523906576858122 0.9899729725787685 0.007374011826572655 0.03303977500242532 0.04076214758570473 0.09504845691311968 0.1472903747044474 0.6071972499379745 0.8571329821907613 2.6197515781859866
142 7952 -0.9962018778952629 -0.876398851239294 0.8611572858493278 0.9887275742503081 0.007374011826572655 0.03303977500242532 0.04076214758570473 0.09504845691311968 0.1472903747044474 0.6071972499379745 0.8571329821907613 2.6197515781859866
143 8008 -0.9968268131472542 -0.886676355032063 0.8602166715422872 0.9889493445516844 0.007374011826572655 0.03303977500242532 0.04076214758570473 0.09504845691311968 0.1472903747044474 0.6071972499379745 0.8571329821907613 2.6197515781859866
144 8064 -0.9971359010366057 -0.8952543390726606 0.8556055378873748 0.9902747651069592 0.007374011826572655 0.03303977500242532 0.04076214758570473 0.09504845691311968 0.1472903747044474 0.6071972499379745 0.8571329821907613 2.6197515781859866
145 8120 -0.9975261846988024 -0.9043927838075221 0.8522654330838362 0.9908875500718933 0.0036727667828643034 0.01712881799350244 0.022412412632701495 0.04928728920374261 0.08358616128536075 0.3853713402923284 1.0781730589077734 2.5843387355433025
146 8176 -0.9973381868475276 -0.8933797017120161 0.8472432181404688 0.9917504132095326 0.0036727667828643034 0.01712881799350244 0.022412412632701495 0.04928728920374261 0.08358616128536075 0.3853713402923284 1.0781730589077734 2.5843387355433025
147 8232 -0.9975469087320348 -0.9043555098080922 0.8639932584873037 0.9922521963357938 0.0036727667828643034 0.01712881799350244 0.022412412632701495 0.04928728920374261 0.08358616128536075 0.3853713402923284 1.0781730589077734 2.5843387355433025
148 8288 -0.9976432361358017 -0.9072098906480819 0.8723488549880465 0.9934021691848212 0.0036727667828643034 0.01712881799350244 0.022412412632701495 0.04928728920374261 0.08358616128536075 0.3853713402923284 1.0781730589077734 2.5843387355433025
149 8344 -0.9976404171584986 -0.9068118319562541 0.8718960054508973 0.9940919702906892 0.0036727667828643034 0.01712881799350244 0.022412412632701495 0.04928728920374261 0.08358616128536075 0.3853713402923284 1.0781730589077734 2.5843387355433025
150 8400 -0.9979796157932626 -0.9163519473847412 0.8827082459872941 0.9942538215374066 0.0036727667828643034 0.01712881799350244 0.022412412632701495 0.04928728920374261 0.08358616128536075 0.3853713402923284 1.0781730589077734 2.5843387355433025
151 8456 -0.9980861522173042 -0.9181533089174001 0.8993926812700969 0.9946041049640955 0.0036727667828643034 0.01712881799350244 0.022412412632701495 0.04928728920374261 0.08358616128536075 0.3853713402923284 1.0781730589077734 2.5843387355433025
152 8512 -0.9982151295589807 -0.9237896331513684 0.9171817500016386 0.9956467938962906 0.0036727667828643034 0.01712881799350244 0.022412412632701495 0.04928728920374261 0.08358616128536075 0.3853713402923284 1.0781730589077734 2.5843387355433025
153 8568 -0.9980924892184205 -0.9171860872873737 0.9178385839918752 0.9960660792762973 0.002607587066870594 0.01194312432070204 0.014486145283072549 0.03337992662918946 0.05579850990638224 0.2605144893573225 0.9646453851202933 2.645185154664501
154 8624 -0.9982553357091568 -0.9183967796381849 0.9181754906976911 0.9962062448044161 0.002607587066870594 0.01194312432070204 0.014486145283072549 0.03337992662918946 0.05579850990638224 0.2605144893573225 0.9646453851202933 2.645185154664501
155 8680 -0.9986230911542905 -0.9256557254350963 0.9275354420109818 0.9966055639533655 0.002607587066870594 0.01194312432070204 0.014486145283072549 0.03337992662918946 0.05579850990638224 0.2605144893573225 0.9646453851202933 2.645185154664501
156 8736 -0.9984747878016159 -0.9187132333277814 0.9256712354445914 0.9969085994230296 0.002607587066870594 0.01194312432070204 0.014486145283072549 0.03337992662918946 0.05579850990638224 0.2605144893573225 0.9646453851202933 2.645185154664501
157 8792 -0.9983692384773063 -0.9132727082394847 0.9249143486913248 0.9972296605333705 0.002607587066870594 0.01194312432070204 0.014486145283072549 0.03337992662918946 0.05579850990638224 0.2605144893573225 0.9646453851202933 2.645185154664501
158 8848 -0.9984408447264156 -0.9062097461036185 0.9175525148597823 0.9969677352880946 0.002607587066870594 0.01194312432070204 0.014486145283072549 0.03337992662918946 0.05579850990638224 0.2605144893573225 0.9646453851202933 2.645185154664501
159 8904 -0.9984819473127764 -0.9055746475717044 0.917730711738127 0.996959182385341 0.002607587066870594 0.01194312432070204 0.014486145283072549 0.03337992662918946 0.05579850990638224 0.2605144893573225 0.9646453851202933 2.645185154664501
160 8960 -0.9985956487470193 -0.9158472367317636 0.9282694256423971 0.9973880563776817 0.002607587066870594 0.01194312432070204 0.014486145283072549 0.03337992662918946 0.05579850990638224 0.2605144893573225 0.9646453851202933 2.645185154664501
161 9016 -0.9988327362456595 -0.9332632717554932 0.947432301432264 0.9982827862347599 0.001378709432741972 0.006053002950500176 0.008056198176725147 0.017072877523480433 0.03221036846040278 0.13458684795529868 0.9388601382935273 2.66439403769115
162 9072 -0.9988496153047228 -0.9203069811099638 0.9364744912221984 0.9982105559607635 0.001378709432741972 0.006053002950500176 0.008056198176725147 0.017072877523480433 0.03221036846040278 0.13458684795529868 0.9388601382935273 2.66439403769115
163 9128 -0.9990201335780547 -0.9310910074066894 0.9452984654014394 0.998542937191836 0.001378709432741972 0.006053002950500176 0.008056198176725147 0.017072877523480433 0.03221036846040278 0.13458684795529868 0.9388601382935273 2.66439403769115
164 9184 -0.9989366539466404 -0.92244460164323 0.938293585273193 0.9984522958147776 0.001378709432741972 0.006053002950500176 0.008056198176725147 0.017072877523480433 0.03221036846040278 0.13458684795529868 0.9388601382935273 2.66439403769115
165 9240 -0.9988061076233677 -0.9137005951151784 0.9314951247222649 0.998337483851016 0.001378709432741972 0.006053002950500176 0.008056198176725147 0.017072877523480433 0.03221036846040278 0.13458684795529868 0.9388601382935273 2.66439403769115
166 9296 -0.9987466087819005 -0.9130698800528285 0.9314448016588405 0.9984348024173041 0.001378709432741972 0.006053002950500176 0.008056198176725147 0.017072877523480433 0.03221036846040278 0.13458684795529868 0.9388601382935273 2.66439403769115
167 9352 -0.9984836741406102 -0.8971885347530468 0.91929334590037 0.9985128032567824 0.001378709432741972 0.006053002950500176 0.008056198176725147 0.017072877523480433 0.03221036846040278 0.13458684795529868 0.9388601382935273 2.66439403769115
168 9408 -0.9987161286432508 -0.9122391080594355 0.931149877838112 0.998758523769716 0.001378709432741972 0.006053002950500176 0.008056198176725147 0.017072877523480433 0.03221036846040278 0.13458684795529868 0.9388601382935273 2.66439403769115
169 9464 -0.998961518250542 -0.9249105855397937 0.9407546815195387 0.9989092321905793 0.0007692193868929267 0.003370055560933757 0.004113983233474708 0.008556566110179286 0.015738947556333826 0.07087487824887903 0.9471006750756041 2.664137244921846
170 9520 -0.9990153109108544 -0.9325734963752959 0.9472611708071533 0.9990754824736564 0.0007692193868929267 0.003370055560933757 0.004113983233474708 0.008556566110179286 0.015738947556333826 0.07087487824887903 0.9471006750756041 2.664137244921846
171 9576 -0.999061387761907 -0.9339291811058219 0.9481450778252096 0.9990407478617157 0.0007692193868929267 0.003370055560933757 0.004113983233474708 0.008556566110179286 0.015738947556333826 0.07087487824887903 0.9471006750756041 2.664137244921846
172 9632 -0.9991571560598327 -0.9416422557145951 0.9543317256960129 0.9991669614040757 0.0007692193868929267 0.003370055560933757 0.004113983233474708 0.008556566110179286 0.015738947556333826 0.07087487824887903 0.9471006750756041 2.664137244921846
173 9688 -0.9990063513101992 -0.9298229303563763 0.9449582221934575 0.9990524964558507 0.0007692193868929267 0.003370055560933757 0.004113983233474708 0.008556566110179286 0.015738947556333826 0.07087487824887903 0.9471006750756041 2.664137244921846
174 9744 -0.9990359568441317 -0.9312612832242372 0.9460552734978556 0.9990494105436096 0.0007692193868929267 0.003370055560933757 0.004113983233474708 0.008556566110179286 0.015738947556333826 0.07087487824887903 0.9471006750756041 2.664137244921846
175 9800 -0.9990012250717111 -0.9231681972590373 0.9391411160295904 0.9988622074745059 0.0007692193868929267 0.003370055560933757 0.004113983233474708 0.008556566110179286 0.015738947556333826 0.07087487824887903 0.9471006750756041 2.664137244921846
176 9856 -0.9989297461011482 -0.9150343023964987 0.9324308386866146 0.9988131552287878 0.0007692193868929267 0.003370055560933757 0.004113983233474708 0.008556566110179286 0.015738947556333826 0.07087487824887903 0.9471006750756041 2.664137244921846
177 9912 -0.9989092483278667 -0.9124448894435655 0.9302848335370671 0.9987620395225011 0.0004596310931680651 0.0017685143804299565 0.002265910400613197 0.005344953533490554 0.00956070542669615 0.04644109733079929 1.0177882972143166 2.638526436794212
178 9968 -0.9987105839542723 -0.9059529076056225 0.9260383112175824 0.9988038751261322 0.0004596310931680651 0.0017685143804299565 0.002265910400613197 0.005344953533490554 0.00956070542669615 0.04644109733079929 1.0177882972143166 2.638526436794212
179 10024 -0.9986490229826565 -0.9046233981668426 0.9253332775562129 0.9988768705372263 0.0004596310931680651 0.0017685143804299565 0.002265910400613197 0.005344953533490554 0.00956070542669615 0.04644109733079929 1.0177882972143166 2.638526436794212
180 10080 -0.9988656917013587 -0.921813911015665 0.9390433931673152 0.9990637028690141 0.0004596310931680651 0.0017685143804299565 0.002265910400613197 0.005344953533490554 0.00956070542669615 0.04644109733079929 1.0177882972143166 2.638526436794212
181 10136 -0.9986843485010461 -0.9077492047839402 0.9278928469286566 0.9989268964817238 0.0004596310931680651 0.0017685143804299565 0.002265910400613197 0.005344953533490554 0.00956070542669615 0.04644109733079929 1.0177882972143166 2.638526436794212
182 10192 -0.9985024514359104 -0.8988202113431187 0.921293517295493 0.9989019483424201 0.0004596310931680651 0.0017685143804299565 0.002265910400613197 0.005344953533490554 0.00956070542669615 0.04644109733079929 1.0177882972143166 2.638526436794212
183 10248 -0.9983907658730345 -0.8941538907364488 0.9179492943052125 0.9988786067258694 0.0004596310931680651 0.0017685143804299565 0.002265910400613197 0.005344953533490554 0.00956070542669615 0.04644109733079929 1.0177882972143166 2.638526436794212
184 10304 -0.9987138839984976 -0.9084554881722579 0.9283540871714694 0.9989694503853137 0.0004596310931680651 0.0017685143804299565 0.002265910400613197 0.005344953533490554 0.00956070542669615 0.04644109733079929 1.0177882972143166 2.638526436794212
185 10360 -0.9986668481879551 -0.9104826282003213 0.9305125387828868 0.9990468458951418 0.0002232072159862482 0.0008730907965879953 0.0013331163246660205 0.003120529942347776 0.004699198391174558 0.026416254829784977 0.9236535213602488 2.673225008202416
186 10416 -0.9987629889397517 -0.9154227268600079 0.934211933451584 0.9990575320636375 0.0002232072159862482 0.0008730907965879953 0.0013331163246660205 0.003120529942347776 0.004699198391174558 0.026416254829784977 0.9236535213602488 2.673225008202416
187 10472 -0.9987155462684609 -0.9176177873035221 0.9364985582581737 0.9991404393554207 0.0002232072159862482 0.0008730907965879953 0.0013331163246660205 0.003120529942347776 0.004699198391174558 0.026416254829784977 0.9236535213602488 2.673225008202416
188 10528 -0.9989023624183995 -0.9249878655496326 0.9417024545170457 0.9991546795074173 0.0002232072159862482 0.0008730907965879953 0.0013331163246660205 0.003120529942347776 0.004699198391174558 0.026416254829784977 0.9236535213602488 2.673225008202416
189 10584 -0.9990066839847891 -0.9348857345203301 0.9497160326340287 0.9993045431429592 0.0002232072159862482 0.0008730907965879953 0.0013331163246660205 0.003120529942347776 0.004699198391174558 0.026416254829784977 0.9236535213602488 2.673225008202416
190 10640 -0.9990147220052376 -0.9351972425531251 0.9499410293340503 0.9993078560884483 0.0002232072159862482 0.0008730907965879953 0.0013331163246660205 0.003120529942347776 0.004699198391174558 0.026416254829784977 0.9236535213602488 2.673225008202416
191 10696 -0.9990124993717471 -0.9354781749086752 0.9502046467693414 0.9993099724148892 0.0002232072159862482 0.0008730907965879953 0.0013331163246660205 0.003120529942347776 0.004699198391174558 0.026416254829784977 0.9236535213602488 2.673225008202416
192 10752 -0.9991035692113156 -0.9381304719983112 0.9518991370163017 0.9992930174260849 0.0002232072159862482 0.0008730907965879953 0.0013331163246660205 0.003120529942347776 0.004699198391174558 0.026416254829784977 0.9236535213602488 2.673225008202416
193 10808 -0.9990179899428493 -0.9303923203463418 0.9456727353254191 0.9991959669962943 0.0001258453001807793 0.0004994391830491433 0.0007386657383384266 0.0016739637683299132 0.002892999856797307 0.014409814628450974 0.8843538487721969 2.6865774965367546
194 10864 -0.9990056940991375 -0.9279798682048848 0.9436227097002916 0.9991536694040395 0.0001258453001807793 0.0004994391830491433 0.0007386657383384266 0.0016739637683299132 0.002892999856797307 0.014409814628450974 0.8843538487721969 2.6865774965367546
195 10920 -0.9989537163428813 -0.9228014048101147 0.9394102157714419 0.9990710391035655 0.0001258453001807793 0.0004994391830491433 0.0007386657383384266 0.0016739637683299132 0.002892999856797307 0.014409814628450974 0.8843538487721969 2.6865774965367546
196 10976 -0.999072611623196 -0.9340885724799586 0.9485588714392292 0.9992250179203819 0.0001258453001807793 0.0004994391830491433 0.0007386657383384266 0.0016739637683299132 0.002892999856797307 0.014409814628450974 0.8843538487721969 2.6865774965367546
197 11032 -0.9990972135703244 -0.9361208975667453 0.950181432051173 0.9992475596537119 0.0001258453001807793 0.0004994391830491433 0.0007386657383384266 0.0016739637683299132 0.002892999856797307 0.014409814628450974 0.8843538487721969 2.6865774965367546
198 11088 -0.9990972315943849 -0.9369804973030572 0.9509456182671439 0.9992675126174618 0.0001258453001807793 0.0004994391830491433 0.0007386657383384266 0.0016739637683299132 0.002892999856797307 0.014409814628450974 0.8843538487721969 2.6865774965367546
199 11144 -0.9991624342564863 -0.9378737043684058 0.9512558192234285 0.9992285247011962 0.0001258453001807793 0.0004994391830491433 0.0007386657383384266 0.0016739637683299132 0.002892999856797307 0.014409814628450974 0.8843538487721969 2.6865774965367546
200 11200 -0.9991336144040354 -0.9345702002906972 0.9485363910592568 0.9991724637497099 0.0001258453001807793 0.0004994391830491433 0.0007386657383384266 0.0016739637683299132 0.002892999856797307 0.014409814628450974 0.8843538487721969 2.6865774965367546
201 11256 -0.9988822101472934 -0.9191954923078872 0.936747142351174 0.9990409445955156 6.849230251316038e-05 0.0002618724635946088 0.0003607948584273927 0.000918261112711544 0.0016311009304212185 0.0075274520500907705 0.9476350572995736 2.6649441698668737
202 11312 -0.9988887739443648 -0.9190669697424716 0.9365849388898134 0.9990383051503858 6.849230251316038e-05 0.0002618724635946088 0.0003607948584273927 0.000918261112711544 0.0016311009304212185 0.0075274520500907705 0.9476350572995736 2.6649441698668737
203 11368 -0.9989829545704264 -0.9256525433576765 0.9417396139600962 0.9991070514053647 6.849230251316038e-05 0.0002618724635946088 0.0003607948584273927 0.000918261112711544 0.0016311009304212185 0.0075274520500907705 0.9476350572995736 2.6649441698668737
204 11424 -0.9991156469561745 -0.9345346243682888 0.948643241726857 0.999194285200928 6.849230251316038e-05 0.0002618724635946088 0.0003607948584273927 0.000918261112711544 0.0016311009304212185 0.0075274520500907705 0.9476350572995736 2.6649441698668737
205 11480 -0.9990125986018495 -0.9259204502227911 0.9417559772641477 0.9990814945274825 6.849230251316038e-05 0.0002618724635946088 0.0003607948584273927 0.000918261112711544 0.0016311009304212185 0.0075274520500907705 0.9476350572995736 2.6649441698668737
206 11536 -0.9989822410891607 -0.9259747632927162 0.9420333467132416 0.9991159634604441 6.849230251316038e-05 0.0002618724635946088 0.0003607948584273927 0.000918261112711544 0.0016311009304212185 0.0075274520500907705 0.9476350572995736 2.6649441698668737
207 11592 -0.9987874942999282 -0.9121617502532856 0.931197082796708 0.9989662058421428 6.849230251316038e-05 0.0002618724635946088 0.0003607948584273927 0.000918261112711544 0.0016311009304212185 0.0075274520500907705 0.9476350572995736 2.6649441698668737
208 11648 -0.9986478967031805 -0.9012726456461406 0.9225385682188992 0.9988382883403052 6.849230251316038e-05 0.0002618724635946088 0.0003607948584273927 0.000918261112711544 0.0016311009304212185 0.0075274520500907705 0.9476350572995736 2.6649441698668737
209 11704 -0.9985143453121131 -0.9010216789015694 0.9232840618271811 0.9989498199654816 3.881232211460995e-05 0.00016564125366504826 0.00021626643801711713 0.0005708526449030317 0.0009177741591440879 0.004378960218767664 0.960951984655771 2.660178727829541
210 11760 -0.9983632741959363 -0.8954666271995944 0.9194223610526906 0.9989509579540363 3.881232211460995e-05 0.00016564125366504826 0.00021626643801711713 0.0005708526449030317 0.0009177741591440879 0.004378960218767664 0.960951984655771 2.660178727829541
211 11816 -0.9981197191925402 -0.880415679221092 0.9077863111582667 0.9988176201163586 3.881232211460995e-05 0.00016564125366504826 0.00021626643801711713 0.0005708526449030317 0.0009177741591440879 0.004378960218767664 0.960951984655771 2.660178727829541
212 11872 -0.9979249120550906 -0.8626845154052442 0.8934122028601597 0.9986023777085451 3.881232211460995e-05 0.00016564125366504826 0.00021626643801711713 0.0005708526449030317 0.0009177741591440879 0.004378960218767664 0.960951984655771 2.660178727829541
213 11928 -0.9979874930967229 -0.8614844590302213 0.8919023579072971 0.9985287106951866 3.881232211460995e-05 0.00016564125366504826 0.00021626643801711713 0.0005708526449030317 0.0009177741591440879 0.004378960218767664 0.960951984655771 2.660178727829541
214 11984 -0.9980796646489165 -0.8532714697622368 0.8838812755236171 0.9982625139997677 3.881232211460995e-05 0.00016564125366504826 0.00021626643801711713 0.0005708526449030317 0.0009177741591440879 0.004378960218767664 0.960951984655771 2.660178727829541
215 12040 -0.998164077104744 -0.8603766986006554 0.8896155092202872 0.9983445671642087 3.881232211460995e-05 0.00016564125366504826 0.00021626643801711713 0.0005708526449030317 0.0009177741591440879 0.004378960218767664 0.960951984655771 2.660178727829541
216 12096 -0.9984054785297093 -0.8727630380211084 0.8988791054435847 0.9983932794950702 3.881232211460995e-05 0.00016564125366504826 0.00021626643801711713 0.0005708526449030317 0.0009177741591440879 0.004378960218767664 0.960951984655771 2.660178727829541
217 12152 -0.9984782039547506 -0.8750080077138475 0.9003263561046828 0.9983646508705342 2.596493622453966e-05 0.0001135773304057327 0.00015013719062790675 0.0003780113069599731 0.0005691334323255003 0.0033314535535775647 1.154202023119117 2.58220953609973
218 12208 -0.9988312480024202 -0.9115300070634224 0.9303083102414816 0.9989089492439737 2.596493622453966e-05 0.0001135773304057327 0.00015013719062790675 0.0003780113069599731 0.0005691334323255003 0.0033314535535775647 1.154202023119117 2.58220953609973
219 12264 -0.9988247650069338 -0.9097247087857308 0.9287461912771267 0.9988711484822381 2.596493622453966e-05 0.0001135773304057327 0.00015013719062790675 0.0003780113069599731 0.0005691334323255003 0.0033314535535775647 1.154202023119117 2.58220953609973
220 12320 -0.9987379697352268 -0.9057551532857226 0.9258626249027336 0.9988591221089491 2.596493622453966e-05 0.0001135773304057327 0.00015013719062790675 0.0003780113069599731 0.0005691334323255003 0.0033314535535775647 1.154202023119117 2.58220953609973
221 12376 -0.9986857566929551 -0.9044118634609841 0.925056062759317 0.9988764404841316 2.596493622453966e-05 0.0001135773304057327 0.00015013719062790675 0.0003780113069599731 0.0005691334323255003 0.0033314535535775647 1.154202023119117 2.58220953609973
222 12432 -0.9985844829600163 -0.8980172408092137 0.920110817051641 0.9988224756018538 2.596493622453966e-05 0.0001135773304057327 0.00015013719062790675 0.0003780113069599731 0.0005691334323255003 0.0033314535535775647 1.154202023119117 2.58220953609973
223 12488 -0.9988030541349115 -0.9191618257142655 0.9372995335353684 0.99911619930471 2.596493622453966e-05 0.0001135773304057327 0.00015013719062790675 0.0003780113069599731 0.0005691334323255003 0.0033314535535775647 1.154202023119117 2.58220953609973
224 12544 -0.9986422735748969 -0.903896271393335 0.9249179267380581 0.9989084725481387 2.596493622453966e-05 0.0001135773304057327 0.00015013719062790675 0.0003780113069599731 0.0005691334323255003 0.0033314535535775647 1.154202023119117 2.58220953609973
225 12600 -0.9985088269594058 -0.9053918308465312 0.9271885961837741 0.9990477877637779 1.6188720010496918e-05 7.062846162279147e-05 9.700627766635685e-05 0.00024774032544902107 0.00037945853194789876 0.002282983191450758 0.9209003560978826 2.674310584450098
226 12656 -0.998468793303436 -0.9064404414818115 0.9283852090795917 0.999097393449335 1.6188720010496918e-05 7.062846162279147e-05 9.700627766635685e-05 0.00024774032544902107 0.00037945853194789876 0.002282983191450758 0.9209003560978826 2.674310584450098
227 12712 -0.9984479095209791 -0.9078755693675058 0.9297864786423904 0.9991397119466691 1.6188720010496918e-05 7.062846162279147e-05 9.700627766635685e-05 0.00024774032544902107 0.00037945853194789876 0.002282983191450758 0.9209003560978826 2.674310584450098
228 12768 -0.9984430630095633 -0.9024435465019246 0.9250375766973776 0.9990351486012804 1.6188720010496918e-05 7.062846162279147e-05 9.700627766635685e-05 0.00024774032544902107 0.00037945853194789876 0.002282983191450758 0.9209003560978826 2.674310584450098
229 12824 -0.9982745359882963 -0.8870657504354016 0.9126052091602781 0.9988390899228864 1.6188720010496918e-05 7.062846162279147e-05 9.700627766635685e-05 0.00024774032544902107 0.00037945853194789876 0.002282983191450758 0.9209003560978826 2.674310584450098
230 12880 -0.9980728199869423 -0.8838335506843451 0.911122750898476 0.9989165205429823 1.6188720010496918e-05 7.062846162279147e-05 9.700627766635685e-05 0.00024774032544902107 0.00037945853194789876 0.002282983191450758 0.9209003560978826 2.674310584450098
231 12936 -0.9977953435808568 -0.8672991294068504 0.9011146026758299 0.9987813663150199 1.6188720010496918e-05 7.062846162279147e-05 9.700627766635685e-05 0.00024774032544902107 0.00037945853194789876 0.002282983191450758 0.9209003560978826 2.674310584450098
232 12992 -0.9977682499661569 -0.8590531347120892 0.8917594272397231 0.9986426811755507 1.6188720010496918e-05 7.062846162279147e-05 9.700627766635685e-05 0.00024774032544902107 0.00037945853194789876 0.002282983191450758 0.9209003560978826 2.674310584450098
233 13048 -0.9979289108332587 -0.871065565943558 0.9008157388576468 0.9987649316434537 1.4980219027541032e-05 5.797327310606288e-05 8.108207184325684e-05 0.0002480488763700473 0.0003128798983263579 0.001830153164178634 1.0101441044456143 2.6418942766907767
234 13104 -0.9974551819096769 -0.850654860330691 0.8953676141953004 0.9987124789908844 1.4980219027541032e-05 5.797327310606288e-05 8.108207184325684e-05 0.0002480488763700473 0.0003128798983263579 0.001830153164178634 1.0101441044456143 2.6418942766907767
235 13160 -0.9973194760277629 -0.8423336670588357 0.8910963853211589 0.9987174100470106 1.4980219027541032e-05 5.797327310606288e-05 8.108207184325684e-05 0.0002480488763700473 0.0003128798983263579 0.001830153164178634 1.0101441044456143 2.6418942766907767
236 13216 -0.9974024001554093 -0.8378526272093749 0.8826149641995535 0.9985579902489323 1.4980219027541032e-05 5.797327310606288e-05 8.108207184325684e-05 0.0002480488763700473 0.0003128798983263579 0.001830153164178634 1.0101441044456143 2.6418942766907767
237 13272 -0.9976235594070574 -0.8511754265823912 0.8888586218794274 0.998591737465418 1.4980219027541032e-05 5.797327310606288e-05 8.108207184325684e-05 0.0002480488763700473 0.0003128798983263579 0.001830153164178634 1.0101441044456143 2.6418942766907767
238 13328 -0.99819258075829 -0.8800202559564207 0.9069320387923702 0.9987573239167167 1.4980219027541032e-05 5.797327310606288e-05 8.108207184325684e-05 0.0002480488763700473 0.0003128798983263579 0.001830153164178634 1.0101441044456143 2.6418942766907767
239 13384 -0.9985089955664498 -0.8981185744507256 0.9207498848225482 0.9988934142446868 1.4980219027541032e-05 5.797327310606288e-05 8.108207184325684e-05 0.0002480488763700473 0.0003128798983263579 0.001830153164178634 1.0101441044456143 2.6418942766907767
240 13440 -0.9983177156889367 -0.8958822751219538 0.9201021696855027 0.9989894331074565 1.4980219027541032e-05 5.797327310606288e-05 8.108207184325684e-05 0.0002480488763700473 0.0003128798983263579 0.001830153164178634 1.0101441044456143 2.6418942766907767
