% # columns="iteration, evaluation, sigma, max axis length,  min axis length, all principal axes lengths  (sorted square roots of eigenvalues of C)", seed=976475, Tue Mar 25 04:29:24 2025
1 56 0.4610606369764394 1.0000437509570452 1.0 1.0 1.0000062500195313 1.0000125000781253 1.0000187501757822 1.0000250003125026 1.0000312504882864 1.0000375007031337 1.0000437509570452
2 112 0.4546124234811898 0.9881097067534252 0.8604958178563028 0.8604958178563028 0.8748165446045606 0.8906012163868912 0.9188214590951189 0.9320981320047431 0.9453869073881583 0.9547126706885176 0.9881097067534252
3 168 0.42352230344487174 0.9794447811631458 0.790858062299005 0.790858062299005 0.8025560374000955 0.8379898577925841 0.8469335249590961 0.8611882448852131 0.8887271794336863 0.9303955919033614 0.9794447811631458
4 224 0.4357670412057383 0.9384336574071314 0.734788438312921 0.734788438312921 0.7366193811042799 0.7682169244310825 0.7941694610038875 0.834730160207137 0.882948626151582 0.9186917148229237 0.9384336574071314
5 280 0.4330172057267372 0.9499257492535321 0.6626334586333901 0.6626334586333901 0.7116871611097362 0.7223998435853434 0.7561296049721334 0.8206918179170561 0.8436283775947455 0.8628073929080183 0.9499257492535321
6 336 0.47858212442277703 0.8933243428386678 0.6111776692405169 0.6111776692405169 0.6590335487679845 0.6851860248904739 0.7182929061164187 0.7802666901381468 0.8032755988601247 0.8208674452908545 0.8933243428386678
7 392 0.4355068249669781 0.9686313032990584 0.530723001998208 0.530723001998208 0.6026311728912782 0.659020080048606 0.6734956203949138 0.7481047773643134 0.7911971325948136 0.8040515380150387 0.9686313032990584
8 448 0.4319233564875716 0.9212283473281146 0.49336646625414926 0.49336646625414926 0.5653919477180792 0.5994435722826298 0.6430860273836655 0.6995486621389635 0.7283350184855147 0.8026737640681404 0.9212283473281146
9 504 0.4353402179004077 0.8530179640467908 0.4344570123738321 0.4344570123738321 0.5327362657944734 0.5677563974670844 0.6298586443201293 0.6869634884016659 0.7267153510083793 0.7934046301314075 0.8530179640467908
10 560 0.40094252970832467 0.8413733853326675 0.39587352380948576 0.39587352380948576 0.5069211463474638 0.5449067475338265 0.570070589550532 0.6905035318464968 0.7113301918145957 0.7870869632166764 0.8413733853326675
11 616 0.40029120650118444 0.8357486937076309 0.34946309190581754 0.34946309190581754 0.49410121043661115 0.5015291070864334 0.5502204456632669 0.6660753620918248 0.7065009752002499 0.7794235317912627 0.8357486937076309
12 672 0.4481277173782059 0.8327955777448952 0.3155950481825236 0.3155950481825236 0.4617339906145524 0.4946094151897387 0.5125981546837067 0.6284499847702499 0.681476565105506 0.7756492825470545 0.8327955777448952
13 728 0.46079089021808484 0.8945855916958059 0.2903067452476626 0.2903067452476626 0.4653241934266751 0.47495162203160896 0.48871042319697633 0.6056656482560714 0.664994127790706 0.6943042720371299 0.8945855916958059
14 784 0.42605003052961665 0.8824931296313948 0.2696588935309907 0.2696588935309907 0.40210197579353896 0.4390270463272938 0.4661660772729383 0.5787877878253929 0.6504257094899681 0.7020515550921487 0.8824931296313948
15 840 0.4778921761884682 0.8918333570588168 0.258376918743312 0.258376918743312 0.3657420202859217 0.41721154192021626 0.43099010691360967 0.5797210641125969 0.6040313385836843 0.7002685696261406 0.8918333570588168
16 896 0.46897825939915694 0.9089501331738832 0.22622014727888473 0.22622014727888473 0.3596527784627847 0.40885412016127615 0.45763520946318403 0.5358167904067951 0.6336170661218077 0.7208482508874874 0.9089501331738832
17 952 0.41359150846624043 0.8583097432132909 0.2002146245400079 0.2002146245400079 0.3442493739254972 0.3773072243909817 0.43571368358160206 0.5101702174874806 0.617956678155909 0.7125046291224875 0.8583097432132909
18 1008 0.39254137306287057 0.7866756181064978 0.18444737034269004 0.18444737034269004 0.3149693131969286 0.3431701328433088 0.40352264622350886 0.4738922692790803 0.6098941820883359 0.6668041363967953 0.7866756181064978
19 1064 0.3921042251641762 0.7672301029139842 0.1709256001885704 0.1709256001885704 0.30637842779836216 0.3192919466277867 0.37265370969803757 0.4609027539769594 0.5908056894978467 0.6321830074486292 0.7672301029139842
20 1120 0.4043382422774736 0.7710573574827038 0.15835959871110478 0.15835959871110478 0.2834633145229186 0.2920990718310962 0.368570029522997 0.44180354288450857 0.5491132741932292 0.610031000748316 0.7710573574827038
21 1176 0.4115263179474523 0.8142154156761452 0.1433189978568802 0.1433189978568802 0.26687115132533457 0.30391573448910164 0.3484214008477705 0.4285535324429319 0.5228721566466231 0.5650031949764839 0.8142154156761452
22 1232 0.391530806255031 0.8789628266750434 0.13194489259338357 0.13194489259338357 0.2496393753779205 0.28724803450785985 0.32181831263189703 0.41459394899443786 0.4991650807871653 0.5447852878213802 0.8789628266750434
23 1288 0.3847228796328563 0.856080037365776 0.1227538769445129 0.1227538769445129 0.22138386271810537 0.2614749662405223 0.3048486588632031 0.41808968856018136 0.46170591937423955 0.5268082351879259 0.856080037365776
24 1344 0.35936545767425837 0.8469517483191614 0.11295915051318643 0.11295915051318643 0.2046063100278699 0.25205912457242474 0.29247459046828594 0.4100931742804608 0.45548496597857746 0.49149807359264386 0.8469517483191614
25 1400 0.3535309532228548 0.8102995399792278 0.10970368624096388 0.10970368624096388 0.19875729819802332 0.2276922202447953 0.28528897873598463 0.38455696628650893 0.44087304107358355 0.4798987261708188 0.8102995399792278
26 1456 0.3444443569367255 0.8424040669454854 0.09998890626802366 0.09998890626802366 0.18127197389397326 0.2122100019272816 0.26387122641629135 0.3622240957302513 0.43246890276888583 0.46989021873487896 0.8424040669454854
27 1512 0.3888533848081986 0.8118466096693107 0.09158709039587774 0.09158709039587774 0.16922650311645684 0.1932731042151312 0.24734774075829466 0.36601106523558974 0.4197619194897011 0.4546128247319524 0.8118466096693107
28 1568 0.3853786916497192 0.9262362906481493 0.08321239027189917 0.08321239027189917 0.15939352213986957 0.17431170317860611 0.22543698894225503 0.3669754092945242 0.4050127038262384 0.4438864543723794 0.9262362906481493
29 1624 0.35709691458543735 0.9572743107881806 0.07439777646134145 0.07439777646134145 0.15032908510790224 0.16873129859249397 0.22105643415189444 0.32867554018277056 0.3875317731655888 0.44576395508047395 0.9572743107881806
30 1680 0.3401505301736962 1.0405344071735763 0.06770653659527459 0.06770653659527459 0.14161075929629763 0.15569990682157575 0.21428980544908907 0.32810957000837315 0.37335728132347973 0.42643313462313215 1.0405344071735763
31 1736 0.34058077995653085 1.085893300349358 0.061263679844552825 0.061263679844552825 0.12391585018345548 0.14617679315064963 0.19768975725107166 0.34042247899841627 0.3824483657961903 0.43436241343374415 1.085893300349358
32 1792 0.3216381371655933 1.1038557604611856 0.05556251921602473 0.05556251921602473 0.11240907490985062 0.13639593316774443 0.20515871525275756 0.3077196740851979 0.36221603196230295 0.4260014238081404 1.1038557604611856
33 1848 0.3093387710302339 1.0449950310683804 0.049594084525512505 0.049594084525512505 0.0983530718576392 0.1257214209763157 0.1897392067770018 0.29512876807303423 0.34758427941897685 0.39946451227774266 1.0449950310683804
34 1904 0.3114407678499755 1.020551797200321 0.04595007972068685 0.04595007972068685 0.091448165918233 0.13082610688949858 0.18492361987416753 0.27903581002080197 0.36231961403340146 0.39713053971952267 1.020551797200321
35 1960 0.33445899077622193 0.9636866753922662 0.04207595702271661 0.04207595702271661 0.0882863445278914 0.12068268164782628 0.17925781139728694 0.2681486727155824 0.3552622174512802 0.39629370186157553 0.9636866753922662
36 2016 0.31580655247035433 0.8753758755005542 0.04007336545945149 0.04007336545945149 0.0825054346744045 0.12634992098335274 0.18369431457392854 0.24978234632361182 0.3367292081715014 0.3928590893306476 0.8753758755005542
37 2072 0.32933968862155494 0.7728964519025424 0.03695926069925284 0.03695926069925284 0.08026636116799256 0.12312664158709662 0.17298467204546678 0.2428051698651786 0.3142135966213001 0.3623666110907501 0.7728964519025424
38 2128 0.2639939200035372 0.6979109744909946 0.03415409583387045 0.03415409583387045 0.07688427537176273 0.12115498199391539 0.1617431866953489 0.22684910817799625 0.3162003758430889 0.35435198202719004 0.6979109744909946
39 2184 0.27819147754527934 0.6387876919697906 0.0309471812470033 0.0309471812470033 0.07221680967121406 0.11192097792730263 0.1540440795994931 0.21097424422584685 0.29148428889269534 0.33257268354334835 0.6387876919697906
40 2240 0.2587323692363802 0.5355887061293668 0.029047395996018764 0.029047395996018764 0.07095759918367717 0.10917530912031019 0.1612014533747128 0.19869467593773246 0.2770524527093699 0.3181430260568555 0.5355887061293668
41 2296 0.286397818691048 0.4761566685286098 0.026841801625714062 0.026841801625714062 0.06505219836115503 0.10532576279279333 0.15294817583144624 0.18072408542502716 0.26508468397087626 0.3041107949914757 0.4761566685286098
42 2352 0.2822477969245558 0.46315574786107805 0.025576876058736996 0.025576876058736996 0.060916484805712365 0.10398223779434505 0.14415877866316146 0.16945461962143463 0.24906400666433853 0.29641099179091757 0.46315574786107805
43 2408 0.266981869539079 0.4064009593875309 0.023605853628951665 0.023605853628951665 0.058025354252256224 0.09783245457425956 0.13582466600056545 0.1658678340342219 0.2395214433972028 0.28261328219467424 0.4064009593875309
44 2464 0.2521113739462217 0.3799518280817599 0.02226909029595597 0.02226909029595597 0.05510373055715091 0.09011164528709757 0.13894267327610163 0.15674577020291353 0.2263267791145579 0.2691327954832247 0.3799518280817599
45 2520 0.2638040588148152 0.3376092450084395 0.020831917137605918 0.020831917137605918 0.05133503178484443 0.08032178079543377 0.13664318738995762 0.14229244408885636 0.22926976816858985 0.2819467576684567 0.3376092450084395
46 2576 0.25115776080649266 0.2975599860985296 0.020082819101857705 0.020082819101857705 0.047661809487015046 0.07794203563983504 0.13039668110511216 0.14568410885144906 0.22160246598410605 0.2643553585959686 0.2975599860985296
47 2632 0.22496898217309078 0.2862443768535582 0.018950993854817237 0.018950993854817237 0.04669890936841465 0.06894894406496853 0.1255472481856041 0.13894014409685765 0.22037507324365957 0.25864777702866837 0.2862443768535582
48 2688 0.26188132875295456 0.2673550207270037 0.01820863417285699 0.01820863417285699 0.04303852198214839 0.06126487789559466 0.11957684827177821 0.12600911208660773 0.2085877371387462 0.2490918889222943 0.2673550207270037
49 2744 0.2589236729113581 0.2505475307760223 0.01734770207720717 0.01734770207720717 0.04256083525332997 0.055430626052936215 0.11673099935311818 0.1373431247954847 0.2047253992245232 0.24782988041715942 0.2505475307760223
50 2800 0.25589405814260346 0.2507242824129785 0.015802724519995065 0.015802724519995065 0.04041435738897529 0.048963282467357136 0.11261196484901438 0.13509775115638367 0.19554951140026552 0.23144168701173998 0.2507242824129785
51 2856 0.23583098158169244 0.23776370511079348 0.014859247478977336 0.014859247478977336 0.03832389806870878 0.04555944267757488 0.10804245765589428 0.12803205811579055 0.18343489949628286 0.21200949463888002 0.23776370511079348
52 2912 0.23423450750455213 0.23043184829844932 0.014099526210573615 0.014099526210573615 0.03646299703774989 0.043361742007511576 0.09997122426243246 0.12387200549190755 0.17434438804664762 0.1904853033309187 0.23043184829844932
53 2968 0.2397100441117265 0.23317939893275347 0.012930399368792254 0.012930399368792254 0.033944163517573914 0.039090774792316645 0.09469037666030311 0.12148090941172936 0.1717235185074041 0.18566831701060124 0.23317939893275347
54 3024 0.24237108912282487 0.22695498659885635 0.013742941402950926 0.013742941402950926 0.03224253679161059 0.03519927602615869 0.09098071195397617 0.12014186916395699 0.1570672347793567 0.17911134190693453 0.22695498659885635
55 3080 0.23373585885622203 0.22689437437410445 0.012994762242753798 0.012994762242753798 0.028661876420483002 0.03353781640801837 0.08266010284341278 0.11458799119983198 0.1516336932752039 0.17584819055114806 0.22689437437410445
56 3136 0.22199116138784938 0.23375426950982925 0.011827986150253262 0.011827986150253262 0.02602480034161995 0.033019574772707776 0.07551167638967332 0.11141802215461458 0.14348329248056077 0.16288558491786773 0.23375426950982925
57 3192 0.23812634174222427 0.21604265479633303 0.011275457020564912 0.011275457020564912 0.024696312452985005 0.03087265072027219 0.07288306571342508 0.10621982196217106 0.13674188731512718 0.14901307115103368 0.21604265479633303
58 3248 0.2425158081648959 0.2132338082906014 0.01030555756763245 0.01030555756763245 0.022247626690701204 0.029129926094718265 0.06978267678589249 0.10006187429175285 0.13582750838500754 0.14014202383335894 0.2132338082906014
59 3304 0.212422142625363 0.21806043556004748 0.009868947720041847 0.009868947720041847 0.02005525086804452 0.026794274839861965 0.06519759874349049 0.09336598728736774 0.1317782955300574 0.13385715199397577 0.21806043556004748
60 3360 0.19879540091899264 0.20034550090903766 0.00940537726792532 0.00940537726792532 0.018083957746769422 0.02435414414236039 0.06270360168663189 0.0870130719542344 0.1272419303236925 0.13147612375472564 0.20034550090903766
61 3416 0.17406209992021904 0.19571416068776606 0.008652817258613778 0.008652817258613778 0.01611433779201668 0.023568492961103544 0.05786543857883767 0.08219798740984417 0.11653506412223595 0.12613027156845502 0.19571416068776606
62 3472 0.1667791259466822 0.1872508437521396 0.007942015638048614 0.007942015638048614 0.014145186271768943 0.023735926945721603 0.05181146268672147 0.07722421618946963 0.1083370006107389 0.1169222400473597 0.1872508437521396
63 3528 0.16866910698884222 0.1805156995253641 0.00747244588001719 0.00747244588001719 0.012456753690299607 0.021657801191141104 0.04855543939612902 0.07272613764168102 0.10855184173041364 0.1169452861437194 0.1805156995253641
64 3584 0.15309550572245134 0.1763603688364206 0.007202094319796605 0.007202094319796605 0.010988618800376406 0.020383262998383 0.044397701352939224 0.06903451475323161 0.10415540332747214 0.11569259164596073 0.1763603688364206
65 3640 0.15344350936159623 0.16735157731028086 0.006809483959971377 0.006809483959971377 0.00963389394397549 0.018455591475002024 0.0428177198641155 0.062316671405785055 0.10275472220952374 0.11043436827925333 0.16735157731028086
66 3696 0.13839095376537125 0.17019568943898758 0.006782041263103607 0.006782041263103607 0.00811756438000705 0.01741570355503355 0.043132191613527576 0.05808065023814352 0.09670702372807113 0.1110371115555616 0.17019568943898758
67 3752 0.13778170075226073 0.17522761465270398 0.006425312598052074 0.006425312598052074 0.0069442176083672515 0.01642700730482299 0.040955285624127785 0.051983761082031475 0.09594888558798592 0.10528113859860531 0.17522761465270398
68 3808 0.12013304173492828 0.17658834530466144 0.005740574077088213 0.005740574077088213 0.006579234798767378 0.01623280364082993 0.03812171970250663 0.05042637571413789 0.09332616229538604 0.11178729310235923 0.17658834530466144
69 3864 0.11510771438328964 0.17091407947658416 0.004877882928082954 0.004877882928082954 0.006349353635487422 0.015896706910598562 0.03777397455875698 0.04568327408637353 0.09074320032710588 0.1069563297442486 0.17091407947658416
70 3920 0.11091370127517618 0.16920759627580323 0.0042722494295676814 0.0042722494295676814 0.006438577892566621 0.01484414659146538 0.034614161672422206 0.04107744882045973 0.09050662623220146 0.10731635247024929 0.16920759627580323
71 3976 0.10007764541993157 0.17175872370194284 0.0037003662248097863 0.0037003662248097863 0.0058722357817959075 0.013522670782978164 0.03256746839387568 0.04172145362847207 0.08604811615565408 0.10431618187401308 0.17175872370194284
72 4032 0.091169421474717 0.1671400021179399 0.0033226811374554646 0.0033226811374554646 0.005298018121832613 0.013236008005174719 0.02994694465643572 0.04160845745410209 0.07933724587710965 0.09928029312460883 0.1671400021179399
78 4368 0.07457809320386008 0.13125911533487952 0.001542379237039378 0.001542379237039378 0.0031363904796352228 0.011132883076794095 0.016032765132927607 0.03674422104356694 0.06214003240640625 0.07318034617074562 0.13125911533487952
79 4424 0.07064542627277182 0.12013310521734445 0.001364589412832473 0.001364589412832473 0.002859311740809956 0.010657766738953599 0.015276429150419208 0.035059264976858774 0.05792514947927859 0.07074083970785042 0.12013310521734445
80 4480 0.06359666282475517 0.11138805213995735 0.0011844217881764928 0.0011844217881764928 0.0026151034108712625 0.010679403280920706 0.013419113107522685 0.03472631371038443 0.05391392176391858 0.06948133914552339 0.11138805213995735
81 4536 0.0615037531280507 0.10274101046607885 0.0010569935107273996 0.0010569935107273996 0.002439000961103587 0.010117424369824591 0.012894399846039276 0.03245030341247933 0.04730533134868897 0.06501129793973599 0.10274101046607885
82 4592 0.05942433489526033 0.09718057916056279 0.0009120710346325922 0.0009120710346325922 0.0024404330621462934 0.009645519588325819 0.011802660910699737 0.03303325493515072 0.042875248945267036 0.06160551566516029 0.09718057916056279
83 4648 0.05594048167452567 0.09232490143071508 0.0008532557259735194 0.0008532557259735194 0.0022511861587577752 0.009219497417269155 0.010490399392459314 0.031138033684081804 0.040473551385314 0.05593427123728339 0.09232490143071508
84 4704 0.05506815653404205 0.08871292333899855 0.0007418514264332165 0.0007418514264332165 0.002199814086347398 0.008238951094870073 0.010322003897756752 0.028818632505455702 0.03736071572925798 0.05474637332075201 0.08871292333899855
85 4760 0.05100066669393958 0.08143596238889732 0.0006600727530680265 0.0006600727530680265 0.0020611069703700123 0.00800021706721365 0.009508106583852661 0.028675911993546542 0.0346393399026743 0.0550769183969906 0.08143596238889732
86 4816 0.04935787619143289 0.0757151147894308 0.0005895325787353535 0.0005895325787353535 0.0018947824992233307 0.007778466959888801 0.009249733143365703 0.028565238561983067 0.031529689328068496 0.051926713003099555 0.0757151147894308
87 4872 0.04266869154868005 0.07543554815960353 0.0005287745340959544 0.0005287745340959544 0.001699315998695415 0.007312971558245443 0.009319935812617702 0.028710433717771322 0.029819418310222872 0.04730215108642659 0.07543554815960353
88 4928 0.04063602891444233 0.07119096082030366 0.00047312680302330734 0.00047312680302330734 0.0015530195280008098 0.006805890632676523 0.009015122405852177 0.026996072067676347 0.028264635732183435 0.04448408840835388 0.07119096082030366
89 4984 0.040977345524438456 0.06689847071996229 0.0004391530296169003 0.0004391530296169003 0.00135868630450615 0.006259766604005254 0.009199312940336705 0.024863473967968112 0.026903123543842514 0.04318262903563848 0.06689847071996229
90 5040 0.033382771696477596 0.059252596267818716 0.00039330567885377386 0.00039330567885377386 0.0012438647267469342 0.005709241208202115 0.009235987135805956 0.02352235179259901 0.025336166882192753 0.042387532075849464 0.059252596267818716
91 5096 0.02954678737752362 0.055578042552235855 0.00034974448014230306 0.00034974448014230306 0.0011788027562918755 0.005138107245127662 0.009321099779050998 0.022030034311308778 0.02442101040418357 0.040893708131381004 0.055578042552235855
92 5152 0.02922022925324859 0.053449676787783035 0.0003169830759510626 0.0003169830759510626 0.0011065815978663453 0.004628935536431316 0.008474413911112071 0.019972988591826002 0.023905330468097296 0.03861287395150396 0.053449676787783035
93 5208 0.02716640038360685 0.050412237328762086 0.0002907165759911964 0.0002907165759911964 0.00102756077766973 0.004478844152971344 0.008219689452469687 0.018058818870362044 0.022837152556940122 0.03572936505182636 0.050412237328762086
94 5264 0.024316697241252582 0.045441793344636244 0.0002676110311450119 0.0002676110311450119 0.0009812731206051398 0.004126626083138859 0.007952081471873153 0.017071206760374286 0.023442169106827216 0.03397510638916976 0.045441793344636244
95 5320 0.025882126988009922 0.043192838485421665 0.00025032174140358237 0.00025032174140358237 0.000933612752645508 0.0036856254390782504 0.007584220372010082 0.015441851376031976 0.02247865382280126 0.03195581105977123 0.043192838485421665
96 5376 0.023688458837267005 0.04361008057001138 0.00022361867268096098 0.00022361867268096098 0.0008843001657855084 0.0033482098128188613 0.008040218323038638 0.01373553948955525 0.02118532746804238 0.031083213367872262 0.04361008057001138
97 5432 0.021171915834091504 0.038928364129975454 0.0002077140661895887 0.0002077140661895887 0.000795639617990202 0.0031344886500862695 0.00745092706154122 0.013038278282360377 0.019367597334065095 0.02815186809131433 0.038928364129975454
98 5488 0.01861991535314775 0.037601387267253365 0.0001896096243532461 0.0001896096243532461 0.0007472146809367733 0.002864506051154219 0.0076590045340035225 0.012639152822458402 0.01779362754066874 0.027310629547858886 0.037601387267253365
99 5544 0.015675755357081118 0.03710777300736202 0.00017490386607278322 0.00017490386607278322 0.0006676519194576646 0.002530622036037478 0.007600501890426266 0.011556667705513012 0.01716276074930895 0.02486459527768161 0.03710777300736202
100 5600 0.014646333732001814 0.037197882648880125 0.0001551483393607535 0.0001551483393607535 0.0005874136637437501 0.0023077684273741456 0.007321320957839934 0.0106876126737063 0.0162478889646348 0.0242282403950061 0.037197882648880125
101 5656 0.015972194112462684 0.035586211917924125 0.0001413321874997522 0.0001413321874997522 0.0005223193856287688 0.0022273111107046933 0.007156175902687056 0.010001112649949613 0.015217694333884932 0.02213944915120473 0.035586211917924125
102 5712 0.015846548431081905 0.034227284926633995 0.0001327935338302483 0.0001327935338302483 0.0004945195315588832 0.002120974153025392 0.006848247524323507 0.009191538056558602 0.015638376598359448 0.02050399962178835 0.034227284926633995
103 5768 0.016248630212878958 0.03323352210094062 0.00012120601477315251 0.00012120601477315251 0.0004402576827557627 0.0020063533380566905 0.006674185077012792 0.008288091230319004 0.014809369249110743 0.020182456446394163 0.03323352210094062
104 5824 0.01571419626476557 0.030471556281261438 0.00011288088330597175 0.00011288088330597175 0.0004428525666685602 0.00184602623097446 0.006200689777773425 0.007683584135951723 0.013402938324709412 0.020140466505493528 0.030471556281261438
105 5880 0.015115855680786341 0.028579868256476976 0.00010537736706562409 0.00010537736706562409 0.00041269423379209345 0.0017328540128068901 0.005951378365343074 0.007176420696575511 0.012229830307268163 0.01930145201000722 0.028579868256476976
106 5936 0.014302310130405919 0.026625755422859304 9.851102940445441e-05 9.851102940445441e-05 0.00038006523759879975 0.0015970256175786325 0.005853601789640326 0.006374475312594781 0.011552244317469542 0.01789518951323051 0.026625755422859304
107 5992 0.013415706299771403 0.025344412079831305 8.918346414905283e-05 8.918346414905283e-05 0.0003336356422084123 0.0014324544740749036 0.005325267603839599 0.006063320888819322 0.010807299285269937 0.017143877227285775 0.025344412079831305
108 6048 0.012799180296600102 0.025132996531145386 8.30989600654806e-05 8.30989600654806e-05 0.00030468945382556737 0.0013423150436865528 0.004893687430029543 0.006029951338058555 0.009907087098560047 0.016069866316999897 0.025132996531145386
109 6104 0.013204756018988252 0.02312081853516012 7.983528658012249e-05 7.983528658012249e-05 0.00028353349275273763 0.0012065252394655485 0.004615273107562929 0.005618586876098092 0.008887523826994887 0.01463987176304177 0.02312081853516012
110 6160 0.012510022044657431 0.024258806977418796 7.075584407838143e-05 7.075584407838143e-05 0.00025966549714640956 0.001106563485235701 0.004357878634270036 0.005627887875974522 0.008375493876519487 0.013961645398990141 0.024258806977418796
111 6216 0.010619941836396056 0.02427637757272294 6.538780854401703e-05 6.538780854401703e-05 0.00023802202346033836 0.0010052714312348279 0.004058346102108482 0.005062340231047339 0.007782943122451328 0.013309168876482607 0.02427637757272294
112 6272 0.009815729456426612 0.023581861767767685 5.8784645798295426e-05 5.8784645798295426e-05 0.00021784621330661516 0.000917469140585592 0.0036890238350599128 0.0044832130156329105 0.007019193543448762 0.012362029293302058 0.023581861767767685
113 6328 0.011097365486111857 0.022578615226849428 5.396315665112613e-05 5.396315665112613e-05 0.00020983776912730142 0.0008211669582081992 0.0034570323798305655 0.004079500059481719 0.006500719030038865 0.011461615879317382 0.022578615226849428
114 6384 0.010343059931238843 0.024412342236768914 5.0720162170032674e-05 5.0720162170032674e-05 0.00019279613688475545 0.0007426713682924886 0.003202341396215796 0.003937607718312688 0.005996835648006854 0.011956763179092045 0.024412342236768914
115 6440 0.009980193580579567 0.024342329982150815 4.508899732595181e-05 4.508899732595181e-05 0.00018151023620476225 0.0006577815167789781 0.002933234988862426 0.003790844921520794 0.005605150171139623 0.011449516654412415 0.024342329982150815
116 6496 0.00940254435594293 0.023837680416067084 4.0308442213320196e-05 4.0308442213320196e-05 0.00016501537391529374 0.0005952899718832004 0.0026227983324521916 0.003674940200128833 0.005623258580976787 0.010840695429434666 0.023837680416067084
117 6552 0.010166893119041334 0.022268106887571918 3.58431710788217e-05 3.58431710788217e-05 0.0001507590335465591 0.0005659966221178934 0.002434872566966259 0.0034528228386602614 0.0051862604054616936 0.011137800701455036 0.022268106887571918
118 6608 0.009226421555122917 0.023061593421576706 3.2672441530318114e-05 3.2672441530318114e-05 0.00013166403661306388 0.0005427135716136906 0.0023691976852382546 0.003231259293461503 0.0048509185511495636 0.010244150388265698 0.023061593421576706
119 6664 0.008694280528958617 0.022457390391417663 3.080049582891331e-05 3.080049582891331e-05 0.00011969990518689145 0.0004907899141124427 0.0021528087686426864 0.0029581657047428388 0.004381974933615291 0.009872450325444886 0.022457390391417663
120 6720 0.007855089577504219 0.022205413536100026 3.0167541783241725e-05 3.0167541783241725e-05 0.00010665896760703736 0.0004447603278323463 0.001956830724767633 0.0027212985343835405 0.004198729046932193 0.009252774019425408 0.022205413536100026
121 6776 0.007951967848751991 0.021636635385773543 2.84815401878363e-05 2.84815401878363e-05 9.718685161990409e-05 0.0003946317648217899 0.001761735898671778 0.0024523471673993063 0.004029037123143177 0.009288307418118185 0.021636635385773543
122 6832 0.007577064814134517 0.022529372935952197 2.6113432171937206e-05 2.6113432171937206e-05 8.925655415801445e-05 0.0003651910879137401 0.0015785144941386558 0.0022912119668515563 0.003592796646218989 0.00910344362040004 0.022529372935952197
123 6888 0.006718404779252334 0.021770248204824053 2.447006901536526e-05 2.447006901536526e-05 8.32241862743587e-05 0.00032535597764632733 0.001464968398649245 0.002111202025678343 0.003278673001306026 0.008703024797987716 0.021770248204824053
124 6944 0.0058725688986741445 0.020886998864822766 2.1718274726039828e-05 2.1718274726039828e-05 7.639819406349774e-05 0.00028978469369539764 0.0013700202010572466 0.0019344150492418299 0.003058432902807007 0.007857177075762542 0.020886998864822766
125 7000 0.006035141792800888 0.02008128823909775 1.9802951359628986e-05 1.9802951359628986e-05 6.852142806029828e-05 0.00027544875708109527 0.0012541064069541764 0.0017873030767976607 0.002841253180927208 0.007388461703868093 0.02008128823909775
126 7056 0.00577619052856897 0.0181726760809616 1.949330569760816e-05 1.949330569760816e-05 6.24938809899415e-05 0.00027180948894305073 0.0012168023974923451 0.0016745805039136174 0.0027143735180701002 0.006729086921793258 0.0181726760809616
127 7112 0.005273470741395662 0.01719505904831471 1.766002798959632e-05 1.766002798959632e-05 5.686331604172857e-05 0.00025464319812847303 0.0011106615197231334 0.0015472034857013414 0.0024123942735535036 0.0069431282583541885 0.01719505904831471
128 7168 0.004772873140257139 0.015918242324323453 1.7321768287013804e-05 1.7321768287013804e-05 5.3641388744324644e-05 0.0002319318995880489 0.0010387246842737076 0.001434371379383732 0.0023114357174894 0.00654880491083432 0.015918242324323453
129 7224 0.004575443573309182 0.01605871807967967 1.563321069881251e-05 1.563321069881251e-05 5.054073695751025e-05 0.0002199226539145837 0.0009716297391287181 0.0013381891471250537 0.002147654194324724 0.006115219616923025 0.01605871807967967
130 7280 0.004182153723873428 0.015208597972444454 1.4485691229918508e-05 1.4485691229918508e-05 4.540042770854796e-05 0.00019692968969909388 0.000921655445646178 0.0012601007692675528 0.001917274852400391 0.006277909851116908 0.015208597972444454
131 7336 0.003878528315355755 0.014365303899663357 1.3414380473412578e-05 1.3414380473412578e-05 4.06436907759424e-05 0.0001856756041766664 0.0008341308640091992 0.0011908848469220341 0.0018023053312041571 0.006105935097800053 0.014365303899663357
132 7392 0.003766185940251674 0.01401719497286684 1.2533023626140778e-05 1.2533023626140778e-05 3.773000927921976e-05 0.00017076148310018959 0.0007374749126391385 0.0010757257770463934 0.0016013849814918168 0.005734330767921366 0.01401719497286684
133 7448 0.0036544090148236535 0.01338365180135257 1.2554628132176215e-05 1.2554628132176215e-05 3.785874118102155e-05 0.00015571067871319316 0.0007071687476968334 0.0010039188712543969 0.0015005989928463077 0.0058241517434409786 0.01338365180135257
134 7504 0.003695966165047325 0.01458022011520543 1.1275147213991683e-05 1.1275147213991683e-05 3.433939027994299e-05 0.00014323572944999964 0.0006511948116156112 0.0009536563002568194 0.0013915787569521167 0.005564954424842683 0.01458022011520543
135 7560 0.0031224298646411876 0.015818577847418868 1.0076073909353916e-05 1.0076073909353916e-05 3.172618140638335e-05 0.000138724750084491 0.0006003009913073274 0.0008400269647339004 0.0013178911854239118 0.005395995514219129 0.015818577847418868
136 7616 0.0029752985914559315 0.0155704144618318 9.101554092406592e-06 9.101554092406592e-06 2.8682339803118028e-05 0.00012725036432346308 0.000570112585537534 0.00078263493820049 0.0012167412504219745 0.005381490364442304 0.0155704144618318
137 7672 0.002646907567050745 0.0151616326197316 8.274346404276438e-06 8.274346404276438e-06 2.6388017098996334e-05 0.00012019335779702528 0.0005118378124372972 0.000711434462899292 0.0010821289930432892 0.005192639806450632 0.0151616326197316
138 7728 0.002447440760855689 0.014392546703027167 7.557141927977059e-06 7.557141927977059e-06 2.4137898185727365e-05 0.00010680773784373764 0.00046773023127434106 0.0006519376546213698 0.0010157146763935462 0.0050675742012719245 0.014392546703027167
139 7784 0.0025672126743395054 0.01367257918034403 6.906511266987988e-06 6.906511266987988e-06 2.2812637481655098e-05 9.771412128821468e-05 0.000422110300049053 0.0006007306708134885 0.0009223828213006645 0.005046866045772841 0.01367257918034403
140 7840 0.0024050487840914427 0.013199803821378366 6.288774482690862e-06 6.288774482690862e-06 2.1384726519389507e-05 9.13593732106059e-05 0.0003834439796140597 0.0005581151021261383 0.0008437303186244203 0.00517268981063096 0.013199803821378366
141 7896 0.00256533773658085 0.012796248392056314 5.7793192334103405e-06 5.7793192334103405e-06 1.970638573359576e-05 8.328857857796073e-05 0.0003517748716433695 0.0005085331801611382 0.0008184374970373483 0.005043616534827415 0.012796248392056314
142 7952 0.002628819166786426 0.013086534349118766 5.500858640591223e-06 5.500858640591223e-06 1.8211756686895487e-05 7.644595955671107e-05 0.00032797940447433553 0.00046744039376415676 0.0007539288521567253 0.005187714504889911 0.013086534349118766
143 8008 0.002535630437822248 0.013826999183002838 4.99347502047355e-06 4.99347502047355e-06 1.6925643816071864e-05 7.11388698680493e-05 0.000292692955001468 0.00043695204311239755 0.0007171233537324151 0.005081163753278274 0.013826999183002838
144 8064 0.002270672543636976 0.013982127525049596 4.435667730184768e-06 4.435667730184768e-06 1.5534726551676174e-05 6.497549601842617e-05 0.000273575139189901 0.000387581689950986 0.0006679702330778339 0.005058168088825724 0.013982127525049596
145 8120 0.002514374039418724 0.013827030461744487 4.09634166798636e-06 4.09634166798636e-06 1.4513935280901656e-05 5.820733737640437e-05 0.00025629862444785607 0.0003539227600182515 0.0006052153873571745 0.005215835036690944 0.013827030461744487
146 8176 0.002256680234411338 0.014193839632402104 3.6260129560531666e-06 3.6260129560531666e-06 1.3836572848921142e-05 5.321923955547803e-05 0.0002451371817047563 0.00034174234264602854 0.0005670991598739934 0.005549097401293939 0.014193839632402104
147 8232 0.0018077548153914028 0.012843747175007149 3.3775418844433834e-06 3.3775418844433834e-06 1.323426985359763e-05 4.8264399563546e-05 0.0002218642336374599 0.0003257104281640771 0.0005064491294771342 0.005637476891978747 0.012843747175007149
148 8288 0.0018475652676804024 0.012485982689223324 3.2233399874751656e-06 3.2233399874751656e-06 1.2226070666371671e-05 4.3663321153480754e-05 0.00020860537346970785 0.00029885444477772245 0.0004597700499470457 0.005190528828066421 0.012485982689223324
149 8344 0.0017568395879223849 0.012223842656860428 3.0204424772323316e-06 3.0204424772323316e-06 1.0893647726522682e-05 4.130290862011264e-05 0.0001927813072090244 0.00027876943836931286 0.0004240854867305892 0.00494537712226846 0.012223842656860428
150 8400 0.0016505063842817312 0.01181239388416798 2.747750477452534e-06 2.747750477452534e-06 9.832161168185688e-06 3.787404596397088e-05 0.00017396740488525444 0.0002644624364283494 0.0003921077835906376 0.004722448971458353 0.01181239388416798
151 8456 0.0016736979282402959 0.011824112578259102 2.5468572333085532e-06 2.5468572333085532e-06 8.894416730474298e-06 3.4182379721345505e-05 0.00015936400539174762 0.0002476668346711342 0.00037562910539722035 0.00446464867114117 0.011824112578259102
152 8512 0.0015377324078977663 0.011566426072077144 2.405217074110988e-06 2.405217074110988e-06 8.05059905312196e-06 3.422751679628049e-05 0.00014999143125444232 0.00021709867522551324 0.00033794607861307714 0.004381630895417932 0.011566426072077144
153 8568 0.0014356380699854683 0.011768061672902558 2.2362539840641556e-06 2.2362539840641556e-06 7.258497083084756e-06 3.167361250260817e-05 0.0001416137480162066 0.00019736192564307668 0.0003070266674617054 0.004243706749231424 0.011768061672902558
154 8624 0.0012231947493848835 0.0112481838551021 2.008557377318914e-06 2.008557377318914e-06 6.727397276658986e-06 2.9388463226526185e-05 0.00013516174313679235 0.00018000764883621413 0.00027691008495597547 0.004206880382750971 0.0112481838551021
155 8680 0.0011935866861506321 0.010674797095285909 1.733598439032325e-06 1.733598439032325e-06 6.412830712734306e-06 2.5924708035513138e-05 0.00012592854305740054 0.00016734306151123388 0.000257028681503551 0.0039659652331760515 0.010674797095285909
156 8736 0.0012158469136963961 0.011050959144348359 1.6181849078125706e-06 1.6181849078125706e-06 5.93991923967739e-06 2.3134301411107244e-05 0.00012133657302053862 0.00015264182972199013 0.00025046005188467406 0.0041053625691320665 0.011050959144348359
157 8792 0.00110580393811095 0.011097108249883327 1.5169727404236535e-06 1.5169727404236535e-06 5.681549592820368e-06 2.2423218731192455e-05 0.0001170816267689725 0.00014723519211338963 0.0002201493783220837 0.0043159290402698175 0.011097108249883327
158 8848 0.0010415573528011987 0.011109139583267461 1.367584068303648e-06 1.367584068303648e-06 5.212457556885422e-06 2.0454183203011976e-05 0.00010966639202348506 0.00014396863692409334 0.00019663711408505566 0.004399927801254654 0.011109139583267461
159 8904 0.0008884408076739747 0.010862861608425317 1.2949832144790005e-06 1.2949832144790005e-06 4.734464419704208e-06 1.8622509879451888e-05 9.794341517243023e-05 0.00013383363645495247 0.00018255084854136368 0.00452748370181611 0.010862861608425317
160 8960 0.000817258667669909 0.01027666768489141 1.2359532394339598e-06 1.2359532394339598e-06 4.5014121813702185e-06 1.764421687881204e-05 8.844755794658206e-05 0.00012393950505402827 0.0001684173494262048 0.0043076592645668495 0.01027666768489141
161 9016 0.0008644425415327725 0.010284166732910412 1.123263310522176e-06 1.123263310522176e-06 4.050188397122008e-06 1.5872377015157903e-05 7.991650474488808e-05 0.00011494256394438109 0.0001574868844624057 0.0040594642384490665 0.010284166732910412
162 9072 0.000889383592406922 0.011264828929157809 1.0702761882462532e-06 1.0702761882462532e-06 3.7847385062089652e-06 1.4032061249378528e-05 7.085052774447337e-05 0.0001027200096386337 0.00013943021650909086 0.003882838255781115 0.011264828929157809
163 9128 0.0007767609313893817 0.011132229326532633 1.0148059164566938e-06 1.0148059164566938e-06 3.3412032923513954e-06 1.3948925688848561e-05 6.368305926010192e-05 9.206750949474526e-05 0.00012444630524862846 0.004304396322540538 0.011132229326532633
164 9184 0.0006974615099409149 0.01185264614143855 9.169561479477748e-07 9.169561479477748e-07 3.044793227735893e-06 1.2754736780473578e-05 5.7305303009672076e-05 8.126689884336872e-05 0.00011658804280489537 0.0042659738306111755 0.01185264614143855
165 9240 0.0006463584784525485 0.011344293346037797 8.422212074505751e-07 8.422212074505751e-07 2.920428897279675e-06 1.200585255740744e-05 5.148086008407852e-05 7.509365667945686e-05 0.00010284093220225633 0.004338040385617203 0.011344293346037797
166 9296 0.0005528579404269975 0.010845020804107158 7.567932324696488e-07 7.567932324696488e-07 2.680925353325379e-06 1.1033581542728159e-05 4.746759600895156e-05 7.30069019615344e-05 9.614477993751477e-05 0.004348880010811393 0.010845020804107158
167 9352 0.0005600190286584702 0.010694976353191327 6.960728420322758e-07 6.960728420322758e-07 2.510624185855253e-06 9.887360450014471e-06 4.412035233415899e-05 6.855496062995616e-05 8.641351212007196e-05 0.004233779005241652 0.010694976353191327
168 9408 0.000566186033674461 0.010366113432137211 6.853396470990016e-07 6.853396470990016e-07 2.2875702557019812e-06 8.759340808494185e-06 4.044729759552748e-05 6.347512732003682e-05 7.719605264487916e-05 0.004330570210591078 0.010366113432137211
169 9464 0.000562939106859859 0.010649793744366233 6.36639084655383e-07 6.36639084655383e-07 2.071259411707042e-06 8.107053046810024e-06 3.5938947885196204e-05 5.8597631746970785e-05 7.157617038728258e-05 0.0040975809270775 0.010649793744366233
170 9520 0.0005509847784593809 0.010881107566440633 5.912421600445509e-07 5.912421600445509e-07 1.8239866434872754e-06 7.996241298101554e-06 3.369427153746427e-05 5.164990971734749e-05 6.593909837460441e-05 0.003941144264283664 0.010881107566440633
171 9576 0.00046060110999087957 0.011619165369598552 5.273744562157115e-07 5.273744562157115e-07 1.6441934344767044e-06 7.358093554092707e-06 3.0609364293890916e-05 4.723273417375997e-05 6.219879462362081e-05 0.003899472263997758 0.011619165369598552
172 9632 0.0004577955476966433 0.01129792057520104 4.7493465760472343e-07 4.7493465760472343e-07 1.4600689788383586e-06 6.723114669522757e-06 2.7898552955644024e-05 4.251660189406607e-05 5.810249019105072e-05 0.0037852940288445568 0.01129792057520104
173 9688 0.00043013626407960754 0.01145158052426204 4.4410976552009424e-07 4.4410976552009424e-07 1.3720818542474228e-06 6.019611493379542e-06 2.5610431915325927e-05 3.917408767064261e-05 5.332372879805222e-05 0.003603206520401444 0.01145158052426204
174 9744 0.00038557169960839934 0.010766976263857609 4.1647841420474777e-07 4.1647841420474777e-07 1.2374794039422572e-06 5.437691265007115e-06 2.3602470290749783e-05 3.726641592144717e-05 4.906405364229188e-05 0.0037237496824208136 0.010766976263857609
175 9800 0.00038166936673128787 0.010633284149315794 3.867109713437816e-07 3.867109713437816e-07 1.1143717036868046e-06 4.780938974451227e-06 2.1775849816147246e-05 3.421350798142574e-05 4.515893963515907e-05 0.0036675088603303554 0.010633284149315794
176 9856 0.00037454106158124975 0.01008536024337507 3.533194129772381e-07 3.533194129772381e-07 1.0241374745109102e-06 4.4932408038683506e-06 2.0058409285575053e-05 3.121966602382425e-05 4.1508501928400864e-05 0.0037499465449142002 0.01008536024337507
177 9912 0.00034124490091899223 0.009598682844569802 3.245777343641517e-07 3.245777343641517e-07 9.532935451741647e-07 4.039571923356155e-06 1.8505916010020043e-05 2.8716880564178422e-05 3.752206147764224e-05 0.003761624408988033 0.009598682844569802
178 9968 0.0003420019684425671 0.009107000871824046 2.949574839743525e-07 2.949574839743525e-07 8.894733833488459e-07 3.641670502806983e-06 1.6729807262103828e-05 2.6093685603509443e-05 3.6827611928543446e-05 0.003613668167843603 0.009107000871824046
179 10024 0.0003452372891445227 0.009125766813459226 2.664940400395998e-07 2.664940400395998e-07 8.494488468772531e-07 3.332311936687683e-06 1.5330395125343266e-05 2.480232305606303e-05 3.484019644231964e-05 0.003625947511039197 0.009125766813459226
180 10080 0.0003062701500483819 0.008850916286233697 2.3673563591948032e-07 2.3673563591948032e-07 7.76346325700129e-07 3.137621971153124e-06 1.4226697696250317e-05 2.3174055136177764e-05 3.193980450293774e-05 0.0034743842298549654 0.008850916286233697
181 10136 0.0002696909186267308 0.009001904464532036 2.185920430312401e-07 2.185920430312401e-07 7.222175712601104e-07 2.816933132535663e-06 1.3327136507041198e-05 2.074438082886765e-05 2.9325042929765013e-05 0.00318220788931285 0.009001904464532036
182 10192 0.00024198994368266862 0.008556272011836686 1.9579918277280572e-07 1.9579918277280572e-07 6.759830806946594e-07 2.5018446958555693e-06 1.1826671464492096e-05 1.8843311296456127e-05 2.808079139951304e-05 0.0033050390305948995 0.008556272011836686
183 10248 0.0002416879964371039 0.008380150132613496 1.7873638494049836e-07 1.7873638494049836e-07 6.219180028791378e-07 2.2884377684272737e-06 1.1207240070870885e-05 1.6836394372752692e-05 2.519849816245611e-05 0.0033350673256134487 0.008380150132613496
184 10304 0.00023032105439904695 0.00819454220264226 1.6542876476774726e-07 1.6542876476774726e-07 5.795499927621186e-07 2.0737275902060027e-06 1.0294247407808414e-05 1.5165558570316597e-05 2.3356963272072596e-05 0.0032752738089804868 0.00819454220264226
185 10360 0.00020859107157389573 0.008458677843410515 1.5213530468772775e-07 1.5213530468772775e-07 5.223517570145391e-07 1.8690499342529172e-06 9.40167628981096e-06 1.3606168698820478e-05 2.1928313401447305e-05 0.0032824445174413227 0.008458677843410515
186 10416 0.0001843536586765633 0.008650046477590318 1.3336745284961714e-07 1.3336745284961714e-07 4.748860489208446e-07 1.7328960844936967e-06 8.772478017235295e-06 1.235357282801051e-05 2.0581960014283734e-05 0.0032279136402467937 0.008650046477590318
187 10472 0.00017216960391326928 0.008284470087148853 1.2496108222543711e-07 1.2496108222543711e-07 4.489725778941126e-07 1.608163637628543e-06 8.122366542822652e-06 1.1310118076113426e-05 1.8607905351685883e-05 0.0030317578832642187 0.008284470087148853
188 10528 0.00017609284363055892 0.008502309452172965 1.1721009173070384e-07 1.1721009173070384e-07 4.037924896020149e-07 1.482939064707899e-06 7.232190999454526e-06 1.0334245529544051e-05 1.7252417423210015e-05 0.002986321019681176 0.008502309452172965
189 10584 0.0001589195393157947 0.008765069946757081 1.0474671761135215e-07 1.0474671761135215e-07 3.7572659605563596e-07 1.382821505556315e-06 6.7945682433283255e-06 9.489883451090622e-06 1.5699953388184937e-05 0.003042767720745806 0.008765069946757081
190 10640 0.00014083578148979534 0.008964967721640172 9.922727951098133e-08 9.922727951098133e-08 3.449102535133679e-07 1.328442341161673e-06 6.134568989850138e-06 8.865419296854496e-06 1.4299186735517331e-05 0.0028432005950722317 0.008964967721640172
191 10696 0.00013559523570758663 0.00906743806274671 8.612843372624319e-08 8.612843372624319e-08 3.1222395549700005e-07 1.1980570566546553e-06 5.664519135859348e-06 8.34370198374123e-06 1.3019400472480918e-05 0.002879610955845232 0.00906743806274671
192 10752 0.00012937975554127895 0.008630272756931168 7.971861896249408e-08 7.971861896249408e-08 2.886835031601049e-07 1.0838982706614563e-06 5.336028731533159e-06 7.812238641212786e-06 1.1925604826139295e-05 0.002724084924641673 0.008630272756931168
193 10808 0.00011468141516775365 0.008111017364027258 7.171437927573641e-08 7.171437927573641e-08 2.6853473678318854e-07 9.612345344235518e-07 4.786352426977151e-06 7.329224752678328e-06 1.173314950138332e-05 0.0025699874595457844 0.008111017364027258
194 10864 0.00011258482326441209 0.007863585038894668 6.454419557823356e-08 6.454419557823356e-08 2.501435111436422e-07 8.681973793243052e-07 4.40465911310574e-06 6.562448905556222e-06 1.0642898016122358e-05 0.002678469745913833 0.007863585038894668
195 10920 0.00011623927305532661 0.0075040747136185994 5.682687525650204e-08 5.682687525650204e-08 2.329909678154181e-07 8.240557612500091e-07 4.024604096004166e-06 6.5226810782077946e-06 9.708805516404105e-06 0.00262466438353502 0.0075040747136185994
196 10976 0.00010608483324149372 0.007555060120723298 5.2965378782383435e-08 5.2965378782383435e-08 2.09158343290262e-07 7.550916461876167e-07 3.942625977493207e-06 5.918700983465247e-06 8.78987263542987e-06 0.002761891260353532 0.007555060120723298
197 11032 8.867716752473069e-05 0.00817647771529722 4.957102394563648e-08 4.957102394563648e-08 1.8791809422346876e-07 6.881823090657471e-07 3.7148329076958838e-06 5.384655817791874e-06 7.981396193035824e-06 0.0027289057581525934 0.00817647771529722
198 11088 7.962807775115994e-05 0.007952529770983891 4.50543384279456e-08 4.50543384279456e-08 1.707585340565448e-07 6.2810439952681e-07 3.223181649495027e-06 4.966336931615422e-06 7.063815059219171e-06 0.002611262375503004 0.007952529770983891
199 11144 7.659502381714584e-05 0.008083103598332243 4.1982768176599744e-08 4.1982768176599744e-08 1.5180965734148415e-07 5.550948204751505e-07 2.9761969245767187e-06 4.416746393530319e-06 6.153132667453979e-06 0.0026218543151860763 0.008083103598332243
200 11200 6.723735331979095e-05 0.007980277713163265 3.806575402016188e-08 3.806575402016188e-08 1.3331439272377554e-07 5.16965828116064e-07 2.7633907851503945e-06 3.990259636464659e-06 5.547140414413328e-06 0.00263060231280098 0.007980277713163265
201 11256 6.168554816778814e-05 0.007750621487908802 3.5362405260869124e-08 3.5362405260869124e-08 1.2241786658566147e-07 4.777046155855124e-07 2.3738251795652e-06 3.6203009788986607e-06 5.339981403701818e-06 0.002635741196598193 0.007750621487908802
202 11312 5.811866562693604e-05 0.007158658750605662 3.293509410648318e-08 3.293509410648318e-08 1.1013601976503344e-07 4.408776739946774e-07 2.1047446380115238e-06 3.4050181149946795e-06 5.047222152013123e-06 0.0026552445973822975 0.007158658750605662
203 11368 5.0385726387557085e-05 0.006815608708085352 3.005864268436771e-08 3.005864268436771e-08 9.951938442335667e-08 3.975758278298868e-07 1.9599062626054004e-06 3.0436478946167982e-06 4.68273727321159e-06 0.0025345703026107545 0.006815608708085352
204 11424 5.129942933678538e-05 0.006488391189370931 2.8599708812309362e-08 2.8599708812309362e-08 8.655022287668827e-08 3.6003280664659344e-07 1.841234015111593e-06 2.810081448733356e-06 4.267716063527903e-06 0.00231628734950293 0.006488391189370931
205 11480 4.7439877971901646e-05 0.00668588068451263 2.5649608143405486e-08 2.5649608143405486e-08 8.257016855326495e-08 3.49149275434359e-07 1.679147499799804e-06 2.6217724559567535e-06 3.877487967080531e-06 0.0022557398850306712 0.00668588068451263
206 11536 4.4036701341614595e-05 0.006296754053526891 2.2848710476533753e-08 2.2848710476533753e-08 7.638762522573515e-08 3.1913366097799034e-07 1.6017664692678433e-06 2.419581409183985e-06 3.4282936414208466e-06 0.0022715012854341785 0.006296754053526891
207 11592 3.8459401147844474e-05 0.006421540898995948 2.1003530828297154e-08 2.1003530828297154e-08 6.873612154026787e-08 2.953885991021469e-07 1.460804038541622e-06 2.207344791725553e-06 3.1226741116490983e-06 0.0022861550525639417 0.006421540898995948
208 11648 3.739009375981182e-05 0.005953165760815369 1.982724034776692e-08 1.982724034776692e-08 6.107821997099075e-08 2.7261723585020476e-07 1.322330389119542e-06 1.97829610330027e-06 2.867876479619565e-06 0.002299748239810398 0.005953165760815369
209 11704 3.4503311974424435e-05 0.005759458013740381 1.846331385686538e-08 1.846331385686538e-08 5.897170590505756e-08 2.3839293849610026e-07 1.1945611104606213e-06 1.8546903975581263e-06 2.9099601912929893e-06 0.0023618381451753706 0.005759458013740381
210 11760 3.173759975244953e-05 0.006126437267907767 1.671661130334591e-08 1.671661130334591e-08 5.7302687044785494e-08 2.3105398350643037e-07 1.0738059570731535e-06 1.6804646210515874e-06 2.5300786630066877e-06 0.002412675256015517 0.006126437267907767
211 11816 3.207924881456813e-05 0.00595918136475162 1.5739052948752535e-08 1.5739052948752535e-08 5.288189985599145e-08 2.140648654785046e-07 9.86135617950336e-07 1.5776676693820947e-06 2.282111248315722e-06 0.002356708995859573 0.00595918136475162
212 11872 2.9024772583516705e-05 0.005888814492630201 1.509967526146226e-08 1.509967526146226e-08 4.867336503078445e-08 1.9533494919102726e-07 9.017389715879121e-07 1.4746327110695533e-06 2.1477686311636127e-06 0.002470886026770073 0.005888814492630201
213 11928 2.695371941815708e-05 0.005584497223209117 1.3940389852175121e-08 1.3940389852175121e-08 4.5074530019881604e-08 1.8402347403674652e-07 8.709739121977638e-07 1.3412695245573646e-06 1.9392032621523433e-06 0.0025489175838220714 0.005584497223209117
214 11984 2.495923051497773e-05 0.0054361055742225455 1.2861355219988301e-08 1.2861355219988301e-08 4.089639178068124e-08 1.7089784739262434e-07 8.091947624542331e-07 1.2598034306295633e-06 1.7400668967457588e-06 0.002544849474662218 0.0054361055742225455
215 12040 2.4298484305559893e-05 0.005075578776602293 1.2544705552281664e-08 1.2544705552281664e-08 3.687726889351859e-08 1.5832589049696025e-07 7.667230358960995e-07 1.1740260648432889e-06 1.6989851873075093e-06 0.0025656133127559904 0.005075578776602293
216 12096 2.1327145884623867e-05 0.005013764390226986 1.142813814694094e-08 1.142813814694094e-08 3.609538427247956e-08 1.526228275341335e-07 7.625524451051098e-07 1.1215727163100654e-06 1.5440359887517376e-06 0.0024707510177177884 0.005013764390226986
217 12152 2.039798295983312e-05 0.005063841606583033 1.0709474848835626e-08 1.0709474848835626e-08 3.306646946583161e-08 1.3918016415452345e-07 7.110666653086804e-07 1.0079641461437013e-06 1.4754060890351263e-06 0.002435462003803742 0.005063841606583033
218 12208 1.9542359893738848e-05 0.005132081301674492 9.943842816757974e-09 9.943842816757974e-09 3.181988125199876e-08 1.4043842451603222e-07 6.812752359914475e-07 9.078337839590889e-07 1.494745169285921e-06 0.002474713728006008 0.005132081301674492
219 12264 1.7869389091363466e-05 0.005917144489913346 9.34116334108763e-09 9.34116334108763e-09 2.923152962119204e-08 1.2838858902995274e-07 6.529647795700593e-07 8.463937050396698e-07 1.4193278839031236e-06 0.0023337998558378985 0.005917144489913346
220 12320 1.6120791247655668e-05 0.0058124540577046396 8.74948808219786e-09 8.74948808219786e-09 2.6882324097633206e-08 1.206438964187324e-07 6.362859260305075e-07 8.121743617900376e-07 1.3150317215755355e-06 0.0023289881225523703 0.0058124540577046396
221 12376 1.513363787962546e-05 0.005423680256894214 8.98155735224352e-09 8.98155735224352e-09 2.5668814774176775e-08 1.111590851839894e-07 5.78966197480739e-07 7.656849613843429e-07 1.3057001836386086e-06 0.0021960515831626905 0.005423680256894214
222 12432 1.3806715416027548e-05 0.005302446953220363 8.49423265389755e-09 8.49423265389755e-09 2.4978218686939737e-08 1.0377170948065385e-07 5.489770194149734e-07 6.98499753498664e-07 1.2631081397771235e-06 0.002137771450309928 0.005302446953220363
223 12488 1.3390841847936548e-05 0.005255566681117667 7.68791221592909e-09 7.68791221592909e-09 2.3656479686521237e-08 9.760877861642682e-08 4.967731577550215e-07 6.880840641794688e-07 1.2199999751664278e-06 0.002177141024641617 0.005255566681117667
224 12544 1.2113680180218454e-05 0.005584095320690666 7.36353149957814e-09 7.36353149957814e-09 2.297505661478353e-08 9.190969387911934e-08 4.911295564543931e-07 6.467093334326387e-07 1.1781223636979013e-06 0.002009899183483204 0.005584095320690666
225 12600 1.2115685920104535e-05 0.005205227950996099 7.052735721519012e-09 7.052735721519012e-09 2.1063487703987123e-08 8.765240542224844e-08 4.752867824169409e-07 6.624503533853112e-07 1.11538692610774e-06 0.002080664469933601 0.005205227950996099
226 12656 1.2037589557171411e-05 0.005522231385324209 6.682132796971507e-09 6.682132796971507e-09 1.982014894611345e-08 9.309550515360234e-08 4.680114848427547e-07 6.125254370859081e-07 1.104731781107788e-06 0.0020786342284242654 0.005522231385324209
227 12712 1.197237090859588e-05 0.0057793963181367505 6.337477095216844e-09 6.337477095216844e-09 1.849889068314156e-08 9.51063600389118e-08 4.5106751173160967e-07 5.893330961720395e-07 1.0453945101209112e-06 0.002123498839018825 0.0057793963181367505
228 12768 1.1682426432001097e-05 0.005564465772306462 6.087737587592713e-09 6.087737587592713e-09 1.725135650470635e-08 1.0150894052310912e-07 4.559431440581222e-07 5.913708498731392e-07 1.0640752412435912e-06 0.0019992790557919766 0.005564465772306462
229 12824 1.2300071013886428e-05 0.00544309520877354 5.717034980379565e-09 5.717034980379565e-09 1.6582031629569036e-08 9.438449244085523e-08 4.429994989371489e-07 5.387626267539923e-07 1.0189869786509458e-06 0.0020674953129245256 0.00544309520877354
230 12880 1.2102342158779327e-05 0.005114389312868292 5.618959563717299e-09 5.618959563717299e-09 1.6519192150009583e-08 9.053212360145789e-08 4.34314816116652e-07 5.350385537274956e-07 9.971635896727162e-07 0.0021268570444213813 0.005114389312868292
231 12936 1.3292495853487807e-05 0.0052779014103978995 5.3487225319049134e-09 5.3487225319049134e-09 1.6293605316583014e-08 8.437814495413179e-08 4.20600859855063e-07 5.182037251686798e-07 9.962004116608271e-07 0.0021267532425746096 0.0052779014103978995
232 12992 1.3440114817538593e-05 0.005194334191333626 5.486341830391336e-09 5.486341830391336e-09 1.6186860950285244e-08 8.267083704948208e-08 4.1456942898273083e-07 4.921737049097317e-07 9.214260634725943e-07 0.0022190948661595855 0.005194334191333626
233 13048 1.3226811334895775e-05 0.005078345866616543 5.52955843820872e-09 5.52955843820872e-09 1.6103339338327042e-08 7.870468705021614e-08 3.9807718682935694e-07 4.7074451613117276e-07 8.952631064263363e-07 0.002287773946753691 0.005078345866616543
234 13104 1.4056639815875237e-05 0.0050043267410887545 5.387267612315314e-09 5.387267612315314e-09 1.574162784618585e-08 7.295583343769277e-08 4.0072985439297306e-07 4.5113811912556714e-07 8.527685143209304e-07 0.0021494230053168252 0.0050043267410887545
235 13160 1.3231373373412631e-05 0.005151396230149468 5.398265101073237e-09 5.398265101073237e-09 1.5393328556520657e-08 7.287557085453318e-08 3.8362047282744834e-07 4.4700725505584284e-07 8.030724060686906e-07 0.002278809267763065 0.005151396230149468
236 13216 1.2781445967193282e-05 0.005058857536348639 5.201525614143236e-09 5.201525614143236e-09 1.601160858179186e-08 7.084192129454778e-08 3.815676320464592e-07 4.4064293597114505e-07 7.822378867264032e-07 0.002291406025937946 0.005058857536348639
237 13272 1.352365377049442e-05 0.004745174219058777 5.503664700564695e-09 5.503664700564695e-09 1.4886727142814551e-08 6.678185757469357e-08 3.6838739927608517e-07 4.570766104118863e-07 7.298960237984923e-07 0.0022529012077670244 0.004745174219058777
238 13328 1.3816374055128371e-05 0.004778220738449599 5.377376528401218e-09 5.377376528401218e-09 1.4380218431640493e-08 6.569411702706788e-08 3.73827317073026e-07 4.7167318204699126e-07 6.995064365695777e-07 0.002191467434479851 0.004778220738449599
239 13384 1.2886766849455824e-05 0.004888270626269405 5.1466189566188e-09 5.1466189566188e-09 1.3713897830240985e-08 6.755333945457608e-08 3.5506557838476616e-07 4.4252618349512533e-07 6.748012040010447e-07 0.0021008234787270974 0.004888270626269405
240 13440 1.2902732230118628e-05 0.004940079234851764 5.081195653025811e-09 5.081195653025811e-09 1.2797968918341706e-08 6.647139729995227e-08 3.3278598887189173e-07 4.735275871694151e-07 6.463820388964726e-07 0.001995100451544186 0.004940079234851764
