% # columns="iteration, evaluation, sigma, void, void,  stds==sigma*sigma_vec.scaling*sqrt(diag(C))", seed=976475, Tue Mar 25 04:29:24 2025, <python>{}</python>
1 56 0.4610606369764394 0 0 0.4237174983438445 0.4217881282508103 0.420346788583751 0.4285751928193505 0.41424391153577744 0.4330191558666092 0.42819052634113675 0.4288281509158932
2 112 0.4546124234811898 0 0 0.3775461003540005 0.37804758985473463 0.39294100884703737 0.3776097941991743 0.3989555311459121 0.42169163544547944 0.42083039680962625 0.3910230417608497
3 168 0.42352230344487174 0 0 0.33094139045524734 0.3198142932759974 0.3544892159622302 0.3541403112064962 0.34353359246190085 0.36633349233282275 0.3798276807158517 0.3577236815678373
4 224 0.4357670412057383 0 0 0.3338826241344859 0.30729485619340374 0.3514644316875676 0.3468956245149644 0.3637722493108526 0.352590371456935 0.3717967013420438 0.3439958814770082
5 280 0.4330172057267372 0 0 0.3101821804544775 0.27418132229231457 0.32415732731451696 0.32362822808149894 0.34182635195441646 0.3458767616935822 0.3480219871024875 0.32950288782011483
6 336 0.47858212442277703 0 0 0.3260517312750606 0.2614307304740237 0.34248696192281025 0.36806496074397826 0.36542785412739576 0.37082808514628474 0.3864681899187773 0.37116030488447993
7 392 0.4355068249669781 0 0 0.281374954203405 0.21967643524104766 0.29587123421826805 0.3027517237400335 0.31369977953269124 0.3238473067180086 0.3354771485958802 0.3279050316905916
8 448 0.4319233564875716 0 0 0.2542430947891562 0.1956951206848358 0.3023268005868247 0.28675448507177825 0.3063393903495324 0.28999280451973697 0.33023377342236304 0.31383995696317923
9 504 0.4353402179004077 0 0 0.2551688850765747 0.18292242764114244 0.29907043555378365 0.26852548849547186 0.32923269921920056 0.273151555641874 0.31932213354168953 0.2983359372079762
10 560 0.40094252970832467 0 0 0.23063774506997084 0.15068568516047284 0.2726637338247341 0.23848902009496925 0.2911389022367763 0.2381673715200937 0.29395597874927515 0.2728813442693252
11 616 0.40029120650118444 0 0 0.21932974356292462 0.13826929144742314 0.2700317667875953 0.21668969064339655 0.2708298596940697 0.22604425831380215 0.3039707981157857 0.2696518095065949
12 672 0.4481277173782059 0 0 0.27449761490600905 0.1437064000756432 0.3100815389792303 0.23518223544091146 0.29204270780490066 0.23683619836990646 0.32739247091247947 0.2786259221966745
13 728 0.46079089021808484 0 0 0.2849106225251311 0.133877126629119 0.2986517847023735 0.2243567711453799 0.3017363323163626 0.2223235540962392 0.341032188380914 0.2690757471956346
14 784 0.42605003052961665 0 0 0.24604425176671837 0.11452039386969685 0.2866008262163563 0.19976849231287522 0.2577453611685426 0.19212622657248155 0.2928748877360685 0.2784061635821222
15 840 0.4778921761884682 0 0 0.28546491619502723 0.1144176148213615 0.3047865614837835 0.24762800681451502 0.2983402769218825 0.19485010236515266 0.3264065221340661 0.3309658963511545
16 896 0.46897825939915694 0 0 0.25600212694774904 0.10024639820412479 0.2762921405665367 0.23035611966918818 0.2813569670540158 0.18288538266519386 0.31654972371454043 0.3241377334136318
17 952 0.41359150846624043 0 0 0.21369580515227632 0.0802337822084469 0.2293787194555743 0.1969622037844792 0.23323337087417204 0.14897164703540305 0.24343464177753163 0.27456568088031524
18 1008 0.39254137306287057 0 0 0.19193130308224673 0.07078558245172965 0.216521123964001 0.17567332203214353 0.20650794984042464 0.13617385030152895 0.22972926229862295 0.24763205465086208
19 1064 0.3921042251641762 0 0 0.2036514553296764 0.06453584536382369 0.20370800087084717 0.16932639715094225 0.18959002299966873 0.12735566488599634 0.22403873181114858 0.23882440055838566
20 1120 0.4043382422774736 0 0 0.20534253016264306 0.06137834602530767 0.20525310931090684 0.17697780385932504 0.18307165478039253 0.1268589746148747 0.23954695943120366 0.24264047030562302
21 1176 0.4115263179474523 0 0 0.19596391712155897 0.058122311349950294 0.22427780600086666 0.18279629195372493 0.17961557947549686 0.12608306183531817 0.24372211973172073 0.25371221349188533
22 1232 0.391530806255031 0 0 0.1761507592591316 0.05085589935800857 0.205824779579236 0.17492864230582023 0.17371617593117117 0.11350706609681661 0.22289803075596434 0.22269123638828686
23 1288 0.3847228796328563 0 0 0.17774061759048485 0.046404580619988964 0.19454884052056695 0.16659041155822962 0.16253353648286098 0.10245639502875477 0.21680267660947056 0.21074346953269268
24 1344 0.35936545767425837 0 0 0.15360830205610146 0.042004175324479996 0.17262788720874592 0.15200724352888978 0.14875722677661257 0.08565782691709116 0.19875240625900187 0.18805031468681163
25 1400 0.3535309532228548 0 0 0.14570089901809488 0.03966786916163482 0.1671815504747758 0.14494855711744487 0.14735623535392547 0.0758881269999216 0.19805145186181192 0.19311352930229553
26 1456 0.3444443569367255 0 0 0.13747494773058122 0.03640669556826529 0.15501459748368704 0.13530971669986228 0.13688368138756052 0.06579800524453241 0.1848278561454356 0.18922775767766972
27 1512 0.3888533848081986 0 0 0.17869997111951544 0.03850177715203493 0.1960428739720007 0.1504610093586466 0.15550230648029842 0.06672382432760854 0.20641282843445571 0.2369028634824873
28 1568 0.3853786916497192 0 0 0.18995981731223854 0.035555399024271434 0.20230156156469328 0.14643807343000487 0.15432012556402278 0.05937752477881635 0.19856884990908624 0.23050250593799415
29 1624 0.35709691458543735 0 0 0.19680273271471274 0.031070600624338442 0.20600446380734805 0.13205152950085577 0.13885152710710982 0.050458482925105914 0.18938446463560987 0.2181329147988842
30 1680 0.3401505301736962 0 0 0.18594990159945524 0.027035968893703934 0.19539586313272322 0.12424418600240869 0.1382052743822532 0.04223172968234408 0.19547015155896436 0.2231173038345438
31 1736 0.34058077995653085 0 0 0.1816982714399234 0.025638202698625222 0.1931399229828024 0.12984515661432866 0.13606532426635043 0.03892121719384794 0.19058838346381968 0.2308027217685959
32 1792 0.3216381371655933 0 0 0.15538428499758997 0.022166359993779926 0.16571545208590568 0.11646198122246987 0.12726977829442485 0.03356181127418667 0.1758099017346224 0.2090645935579205
33 1848 0.3093387710302339 0 0 0.14359142739867486 0.020147485800427634 0.15920149312703744 0.11213627547805782 0.12100922315421868 0.03149421902214402 0.15809690205273916 0.2027476924439623
34 1904 0.3114407678499755 0 0 0.13232689145757223 0.02047809677055421 0.1457834858598134 0.10394814516756531 0.11664062012457398 0.03175052590359212 0.16698289578494238 0.19365179631709936
35 1960 0.33445899077622193 0 0 0.12887876543027177 0.02120940799696104 0.14462302528065832 0.11072480793175285 0.11666931726922437 0.03394420067928036 0.16892606794116005 0.18871278292900773
36 2016 0.31580655247035433 0 0 0.10947999458245194 0.01870691146297723 0.12643362064987657 0.09458682472605895 0.09570813551714577 0.030114730710831168 0.14574601944208365 0.15842573780907837
37 2072 0.32933968862155494 0 0 0.09961194005567789 0.019021944693317947 0.12199275495232347 0.10138984793716183 0.0951838986709273 0.030836696253990645 0.14256390089808574 0.14930508927519265
38 2128 0.2639939200035372 0 0 0.07505226358417845 0.014412058784566946 0.09075379580781388 0.07568043838535317 0.06960980845487579 0.023191603137253634 0.10474847218875069 0.10939311810817957
39 2184 0.27819147754527934 0 0 0.0696677675343806 0.01571330882246849 0.08439860218506513 0.07337163430818248 0.06929977036388558 0.023804442899392746 0.09680107605266758 0.10035193363793794
40 2240 0.2587323692363802 0 0 0.05994720036310039 0.013931802339886497 0.07090963900188897 0.06556680986928841 0.059386695871695386 0.020631633698617487 0.07867277473383891 0.08742082149579271
41 2296 0.286397818691048 0 0 0.06137640138154859 0.014725860532326496 0.07560042750521845 0.06725420034076046 0.05886610942781417 0.02108386208318968 0.08594092192007802 0.09836990824430097
42 2352 0.2822477969245558 0 0 0.05659890361672227 0.014072004316927567 0.06534977533128389 0.058910997805353596 0.054832944645528896 0.020201952831062204 0.08007938429821128 0.08863963838972891
43 2408 0.266981869539079 0 0 0.0526041526708421 0.012756903181611592 0.057776566507509675 0.05147142138034432 0.046341070371639 0.01778785709136281 0.07358330652269805 0.07916051814481449
44 2464 0.2521113739462217 0 0 0.048552544986291156 0.01128147964188283 0.05134042187631206 0.04768029233808351 0.04022217034595383 0.015961158272481676 0.06637440117904546 0.07102849864921919
45 2520 0.2638040588148152 0 0 0.049812322898459126 0.011040179384017575 0.04757618138792924 0.046897318661874285 0.04068056174649507 0.015423130048814859 0.0645368787691028 0.06773657734334747
46 2576 0.25115776080649266 0 0 0.04518334246045439 0.010131584450207114 0.04234454788060615 0.044567985673604524 0.036613625816664525 0.013700170140810871 0.06199860996371162 0.06187477211044106
47 2632 0.22496898217309078 0 0 0.03848927170325386 0.008489914159031572 0.03543277356620963 0.03871041463660329 0.02957809563978972 0.011235992543514352 0.0520404958132362 0.052638985069558886
48 2688 0.26188132875295456 0 0 0.04864571458997146 0.009719265323703239 0.03882798078548896 0.04380090718411403 0.03340780545194525 0.0138377868753465 0.05710515952193748 0.05933014043785591
49 2744 0.2589236729113581 0 0 0.04912995530848121 0.009149401623486209 0.03611844446344276 0.041435797702316146 0.03199231021407621 0.013034369885867736 0.05566967291151777 0.054022621116623905
50 2800 0.25589405814260346 0 0 0.04738057670295613 0.008265812506406003 0.03383853805528349 0.03797638382802695 0.029521222265083885 0.011837279324013083 0.05142088579418291 0.048749497653030625
51 2856 0.23583098158169244 0 0 0.04387662160359991 0.007261284708677085 0.029438103637354846 0.03300778478817752 0.025133116288504932 0.010055823704793307 0.04301208423579421 0.041757132036850844
52 2912 0.23423450750455213 0 0 0.04319236830204591 0.006730996131333525 0.028740176835996452 0.032205473795750734 0.025427878615698674 0.009951117778248775 0.04198098060137181 0.040844651696653425
53 2968 0.2397100441117265 0 0 0.04277606349759619 0.006486401618771205 0.027960013523662914 0.030470659789115243 0.02474689171522825 0.009601442878703369 0.04186734225945603 0.04034774875023136
54 3024 0.24237108912282487 0 0 0.0439963504918452 0.0060111332665065634 0.027834634321348053 0.030268059177343508 0.02393710205709135 0.008914011117081665 0.04101042966570784 0.03861741834053812
55 3080 0.23373585885622203 0 0 0.0431752624891381 0.00518161179573114 0.024968263781942418 0.02842824981239793 0.021591290630118973 0.00784881380653651 0.040137936576495364 0.03452489661365377
56 3136 0.22199116138784938 0 0 0.037815580742247557 0.00465649413191182 0.022427495558305793 0.024782818180025864 0.018860793681899277 0.007106425099143481 0.037028587439010004 0.0295072779149964
57 3192 0.23812634174222427 0 0 0.040775156531062264 0.0044399622086352475 0.024281110686287632 0.025659740032322558 0.018843935405355387 0.007481598486930109 0.03793023692450666 0.02973288252525596
58 3248 0.2425158081648959 0 0 0.04242619189393527 0.0042591451938138085 0.024140613577501944 0.026307529558159345 0.01791789450066649 0.007182107554759128 0.03656499847621542 0.030057651208905897
59 3304 0.212422142625363 0 0 0.03452130043428147 0.0034603651082081976 0.019831850543421934 0.021741916834093808 0.014618130593957104 0.0060635233320684 0.030290138976636422 0.02546843481841272
60 3360 0.19879540091899264 0 0 0.03196647304636664 0.0031560671513331823 0.017299425103413993 0.019250009269506485 0.012911532602085744 0.0051638483225876245 0.02665576744031574 0.022541702272761446
61 3416 0.17406209992021904 0 0 0.02689071134681921 0.002480886007670895 0.013848855531437757 0.016506958201182604 0.010415252576796106 0.004170335682515518 0.021610964797294224 0.018240965686811866
62 3472 0.1667791259466822 0 0 0.02528638598834771 0.002222358062229961 0.013323415770589262 0.01504087826278654 0.009489200345511036 0.003916632528186548 0.019353766340759554 0.017836259312940885
63 3528 0.16866910698884222 0 0 0.025667654617488527 0.002038641017667885 0.012582500876427549 0.014054465918398446 0.00940581653095204 0.00395783482082916 0.018676568937768766 0.01763187570910732
64 3584 0.15309550572245134 0 0 0.02196932888431782 0.0016980538018274707 0.011385753132748748 0.011824933742310586 0.007652149074187273 0.0032183733479266823 0.016356583053922756 0.015605424721577815
65 3640 0.15344350936159623 0 0 0.022223242749165394 0.0016662151838912134 0.010603588245415432 0.011358501074186421 0.006969119526695291 0.003264911536797023 0.01653891684239572 0.01595755384551048
66 3696 0.13839095376537125 0 0 0.020844366373229208 0.0014188650796921945 0.008807227503453542 0.010606392482072 0.005896669968305445 0.002895695700512296 0.01401200779422414 0.014190328186116775
67 3752 0.13778170075226073 0 0 0.021226504030476365 0.0013417219488655733 0.008365934307906686 0.010817533036010353 0.006013906110477963 0.0028585318153703447 0.014677342953046508 0.013331507428568267
68 3808 0.12013304173492828 0 0 0.017841339961162408 0.0010923344825760864 0.007115961200810175 0.009032221403817663 0.004831754913800454 0.0024717744175349744 0.012296510279560063 0.011331990979843366
69 3864 0.11510771438328964 0 0 0.01676092275803514 0.0010244174598709737 0.006923277804648287 0.008551476073068736 0.004371150641823147 0.00229463208264228 0.0115383596714511 0.01104023871185448
70 3920 0.11091370127517618 0 0 0.0165644394250161 0.000932828049401773 0.0065458404609743375 0.008232761599476425 0.004032785956335962 0.0022399854520248137 0.010548234831846387 0.010332047703134627
71 3976 0.10007764541993157 0 0 0.014706534621479262 0.0007813879455262922 0.0058390426179055835 0.007247594970080046 0.0036129054152378957 0.0018878666186017557 0.008820529221012837 0.008490394981137756
72 4032 0.091169421474717 0 0 0.012736304526088349 0.0006537640604006673 0.0052877567075609285 0.006241269239406726 0.003058947136917019 0.0015686715227781498 0.007477961478769829 0.007451645024182273
78 4368 0.07457809320386008 0 0 0.007909782846258278 0.00036469928336903084 0.0028982446464068706 0.004038405192388197 0.0017691185572388819 0.0009060282049156822 0.005068725475478727 0.004305493787757966
79 4424 0.07064542627277182 0 0 0.00690437586795474 0.0003219115562011455 0.0026907478185238406 0.0037391488599993897 0.0015726630936875401 0.0007972474958877776 0.004651357368367884 0.003782941813093797
80 4480 0.06359666282475517 0 0 0.005713381796717268 0.00027366628405511265 0.0023149803791625546 0.003041015190019212 0.0012922095664598984 0.0006526885524725135 0.003955635942035912 0.00302399578537142
81 4536 0.0615037531280507 0 0 0.005284783381928473 0.00024423712149269927 0.002195576643582402 0.002749778335663972 0.001140550364755676 0.0006336140333514359 0.0035834619370592145 0.0026744084837607746
82 4592 0.05942433489526033 0 0 0.004798905057527844 0.00022737460024562054 0.0019834262864891375 0.002481105585478812 0.001022349880962809 0.000551034119601833 0.003278762431489235 0.0024073768216540236
83 4648 0.05594048167452567 0 0 0.004335372763065633 0.00019749395178187142 0.0017352636610512397 0.0023693262329893055 0.0009105256957828356 0.0004948614470337147 0.002952048771556306 0.002070938410734044
84 4704 0.05506815653404205 0 0 0.0038781189488925607 0.0001903475238725756 0.0017568244710919026 0.0021590254846385747 0.0008430663471890479 0.0004388442011206576 0.002857517583035525 0.0020080139461984307
85 4760 0.05100066669393958 0 0 0.003309200233971849 0.000169170866408106 0.0015622444817576168 0.0018272593598705781 0.0007935675285282673 0.00038504812625857085 0.0025112770174713617 0.0017831793129306026
86 4816 0.04935787619143289 0 0 0.003157987032396967 0.0001526216591932236 0.001432129243883364 0.001773556573469696 0.0007495848709408967 0.000353853322863886 0.0023152826883907937 0.0016118142175803555
87 4872 0.04266869154868005 0 0 0.002554105722976845 0.0001229723561015039 0.0011810022363098324 0.0014527887916447825 0.0006041626716814788 0.00028445969165900485 0.0019274193786235293 0.001281976167068911
88 4928 0.04063602891444233 0 0 0.0022667272364916063 0.0001114813499206066 0.0010775718657357845 0.0012773337189669089 0.0005449078130836811 0.0002557814728398455 0.0017939202745055126 0.0011702436272201125
89 4984 0.040977345524438456 0 0 0.002008556377143348 0.000108365113398204 0.0010303480696551427 0.0011967170337505175 0.0005468653929807663 0.0002323037492942422 0.0017129739449447759 0.0011370365740883616
90 5040 0.033382771696477596 0 0 0.0015153538791157252 8.646277893843277e-05 0.0008003479575422098 0.0009412310420795544 0.0004305582299095887 0.00017286081014104162 0.0013262929466029945 0.0009136609166118452
91 5096 0.02954678737752362 0 0 0.0012730038722589337 7.410514531372035e-05 0.0006734754056616761 0.0007932430864387664 0.0003640456891503396 0.0001457997430743833 0.0011218777115997581 0.0007772967778466141
92 5152 0.02922022925324859 0 0 0.001177741329164622 6.854850670882377e-05 0.0006058322704110597 0.000733272303946501 0.00034447440871121325 0.00013530461685419174 0.0010457953106888507 0.00072956097975417
93 5208 0.02716640038360685 0 0 0.0009776216778046465 5.861508188212024e-05 0.0005634727765291673 0.0006343936608866416 0.0002976856228483646 0.00011674927424926057 0.0009246621318925915 0.0006481640382744597
94 5264 0.024316697241252582 0 0 0.0008210413645642071 5.0138316868320184e-05 0.0004859453266171492 0.0005378800971855666 0.00024645131747277633 9.760914822634718e-05 0.0007767751165356676 0.0005600113631425967
95 5320 0.025882126988009922 0 0 0.0008195347790540673 5.2209301724254754e-05 0.0005066610860802291 0.0005569178633148137 0.00024133428066948747 9.508139808645835e-05 0.0008642352727340617 0.0005867136035778872
96 5376 0.023688458837267005 0 0 0.000665202239430038 4.2712361795670544e-05 0.00043748978158970506 0.00046769768827484623 0.000204022151502826 7.737083572117464e-05 0.0007022025533091553 0.0004928038570762751
97 5432 0.021171915834091504 0 0 0.0005628247551740335 3.669210428457472e-05 0.0003706538975133021 0.00041676966203968414 0.00017902675308285334 6.548811245553191e-05 0.0006101712491725647 0.0004171589855316272
98 5488 0.01861991535314775 0 0 0.00046306496935496187 3.1422282698299406e-05 0.00031999383678358554 0.0003482971165550111 0.00015535643452795623 5.5555746904371115e-05 0.0005238025882132252 0.0003491102717965033
99 5544 0.015675755357081118 0 0 0.00037690861177709547 2.609216030906164e-05 0.00027148086098789166 0.00029246886512282103 0.0001297664594280558 4.438580338943487e-05 0.00043563743128361207 0.0002849500304334147
100 5600 0.014646333732001814 0 0 0.00033102775513690045 2.2863325425884775e-05 0.00023805258047911065 0.00025511785496305594 0.00011519840183449876 3.7020285000373786e-05 0.0003899564547990211 0.00024796234533019376
101 5656 0.015972194112462684 0 0 0.0003255536689213405 2.4220567881725702e-05 0.00028106506339330346 0.00027306724687234504 0.00012319282470489134 3.8199469843615916e-05 0.00039779900985808977 0.000261195454618093
102 5712 0.015846548431081905 0 0 0.0003074573239871349 2.2292445603280877e-05 0.000276350859855707 0.0002691749094479327 0.00011115781186178684 3.415145330950251e-05 0.00038021089073480966 0.0002495392729491058
103 5768 0.016248630212878958 0 0 0.000288184506016161 2.1522628959558756e-05 0.000261085378715914 0.00026991640704796904 0.0001033798527538179 3.1435132255270334e-05 0.0003644491622827738 0.00023943422306078988
104 5824 0.01571419626476557 0 0 0.0002627435719196887 1.9202592410928157e-05 0.0002397344206870139 0.0002502884137734171 9.68351188427928e-05 2.8607031781279515e-05 0.0003290813820379095 0.00021182207232681039
105 5880 0.015115855680786341 0 0 0.00023364986754849517 1.707894511599531e-05 0.00022258761019909606 0.00023168797554556545 8.91233881251622e-05 2.6534166723061738e-05 0.0002826854773704134 0.00019160254853578087
106 5936 0.014302310130405919 0 0 0.00020756674792980087 1.5177566885472438e-05 0.00019447220393170958 0.00020569424494919884 7.815794327225772e-05 2.3539833021356795e-05 0.0002635975340741486 0.0001719960585961191
107 5992 0.013415706299771403 0 0 0.00018815020200071175 1.3980854038126008e-05 0.00017334014582438993 0.00018398949471111709 7.247226157157002e-05 1.9850868748629676e-05 0.00024300182080729693 0.00015759914830883374
108 6048 0.012799180296600102 0 0 0.00016068259773548024 1.2422812269944864e-05 0.00015663409975921673 0.00015941742448171944 6.313368066151778e-05 1.726660422348862e-05 0.00021118394045876044 0.0001404746999459916
109 6104 0.013204756018988252 0 0 0.0001610049791381414 1.2532969819535695e-05 0.00017487393549912606 0.00016215586740209588 6.23771017308072e-05 1.6966826775365702e-05 0.00022553962733322768 0.00014103473796507005
110 6160 0.012510022044657431 0 0 0.00014604339018244467 1.1583037709458534e-05 0.0001617272018632181 0.00014921152997815696 5.636121911492823e-05 1.5179944969410626e-05 0.00021155229945073447 0.0001347068744936168
111 6216 0.010619941836396056 0 0 0.0001153858256277137 9.361314798804288e-06 0.00013299734579758833 0.0001173008560160613 4.320658533879068e-05 1.1762934486397935e-05 0.00017525989736751502 0.00010882683298324447
112 6272 0.009815729456426612 0 0 0.00010215385336055378 8.1933829874183e-06 0.00011497333257865616 0.00010117215484311233 3.73275644142391e-05 9.882141468534022e-06 0.00015440711251748653 9.685737683420383e-05
113 6328 0.011097365486111857 0 0 0.0001259227354696053 9.301839329387035e-06 0.0001366781263596472 0.0001359637303112475 4.804952535052711e-05 1.006113392824743e-05 0.00017722195201825378 0.00010837980158356054
114 6384 0.010343059931238843 0 0 0.00011336550185492518 8.668857352401161e-06 0.00012709061868530799 0.00012452728440810404 4.563542600044633e-05 8.95852157613125e-06 0.00016172687341900292 0.00010187591063066973
115 6440 0.009980193580579567 0 0 0.00010336040416576768 8.153426378125391e-06 0.00012284942401713606 0.0001145084682416952 4.290094465923536e-05 8.043076518728329e-06 0.00015211645421663166 9.758939744056293e-05
116 6496 0.00940254435594293 0 0 9.060117712364302e-05 7.096823253104138e-06 0.0001091553803886707 0.00010481765384935794 3.8330673073081e-05 6.991663643845677e-06 0.00013678653270837485 8.604051431590064e-05
117 6552 0.010166893119041334 0 0 0.00010026467864127793 7.811198551463392e-06 0.00011866655297648107 0.00011510775320081543 4.2039577715281316e-05 6.938469404574202e-06 0.00014969670789151003 9.09680537204182e-05
118 6608 0.009226421555122917 0 0 8.816844617238547e-05 6.763341034831502e-06 0.00010506744961408263 0.00010084688643399817 3.6178880114315586e-05 5.608129434728901e-06 0.00013171120840273895 7.942457522803453e-05
119 6664 0.008694280528958617 0 0 8.032576568896837e-05 6.259046728862247e-06 9.980795491923859e-05 9.243756702730716e-05 3.3111878266436535e-05 5.048531626808541e-06 0.00012026196245511049 7.320490345727771e-05
120 6720 0.007855089577504219 0 0 7.006508165627865e-05 5.3559232875492646e-06 9.060983076494718e-05 8.537963199859899e-05 2.9266375644968216e-05 4.312834608398576e-06 0.00010276527482221992 6.252887103452277e-05
121 6776 0.007951967848751991 0 0 7.253321783026574e-05 5.410008651861573e-06 9.816643481256415e-05 9.353937707174647e-05 3.0892599761519835e-05 4.116124582383215e-06 0.00010088794219526121 6.184298616698616e-05
122 6832 0.007577064814134517 0 0 6.566459238224487e-05 4.969465184276497e-06 9.07640007451871e-05 8.648982444933804e-05 2.852307772009535e-05 3.839542509380244e-06 9.214742267768949e-05 5.645120810558669e-05
123 6888 0.006718404779252334 0 0 5.446837034808894e-05 4.2433732585629975e-06 7.776776154362425e-05 7.022852963644736e-05 2.353323402765433e-05 3.221036307078027e-06 7.906719602031952e-05 4.8761797709452316e-05
124 6944 0.0058725688986741445 0 0 4.5754352057721594e-05 3.503156297794665e-06 6.581405758543805e-05 5.83997724384073e-05 1.9334488281334485e-05 2.6295856045838e-06 6.622851993972717e-05 4.025805265774317e-05
125 7000 0.006035141792800888 0 0 4.192895724942817e-05 3.2708751990348798e-06 6.200117232602791e-05 5.4814294069252694e-05 1.841288763489358e-05 2.496019298633507e-06 6.103787758363993e-05 3.763885031286753e-05
126 7056 0.00577619052856897 0 0 3.7407240184337815e-05 2.9058254860431526e-06 5.7142313516135046e-05 5.1412701396440645e-05 1.6808573398188142e-05 2.1995336518652116e-06 5.523173155936722e-05 3.371284593157165e-05
127 7112 0.005273470741395662 0 0 3.156006577979355e-05 2.454575605205439e-06 4.826720733447682e-05 4.2780933015508854e-05 1.4017071771266047e-05 1.822885120765285e-06 4.770358949143718e-05 2.8970283101100433e-05
128 7168 0.004772873140257139 0 0 2.9468967414799934e-05 2.2051871159068365e-06 4.3458704752832545e-05 3.886613281513337e-05 1.2736683473952594e-05 1.483685116184946e-06 4.248474927858603e-05 2.5557303134685098e-05
129 7224 0.004575443573309182 0 0 2.6059712689503976e-05 2.0084695940403064e-06 3.9620130517296525e-05 3.553684666618278e-05 1.1635863841398276e-05 1.3694777454989122e-06 3.9721958629111585e-05 2.3775500662483106e-05
130 7280 0.004182153723873428 0 0 2.2463478246283722e-05 1.7266892802069551e-06 3.434960818899762e-05 3.0634321884531485e-05 9.89365334730094e-06 1.1803658356547033e-06 3.464659650529325e-05 2.0742543874471168e-05
131 7336 0.003878528315355755 0 0 2.020796700408616e-05 1.5493784639358425e-06 3.107626909963808e-05 2.747036350588003e-05 8.83401211413494e-06 1.0083038839984525e-06 3.103132382169916e-05 1.8488747720405408e-05
132 7392 0.003766185940251674 0 0 1.8615983823083066e-05 1.424930521661669e-06 2.892549533051317e-05 2.773152333494288e-05 8.885587370183518e-06 9.292401224048433e-07 2.7656396075125592e-05 1.6629142789630508e-05
133 7448 0.0036544090148236535 0 0 1.941188929416406e-05 1.5087112907345145e-06 3.0312854310132897e-05 2.8571050287863393e-05 9.379936226327193e-06 9.174767990285074e-07 2.8296807964333667e-05 1.7108897543085176e-05
134 7504 0.003695966165047325 0 0 2.0834865327235177e-05 1.6534840523056327e-06 3.3468933737872306e-05 2.9790838341117312e-05 9.797281746595045e-06 9.314190975851015e-07 3.1026691587019976e-05 1.8720416987246826e-05
135 7560 0.0031224298646411876 0 0 1.730666030400321e-05 1.3797927330422965e-06 2.7695889762068756e-05 2.4876239453435853e-05 8.181357276966726e-06 7.602519605823157e-07 2.592177167332193e-05 1.5588206006279852e-05
136 7616 0.0029752985914559315 0 0 1.5981298612782167e-05 1.2813931939566558e-06 2.5634630178020537e-05 2.275612599907415e-05 7.498101424278276e-06 6.78355944049985e-07 2.434093054719681e-05 1.4482993199454576e-05
137 7672 0.002646907567050745 0 0 1.3378085380056174e-05 1.0782847457072608e-06 2.1754509327558335e-05 1.9381164006593496e-05 6.344063485442812e-06 5.766297609907204e-07 2.0603832357590285e-05 1.2202709574932972e-05
138 7728 0.002447440760855689 0 0 1.1851673124034268e-05 9.379209817326666e-07 1.9089351487399465e-05 1.759988788795452e-05 5.723125503116207e-06 4.792921141933414e-07 1.7881278797682813e-05 1.0606170757340762e-05
139 7784 0.0025672126743395054 0 0 1.2033622224522128e-05 9.516851981986805e-07 1.924886057617724e-05 1.8396817296657047e-05 6.042334725328599e-06 4.7442349689010294e-07 1.8032360611899922e-05 1.0763211628431645e-05
140 7840 0.0024050487840914427 0 0 1.1030908171108089e-05 8.684731554412576e-07 1.7394262976917054e-05 1.658481755935853e-05 5.427505335316934e-06 4.195674819631246e-07 1.6564789251294263e-05 9.814730050650627e-06
141 7896 0.00256533773658085 0 0 1.1855428501563892e-05 9.635159303328623e-07 1.895892008416716e-05 1.7097172957212157e-05 5.628512838001428e-06 4.7264438216150524e-07 1.8997020769986982e-05 1.113778852845211e-05
142 7952 0.002628819166786426 0 0 1.255244259972116e-05 1.059314301335848e-06 2.0411669866383135e-05 1.6415110079461423e-05 5.4276865882901865e-06 5.23500142755863e-07 2.1721368614992013e-05 1.2602424361405574e-05
143 8008 0.002535630437822248 0 0 1.220939289828217e-05 1.0398482167998055e-06 1.9695017363287806e-05 1.5095178932544288e-05 5.003877509783258e-06 4.904727309433856e-07 2.1821972741933552e-05 1.2585961141577675e-05
144 8064 0.002270672543636976 0 0 1.0886757501858056e-05 9.201118715325854e-07 1.7412045158082062e-05 1.3518588485957373e-05 4.441847309681013e-06 4.13047726852678e-07 1.94462461579333e-05 1.1205022179644601e-05
145 8120 0.002514374039418724 0 0 1.229644298273685e-05 1.042040605304919e-06 1.9820785228308407e-05 1.5274181233034883e-05 4.984539825720888e-06 4.5803064180714625e-07 2.2395811640601755e-05 1.2901182122423537e-05
146 8176 0.002256680234411338 0 0 1.0000897746743172e-05 8.4593564016959e-07 1.608863501487834e-05 1.3263989847111855e-05 4.29613090404795e-06 3.734336754830635e-07 1.840980938410646e-05 1.0536411626076715e-05
147 8232 0.0018077548153914028 0 0 7.822740787239265e-06 6.579392840062581e-07 1.2555322505012793e-05 1.0194866077911608e-05 3.3178989225807742e-06 2.8414081731940437e-07 1.4098855857961615e-05 8.098553836999529e-06
148 8288 0.0018475652676804024 0 0 7.905032509437757e-06 6.533274659268124e-07 1.2659608629150308e-05 1.0410996724102781e-05 3.376818710842903e-06 2.730962730236481e-07 1.3737706813192953e-05 7.923074867942246e-06
149 8344 0.0017568395879223849 0 0 7.300101321731045e-06 5.962221275744033e-07 1.169092693507866e-05 9.719277730775231e-06 3.1455571653598403e-06 2.46781793534611e-07 1.2417199426743164e-05 7.166310887816193e-06
150 8400 0.0016505063842817312 0 0 6.852581091103829e-06 5.612973431202786e-07 1.0980509211022672e-05 8.870711238904021e-06 2.8820952143559157e-06 2.3031863456677048e-07 1.1646859234584726e-05 6.726645041525349e-06
151 8456 0.0016736979282402959 0 0 6.76731008610274e-06 5.576346084779229e-07 1.0879239998191778e-05 8.662370973842472e-06 2.8164459144132696e-06 2.2623758453946074e-07 1.1674847853130738e-05 6.728362573863691e-06
152 8512 0.0015377324078977663 0 0 6.341968587586935e-06 5.170446092497008e-07 1.0207432449673983e-05 8.145972448072028e-06 2.6480513651427553e-06 2.0476364806437613e-07 1.0686938670020288e-05 6.1739950215503005e-06
153 8568 0.0014356380699854683 0 0 5.687240202514447e-06 4.5971030882682553e-07 9.11548082771635e-06 7.5606550384222155e-06 2.4493754306821447e-06 1.8036725403144868e-07 9.434383696961971e-06 5.4458963204372655e-06
154 8624 0.0012231947493848835 0 0 4.58293185692427e-06 3.724353653539138e-07 7.365968454364756e-06 6.048912670577304e-06 1.9580272877718564e-06 1.4754143101373793e-07 7.666717101678782e-06 4.423880510055722e-06
155 8680 0.0011935866861506321 0 0 4.572398497846408e-06 3.809161805867123e-07 7.337583466762753e-06 5.549229280514161e-06 1.7997793328437544e-06 1.4779478106410563e-07 8.193504554180484e-06 4.696621253901859e-06
156 8736 0.0012158469136963961 0 0 4.692955528297055e-06 3.885074169915052e-07 7.533075391195754e-06 5.918268818526713e-06 1.918809661793666e-06 1.50680042589156e-07 8.323939242791945e-06 4.771283950999652e-06
157 8792 0.00110580393811095 0 0 4.298640470060853e-06 3.5353368686343854e-07 6.880083592929075e-06 5.620225318872903e-06 1.8233382472309185e-06 1.375468805865738e-07 7.447450746368088e-06 4.282109032267336e-06
158 8848 0.0010415573528011987 0 0 3.9359308995086656e-06 3.2590904523918295e-07 6.327811332195913e-06 5.1811812318762774e-06 1.6700058195957726e-06 1.287163345256158e-07 7.000361745281826e-06 4.00283333000472e-06
159 8904 0.0008884408076739747 0 0 3.1694643662512567e-06 2.628989665029036e-07 5.111010202411316e-06 4.181499968508326e-06 1.347051929517866e-06 1.0450647003848089e-07 5.658196890123872e-06 3.238170733148049e-06
160 8960 0.000817258667669909 0 0 2.909450854386908e-06 2.4175197770703807e-07 4.7030464249070905e-06 3.7159972224330693e-06 1.2032376576748503e-06 9.587140643327295e-08 5.191648091702096e-06 2.969306626871485e-06
161 9016 0.0008644425415327725 0 0 3.3867566069650977e-06 2.7883904693854264e-07 5.464718504203349e-06 4.1843450177886885e-06 1.3710518600896734e-06 1.0897587533509353e-07 5.833692640736532e-06 3.357626555998776e-06
162 9072 0.000889383592406922 0 0 3.4079026461076097e-06 2.848384545662089e-07 5.530159677615546e-06 4.270829483821791e-06 1.3869274689729128e-06 1.1255192228799116e-07 6.1526317457455885e-06 3.5207212977293526e-06
163 9128 0.0007767609313893817 0 0 3.153236595800351e-06 2.650735738850131e-07 5.135080093555668e-06 3.7877771871837218e-06 1.2394170026623861e-06 1.0498677562795284e-07 5.720781590906333e-06 3.279226137570409e-06
164 9184 0.0006974615099409149 0 0 2.7152416068516952e-06 2.2734207556620066e-07 4.426145000249947e-06 3.378914883835978e-06 1.0979517178256415e-06 8.973740177498017e-08 4.917562686554802e-06 2.81755564180088e-06
165 9240 0.0006463584784525485 0 0 2.420103531338363e-06 2.0104957492932498e-07 3.931796793516098e-06 3.136862144666721e-06 1.0147813854875114e-06 7.916424780826487e-08 4.3219387242071745e-06 2.476666921377361e-06
166 9296 0.0005528579404269975 0 0 2.0586857147945575e-06 1.688005643532624e-07 3.3313970208874976e-06 2.7321156179923794e-06 8.847040173973585e-07 6.583051408508446e-08 3.556232803827805e-06 2.0447949855832807e-06
167 9352 0.0005600190286584702 0 0 2.0444329800645745e-06 1.6395266351922824e-07 3.2908712864795637e-06 2.926087752236551e-06 9.406184844270354e-07 6.328436441939625e-08 3.3662892842698083e-06 1.940819799496685e-06
168 9408 0.000566186033674461 0 0 2.117041492693561e-06 1.705214811249247e-07 3.4161898290484683e-06 2.928615719548393e-06 9.474855836828602e-07 6.627703579330714e-08 3.4724491931345593e-06 2.0063641420926024e-06
169 9464 0.000562939106859859 0 0 2.1354129757603807e-06 1.7435768317703766e-07 3.4605021369159254e-06 2.794623913223613e-06 9.09287362013577e-07 6.819531582652504e-08 3.596037312235734e-06 2.0753576976128476e-06
170 9520 0.0005509847784593809 0 0 2.245417644164819e-06 1.811495498358869e-07 3.624199085555931e-06 2.9453978070749874e-06 9.611890981090536e-07 6.989969349730805e-08 3.649372096389718e-06 2.1147623276050584e-06
171 9576 0.00046060110999087957 0 0 1.82044710918436e-06 1.4769612362782005e-07 2.942944969921646e-06 2.354626634975135e-06 7.69639226913966e-07 5.7242507469603077e-08 2.9956586349765503e-06 1.7350432328557343e-06
172 9632 0.0004577955476966433 0 0 1.8304628537842855e-06 1.4885937203113507e-07 2.9649180467479888e-06 2.311629898112892e-06 7.584624916170505e-07 5.783635141636101e-08 3.0124336772793127e-06 1.7450357778854087e-06
173 9688 0.00043013626407960754 0 0 1.6190324327017136e-06 1.3143631390617833e-07 2.6212280181237873e-06 2.1227680605507844e-06 6.924714140152595e-07 5.1264008450979655e-08 2.670435618856302e-06 1.5446869650821262e-06
174 9744 0.00038557169960839934 0 0 1.4299417372037834e-06 1.1664968232072026e-07 2.317727496807268e-06 1.84691880931332e-06 6.031703086991216e-07 4.552029951961568e-08 2.387179852575737e-06 1.379672722181944e-06
175 9800 0.00038166936673128787 0 0 1.336079030242639e-06 1.0996351678634044e-07 2.170689456195771e-06 1.733580096853147e-06 5.638612802810304e-07 4.3169168012063875e-08 2.2980085650945677e-06 1.3231653713453058e-06
176 9856 0.00037454106158124975 0 0 1.2491151828166755e-06 1.0266670008357706e-07 2.028969600035152e-06 1.6631437081676811e-06 5.386280021483181e-07 4.032286761031395e-08 2.1520355092440648e-06 1.238332709059924e-06
177 9912 0.00034124490091899223 0 0 1.0825708067417726e-06 8.867530624292807e-08 1.7541150337005554e-06 1.4549875655820067e-06 4.706273136349154e-07 3.466160691415984e-08 1.8552784862045842e-06 1.0678707191768117e-06
178 9968 0.0003420019684425671 0 0 1.0986166539128854e-06 8.81451613232606e-08 1.7701105979421488e-06 1.5508594774890975e-06 5.006630944496377e-07 3.401470860373677e-08 1.7895274585013794e-06 1.035113483913443e-06
179 10024 0.0003452372891445227 0 0 1.0795526476796417e-06 8.577536526477044e-08 1.7354356848099907e-06 1.5524845727001971e-06 5.007388410736853e-07 3.290670863673303e-08 1.7149695225735153e-06 9.941817917412814e-07
180 10080 0.0003062701500483819 0 0 9.721797298648518e-07 7.745428845101302e-08 1.5656892536529626e-06 1.3443205131090637e-06 4.363167408914622e-07 2.9728424054481506e-08 1.5344037466802783e-06 8.920645231954469e-07
181 10136 0.0002696909186267308 0 0 8.143232132581303e-07 6.483007766402749e-08 1.3106619181893732e-06 1.1616350885792217e-06 3.750750170417208e-07 2.4926390070067978e-08 1.2957865140227885e-06 7.512919222989782e-07
182 10192 0.00024198994368266862 0 0 7.181653504202816e-07 5.662335709879668e-08 1.1527704543670452e-06 1.0591365710776716e-06 3.4087172633101473e-07 2.164567050794128e-08 1.1201914637778244e-06 6.501648086378107e-07
183 10248 0.0002416879964371039 0 0 7.032161576953369e-07 5.495589139616433e-08 1.1260939282447583e-06 1.0598786651633141e-06 3.405628654869587e-07 2.0891619680719474e-08 1.0740432761893452e-06 6.246525465893784e-07
184 10304 0.00023032105439904695 0 0 6.867658116248468e-07 5.4853033606763775e-08 1.1060376305104767e-06 9.706121361734601e-07 3.1339655258953003e-07 2.1033084128408442e-08 1.104192569419758e-06 6.396597987449977e-07
185 10360 0.00020859107157389573 0 0 6.386849137413256e-07 5.039787939853129e-08 1.0256141211082716e-06 9.185592533518837e-07 2.966430829714645e-07 1.9184213222616805e-08 9.910813388826822e-07 5.764188107077766e-07
186 10416 0.0001843536586765633 0 0 5.396620475329319e-07 4.280217241266868e-08 8.676644967283001e-07 7.615374202247018e-07 2.4640700077697963e-07 1.6334321860178143e-08 8.462940993139964e-07 4.918547190357669e-07
187 10472 0.00017216960391326928 0 0 5.190437779286833e-07 4.069555851249724e-08 8.322052380718634e-07 7.454405133106333e-07 2.4116339700259347e-07 1.5414221709692814e-08 7.866703434260991e-07 4.5895064598697505e-07
188 10528 0.00017609284363055892 0 0 5.4397338335997e-07 4.3391637314494515e-08 8.763155413313486e-07 7.444536122804756e-07 2.4181642855971216e-07 1.660069035803002e-08 8.60616932531e-07 5.000491967179596e-07
189 10584 0.0001589195393157947 0 0 5.031370478676366e-07 3.987501841339535e-08 8.093859614211097e-07 6.83935847225911e-07 2.22891932745927e-07 1.517663561307643e-08 7.756536332654416e-07 4.5255009384291116e-07
190 10640 0.00014083578148979534 0 0 4.507294661394407e-07 3.5783659867827234e-08 7.252613363248862e-07 6.100588130694067e-07 1.9893322508438756e-07 1.3629943867218317e-08 6.979737345645546e-07 4.0708304294367473e-07
191 10696 0.00013559523570758663 0 0 4.132844444710687e-07 3.275598337053574e-08 6.647032752895006e-07 5.611377903616156e-07 1.8296740365534739e-07 1.2465320034801802e-08 6.368125553556311e-07 3.716434008960395e-07
192 10752 0.00012937975554127895 0 0 3.6881512303556197e-07 2.959544767612507e-08 5.951213975014342e-07 4.841690904546919e-07 1.5828982161425602e-07 1.1341803399570862e-08 5.869835197091169e-07 3.414418080785927e-07
193 10808 0.00011468141516775365 0 0 3.163685483036098e-07 2.5505491379716125e-08 5.110624001491474e-07 4.1886991433088103e-07 1.365364351252854e-07 9.812096224230138e-09 5.128498227670303e-07 2.9745982848718665e-07
194 10864 0.00011258482326441209 0 0 2.958039453383054e-07 2.3948894368316406e-08 4.784056200113345e-07 3.9045276879788057e-07 1.271623855299337e-07 9.240927757026352e-09 4.860460968935166e-07 2.8140414863261776e-07
195 10920 0.00011623927305532661 0 0 3.0698432217054206e-07 2.4944847239204354e-08 4.969737046685916e-07 4.0768783256076645e-07 1.3250060482093726e-07 9.653198539488568e-09 5.112050134866757e-07 2.9539884784876784e-07
196 10976 0.00010608483324149372 0 0 3.0355296767716086e-07 2.4589886460984222e-08 4.911453300958286e-07 3.943820037983651e-07 1.2886370713803067e-07 9.4829179719557e-09 4.969702621715368e-07 2.88109187158888e-07
197 11032 8.867716752473069e-05 0 0 2.467520016208507e-07 1.9992583561534972e-08 3.9927038075921295e-07 3.187263155017833e-07 1.0424825682080994e-07 7.707616867636733e-09 4.0365029111119535e-07 2.3406889514681134e-07
198 11088 7.962807775115994e-05 0 0 2.2547736986613247e-07 1.8223115476325534e-08 3.6460894003453835e-07 2.922933909438995e-07 9.562429815929159e-08 7.016230968893555e-09 3.660315072835544e-07 2.1246688110636032e-07
199 11144 7.659502381714584e-05 0 0 2.126972999547708e-07 1.7417419497809317e-08 3.451142283865384e-07 2.670029856522806e-07 8.749315643823788e-08 6.75522896866402e-09 3.575401687073984e-07 2.0676411228844693e-07
200 11200 6.723735331979095e-05 0 0 1.8112417700703983e-07 1.486595696771913e-08 2.9405946399209294e-07 2.2841061402426355e-07 7.47199220788188e-08 5.778933627085234e-09 3.0701323288880334e-07 1.7731924075797352e-07
201 11256 6.168554816778814e-05 0 0 1.5481766603299951e-07 1.2512395464139502e-08 2.501625810046572e-07 2.0955137676266795e-07 6.800078217474354e-08 4.8292137949611425e-09 2.546809170635332e-07 1.4730050979571805e-07
202 11312 5.811866562693604e-05 0 0 1.3882458668827413e-07 1.1228884009921072e-08 2.2436384841398184e-07 1.8768180853940468e-07 6.089919749775762e-08 4.33528072831211e-09 2.2890410479246418e-07 1.323591712056197e-07
203 11368 5.0385726387557085e-05 0 0 1.1437898169760652e-07 9.27811938675728e-09 1.8505928744380506e-07 1.5135343710592056e-07 4.925784049456153e-08 3.585672744308542e-09 1.8911941094233905e-07 1.0940841696485237e-07
204 11424 5.129942933678538e-05 0 0 1.1953164148083065e-07 9.761696332046801e-09 1.9381815957783324e-07 1.5244904158294587e-07 4.9852666681246037e-08 3.783473291331204e-09 1.9991917277324997e-07 1.1563194576607526e-07
205 11480 4.7439877971901646e-05 0 0 1.0412762350475027e-07 8.506506129107001e-09 1.687977585055763e-07 1.3583283307677104e-07 4.4229613792831824e-08 3.301903792965071e-09 1.753936942599385e-07 1.0127154639114734e-07
206 11536 4.4036701341614595e-05 0 0 9.893680006640222e-08 8.02436446673333e-09 1.6008751205790481e-07 1.3091950221285952e-07 4.2618762820227044e-08 3.1018885079032776e-09 1.6343909153851962e-07 9.45663973947566e-08
207 11592 3.8459401147844474e-05 0 0 8.037938691174702e-08 6.480173151378412e-09 1.2978729171011057e-07 1.1117768217070448e-07 3.597639300002694e-08 2.5013505907963315e-09 1.3196575826583282e-07 7.628751792033009e-08
208 11648 3.739009375981182e-05 0 0 7.571929817221153e-08 6.090087195839626e-09 1.221329423931898e-07 1.0771753628098347e-07 3.471305909530405e-08 2.350581455039896e-09 1.2451783415095597e-07 7.188541729394589e-08
209 11704 3.4503311974424435e-05 0 0 7.485511294911128e-08 5.904815721456869e-09 1.2013720847934346e-07 1.0992530527354832e-07 3.541932109076056e-08 2.2518613747861367e-09 1.1665911916927617e-07 6.773974913957966e-08
210 11760 3.173759975244953e-05 0 0 6.717630519120787e-08 5.242798536807089e-09 1.0751054372099414e-07 1.0138497866895975e-07 3.2604891071597625e-08 1.987911628199736e-09 1.0197062162684862e-07 5.934712071727918e-08
211 11816 3.207924881456813e-05 0 0 6.721102095020185e-08 5.213095749271831e-09 1.0735078426999633e-07 1.0497655289279101e-07 3.362518223085913e-08 1.973786810627005e-09 1.0135702494422787e-07 5.893021070577376e-08
212 11872 2.9024772583516705e-05 0 0 5.7675084029167803e-08 4.4823328657614404e-09 9.211148598763663e-08 9.240490841694858e-08 2.947124449370366e-08 1.7038146294285473e-09 8.870280625460906e-08 5.1349072471527825e-08
213 11928 2.695371941815708e-05 0 0 5.205017685899673e-08 4.077687769624905e-09 8.32916016174968e-08 8.278205037408509e-08 2.638800324962694e-08 1.5584384906454723e-09 8.197230965964559e-08 4.732515256281223e-08
214 11984 2.495923051497773e-05 0 0 4.4766838054847244e-08 3.5735738682827707e-09 7.195542308300633e-08 7.084654589399299e-08 2.2505540226826065e-08 1.3839475833798663e-09 7.47648716220582e-08 4.28624254670704e-08
215 12040 2.4298484305559893e-05 0 0 4.3010592584157195e-08 3.4391064089333043e-09 6.918067037824098e-08 6.705362041273195e-08 2.133888249834332e-08 1.3318731510892284e-09 7.175995662915911e-08 4.117702084238882e-08
216 12096 2.1327145884623867e-05 0 0 3.7863755605404853e-08 3.0730018199431415e-09 6.115940279200966e-08 5.6671784512471196e-08 1.8076118022568806e-08 1.1984737271387814e-09 6.515322622218568e-08 3.732203548695147e-08
217 12152 2.039798295983312e-05 0 0 3.6556935802300446e-08 2.988972789593716e-09 5.9172888485804815e-08 5.4032920985758494e-08 1.7233597363684843e-08 1.1707877064421777e-09 6.403654513973384e-08 3.662693867938977e-08
218 12208 1.9542359893738848e-05 0 0 4.041588025069085e-08 3.288609988968953e-09 6.54241872712991e-08 5.5128372992480054e-08 1.783469350959581e-08 1.2770016534746803e-09 6.803820733321842e-08 3.922891477430697e-08
219 12264 1.7869389091363466e-05 0 0 3.6253741454717794e-08 2.957925546280263e-09 5.872646127638214e-08 4.9453480638923954e-08 1.598561799828485e-08 1.1507883573519364e-09 6.155285029947005e-08 3.545164610165142e-08
220 12320 1.6120791247655668e-05 0 0 3.0637066024243757e-08 2.481391580809097e-09 4.9524492638025965e-08 4.2702360701498886e-08 1.3784349710361334e-08 9.61816001059773e-10 5.114694060540514e-08 2.9497778702623388e-08
221 12376 1.513363787962546e-05 0 0 2.820017111932769e-08 2.2696914209115422e-09 4.5509054156393826e-08 3.9827361329652586e-08 1.2850537547716245e-08 8.766529973271976e-10 4.6328166909479475e-08 2.675970036678177e-08
222 12432 1.3806715416027548e-05 0 0 2.555351386424231e-08 2.047711201350065e-09 4.1182789373767576e-08 3.684137308956189e-08 1.1860407743651414e-08 7.895725287248062e-10 4.16816726307689e-08 2.4076453244000015e-08
223 12488 1.3390841847936548e-05 0 0 2.6372510763453523e-08 2.1005123875364377e-09 4.246669301898259e-08 3.675006887133447e-08 1.191956186190496e-08 8.043480585370055e-10 4.16380436550281e-08 2.4195640539784965e-08
224 12544 1.2113680180218454e-05 0 0 2.221089949963499e-08 1.7775645015227334e-09 3.5792583946562704e-08 3.169592198869342e-08 1.0225393353860872e-08 6.843601104380368e-10 3.593890064403262e-08 2.079127559855782e-08
225 12600 1.2115685920104535e-05 0 0 2.373847882800508e-08 1.8575187800892623e-09 3.8035124708388824e-08 3.509086871934365e-08 1.1319707670743379e-08 7.051413099022594e-10 3.600813002069059e-08 2.098514443683644e-08
226 12656 1.2037589557171411e-05 0 0 2.4724558186290947e-08 1.9209663664169042e-09 3.9542838845575144e-08 3.693878962285548e-08 1.1915131257926467e-08 7.256802296467649e-10 3.6710648016469276e-08 2.1450371363807195e-08
227 12712 1.197237090859588e-05 0 0 2.3699590344117368e-08 1.8317364294427908e-09 3.785431594699919e-08 3.5657374070252615e-08 1.1502404615917492e-08 6.894992124426632e-10 3.461430525012656e-08 2.0267894297177872e-08
228 12768 1.1682426432001097e-05 0 0 2.2580242972156e-08 1.7614027816483575e-09 3.614752048973982e-08 3.373436705182287e-08 1.0871781488157422e-08 6.676478811536403e-10 3.40183930736124e-08 1.98337302270822e-08
229 12824 1.2300071013886428e-05 0 0 2.232871807799448e-08 1.7481445465184085e-09 3.5762071452686123e-08 3.405448060564692e-08 1.0929150862572119e-08 6.657452069894066e-10 3.439351319272768e-08 1.996602451082731e-08
230 12880 1.2102342158779327e-05 0 0 2.2750319831371845e-08 1.7496028632549108e-09 3.627154559138752e-08 3.582445508620765e-08 1.1484774161791936e-08 6.59103358149965e-10 3.334441674501429e-08 1.9459006641531075e-08
231 12936 1.3292495853487807e-05 0 0 2.4613902213959265e-08 1.8818412472324946e-09 3.916874203695289e-08 4.002916529012358e-08 1.2784627520936124e-08 7.079897367509275e-10 3.5911512458123825e-08 2.0926079903581674e-08
232 12992 1.3440114817538593e-05 0 0 2.4318275399066247e-08 1.8712913351919873e-09 3.8750421904721355e-08 3.968906934062927e-08 1.2652806553081596e-08 7.079924719547679e-10 3.640348779322635e-08 2.113000805270487e-08
233 13048 1.3226811334895775e-05 0 0 2.3574984958368274e-08 1.8162152513671053e-09 3.7589637088237455e-08 3.774118299759987e-08 1.2063702715184153e-08 6.864263680891427e-10 3.508130674371231e-08 2.0405725985456216e-08
234 13104 1.4056639815875237e-05 0 0 2.5833362099072544e-08 1.9535825674505767e-09 4.097727370115089e-08 4.355097974938646e-08 1.3863225286562086e-08 7.314830165273605e-10 3.695693744214706e-08 2.1539061952811316e-08
235 13160 1.3231373373412631e-05 0 0 2.38804593233833e-08 1.80136769473502e-09 3.784787264678351e-08 4.0803365832400525e-08 1.296891686079777e-08 6.741822166866514e-10 3.413300461017211e-08 1.9874122126370535e-08
236 13216 1.2781445967193282e-05 0 0 2.163378959689298e-08 1.6481682362586945e-09 3.4365189351533934e-08 3.6779944749831494e-08 1.1677958517482994e-08 6.214746594485152e-10 3.197920508149447e-08 1.8539643101904454e-08
237 13272 1.352365377049442e-05 0 0 2.3039473010750136e-08 1.7643280595827408e-09 3.6657014995166966e-08 3.823869164895834e-08 1.2171069595203581e-08 6.66029313766622e-10 3.4220577694499764e-08 1.986090640543205e-08
238 13328 1.3816374055128371e-05 0 0 2.3980151139238557e-08 1.8764608968172123e-09 3.8395431811371996e-08 3.704164958730911e-08 1.1864440358649196e-08 7.152245989914423e-10 3.708635984520076e-08 2.150264846648555e-08
239 13384 1.2886766849455824e-05 0 0 2.251132329785915e-08 1.783426416929231e-09 3.6177780944931464e-08 3.304049906065397e-08 1.0638106442730916e-08 6.831125746316725e-10 3.5563441991009553e-08 2.0615262339902424e-08
240 13440 1.2902732230118628e-05 0 0 2.3128326368680383e-08 1.7940685554330502e-09 3.696683529112341e-08 3.52562126561061e-08 1.133872975593444e-08 6.783708294826641e-10 3.445657935166232e-08 2.0099981004814223e-08
