% # columns="iteration, evaluation, void, void, void, xmean", seed=976475, Tue Mar 25 04:29:24 2025, <python>{}</python> # scaling_of_variables: 1, typical_x: 0
1 56 0 0 0 0.02206112906429562 -0.006040353252084014 -0.02901614024876228 -0.12220902485762129 -0.09947924100062365 0.16740306144891234 -0.09575624927659497 0.09728512573465249
2 112 0 0 0 0.07601820146083382 0.011837275459416801 -0.0074720499135462436 -0.20086988466021918 -0.10528300846857463 0.021904309221429635 -0.27956385130375566 0.17465001095099192
3 168 0 0 0 0.054928062733962606 -0.0032631616182292496 -0.1292349892933181 -0.03625435614921016 -0.18107787832179167 0.03482614462885869 -0.12300998413396247 0.08548470389099543
4 224 0 0 0 0.19059467539122657 0.09039074205160026 -0.15084154648760661 -0.036231347568314996 -0.3160579695042395 0.005615047872796406 -0.04395965505496735 -0.0014192343470038615
5 280 0 0 0 0.1791135095619979 0.04506577218975906 -0.05943377963270416 -0.1814831889981784 -0.33682284942905477 -0.08641500793316469 -0.05806722508831974 -0.10346379103090944
6 336 0 0 0 0.30234726305179604 0.04429140424408728 -0.08840681184672601 -0.28879574082380444 -0.36068546632810305 -0.16723100776995947 0.10489069319340383 -0.23682528556188825
7 392 0 0 0 0.24478773356459274 0.03942718420804756 -0.0168801352450815 -0.23498886498495777 -0.2772890405219884 -0.10708399001768885 0.04268293576636073 -0.2983312142880581
8 448 0 0 0 0.20924356166532518 0.07958703281112743 0.124299658255445 -0.20263105637379647 -0.33746804826388194 -0.10188449988572028 -0.07593995161347698 -0.3310940848119064
9 504 0 0 0 0.15318190253738367 0.12247110257852906 0.1077005802623897 -0.2241585551224345 -0.48652544589662144 -0.16649094780675525 0.028841195637443015 -0.33222826976887143
10 560 0 0 0 0.1566220227616166 0.13764960426549064 0.16873861321161357 -0.23081460370029452 -0.526523826614815 -0.18020515632512493 -0.05996429798643338 -0.3912005555229462
11 616 0 0 0 0.20889936329437492 0.15277222432183432 0.26917089664095023 -0.21882406367450777 -0.498339555534673 -0.23850127218838238 0.021073914256098836 -0.45716876758619823
12 672 0 0 0 0.3924383558072506 0.14585240142150285 0.11099142845585652 -0.20930584133854804 -0.5430076989537654 -0.23704066248410735 0.05842449103684754 -0.37839482800753355
13 728 0 0 0 0.3850478795300072 0.13922133981305496 0.08215128097524868 -0.11694983326596194 -0.6565652129963647 -0.2723957850742487 -0.006914225679390214 -0.29995108896702055
14 784 0 0 0 0.35536599094849836 0.15711233703526226 0.0600255609341194 -0.17800202335371085 -0.6187279277737171 -0.1940360951637571 -0.06646602593932754 -0.2786702366871863
15 840 0 0 0 0.46171737712565236 0.15574373833830749 0.10191669237923429 -0.24547814149361868 -0.524584040421381 -0.15762107192981215 0.07462343874860738 -0.20943292203255726
16 896 0 0 0 0.3758518609658329 0.1560582116633651 0.1795136385967114 -0.269993614653447 -0.5293027640916597 -0.21919300363662036 0.011149439536397646 -0.11295146425834508
17 952 0 0 0 0.4068603038180672 0.16058456902572998 0.19531293867009814 -0.31591413567387217 -0.5331792849437695 -0.19548162587585216 0.005056943586177994 -0.18791907969842767
18 1008 0 0 0 0.441138474308126 0.18291901648433206 0.1816621947338236 -0.26542359971685336 -0.6067419031686496 -0.25474767470386006 0.004261986419939974 -0.19227837220949567
19 1064 0 0 0 0.5419417619345526 0.18840884491221732 0.11952309729157833 -0.3129913153277249 -0.5914864230803081 -0.23749662403341384 0.07230473435919793 -0.18388912610327277
20 1120 0 0 0 0.43671573583815015 0.17456713410201044 0.17991124131134656 -0.3738072048140356 -0.5691180549056427 -0.24910660234091647 -0.02336426689609783 -0.2900971098710293
21 1176 0 0 0 0.414640043896205 0.17011690449319686 0.26341879290007914 -0.43653818206166056 -0.5819512902143918 -0.3013956612350849 -0.007453118327659273 -0.27190921016053476
22 1232 0 0 0 0.4311877938506703 0.15864269655328558 0.26704587929385976 -0.4423110115198091 -0.6090547211148036 -0.3376284079404537 0.014207532881027014 -0.2815687179778036
23 1288 0 0 0 0.4606263434323662 0.1579978362480485 0.28509256713477654 -0.4339362777284934 -0.596554229707473 -0.3357307407697202 -0.09075338586399546 -0.29974616703125
24 1344 0 0 0 0.47823538268484006 0.1632691940015166 0.219891252457717 -0.40195755585567955 -0.6543269796951681 -0.3434887653778153 0.010158937171204918 -0.31203484367731443
25 1400 0 0 0 0.5140594670740272 0.16836111370978538 0.1840414601307833 -0.38990611848014406 -0.7027604586517439 -0.36126658413644946 0.06277060279934643 -0.20204074475991582
26 1456 0 0 0 0.48259075816949526 0.1760666201021716 0.24035739515905033 -0.4345817594766219 -0.707849879801669 -0.35950635651210044 0.031853605012907876 -0.2579777452727154
27 1512 0 0 0 0.3880082909061722 0.16888971001273576 0.338130107806576 -0.426339174118343 -0.6831176397253396 -0.34539872620359074 -0.04712572476827366 -0.39261053630493375
28 1568 0 0 0 0.3824237407443258 0.160855006383376 0.31085252681659187 -0.38683539138025264 -0.7202515162714017 -0.3648744510252955 -0.05803758067298874 -0.4276209697023854
29 1624 0 0 0 0.3157549979751952 0.1667084974171019 0.3909301544302499 -0.43706630983476463 -0.6591625265970974 -0.3438760932816617 -0.0987284659910892 -0.45150610236549443
30 1680 0 0 0 0.31368396579093843 0.17009405595303226 0.3863320399230499 -0.40969896191696636 -0.6664207294325604 -0.34373759851142044 -0.10259171423105994 -0.5295246231054046
31 1736 0 0 0 0.2522853198907202 0.1649333348000517 0.44860833734878 -0.4783700440076802 -0.6252008111625939 -0.3531852947789252 -0.15519856575836707 -0.6127337381571196
32 1792 0 0 0 0.23377518468644895 0.1615191168006388 0.477308230306028 -0.502180931315244 -0.5906308363903344 -0.3430386596926586 -0.1948000518750042 -0.6668334584199963
33 1848 0 0 0 0.19747437544402754 0.1602337521927892 0.5330630491826758 -0.5314083105705573 -0.5641184671954439 -0.34389392735582924 -0.21228678346931423 -0.734090942139781
34 1904 0 0 0 0.16426928397345936 0.15428862602992974 0.5594520517091323 -0.5297529392713038 -0.5393233571207162 -0.3425844378841766 -0.31439141898876505 -0.781559976093104
35 1960 0 0 0 0.15099219657341245 0.15497111425211113 0.5848376166626417 -0.5787125094870655 -0.5289413178398532 -0.33216664478273444 -0.33916301820952993 -0.7844269263287575
36 2016 0 0 0 0.15292106553371423 0.1527859619610547 0.5837758800989261 -0.5887124810239613 -0.5338307793832623 -0.33318134302768404 -0.3468636410484623 -0.8152983994401858
37 2072 0 0 0 0.14786547285361182 0.15914481579361364 0.6240913193342711 -0.635315066281176 -0.4899727299236931 -0.31918600357427857 -0.36151734677434433 -0.8153356964614892
38 2128 0 0 0 0.1532265097153678 0.15393441690073145 0.6030794132064713 -0.6136346074182398 -0.5056791582174572 -0.3276278051170894 -0.35672178401384025 -0.8039396583960684
39 2184 0 0 0 0.15030747214619253 0.1461163616723446 0.5821237674730416 -0.589817179446161 -0.5419576110333433 -0.34091054670350146 -0.33934957393644677 -0.7937766096053622
40 2240 0 0 0 0.15578768185378167 0.1441203314587411 0.5929269959971206 -0.5934952673848888 -0.5398103608292361 -0.33973239476196654 -0.3503818465721347 -0.8215190824165852
41 2296 0 0 0 0.14047472354858642 0.14224949547315993 0.6228667392668413 -0.610719461392932 -0.5394475683151347 -0.3376256264012405 -0.3891465964316004 -0.867933993487501
42 2352 0 0 0 0.14774727622629216 0.14244145359613836 0.616001076866795 -0.5872101833481427 -0.5566287795254329 -0.33820404197236603 -0.4057902463882423 -0.8631989733110121
43 2408 0 0 0 0.14417094513466064 0.1414508548068462 0.6109359490708927 -0.5993986166204065 -0.5475687198307662 -0.3404746270555179 -0.43240164253224045 -0.8813819398235602
44 2464 0 0 0 0.12616272486868013 0.1418972583557604 0.6292010086572131 -0.6017449041687785 -0.5470554403209836 -0.3400005616143933 -0.39531393743696397 -0.8917954228458405
45 2520 0 0 0 0.146985856991934 0.1448597175782139 0.6356595480139058 -0.6135378443787215 -0.5366564649617492 -0.3371511480518937 -0.4049686757336368 -0.8926001811624865
46 2576 0 0 0 0.14428558159872312 0.1431292673288606 0.6414178522677503 -0.6017548888398514 -0.5479807875832745 -0.3376430469174673 -0.3871416949422179 -0.9024889584640967
47 2632 0 0 0 0.1490676822502055 0.14176811726810432 0.6292979974526132 -0.613554631581088 -0.5398219118837239 -0.33772702434943186 -0.39969899023546374 -0.8901671496801892
48 2688 0 0 0 0.12518473068954253 0.13892612766591478 0.6239542893276501 -0.6201316513598741 -0.5463420665949221 -0.34380172791464697 -0.3974410776410684 -0.9044052008743312
49 2744 0 0 0 0.11016817842174388 0.13932247096336664 0.628959749817893 -0.6138699339585857 -0.5589291447960453 -0.34386411981077913 -0.3917499725876328 -0.9078741973802716
50 2800 0 0 0 0.1128753812031024 0.13701457625283658 0.6431197562232958 -0.6136282029985626 -0.5501020901054928 -0.34319557612156726 -0.4055844677053051 -0.9101311683330682
51 2856 0 0 0 0.120569201944746 0.137121223664816 0.6419330389280744 -0.6142176399240851 -0.5450172597382009 -0.33981421298284553 -0.4145543496045405 -0.8997872208336138
52 2912 0 0 0 0.11850497302130797 0.1350569504261148 0.6462253628138858 -0.6022827952971661 -0.5547330957450488 -0.34494088754222396 -0.40188200783600725 -0.9241057812601985
53 2968 0 0 0 0.1059351103962279 0.13454754276187247 0.6547757069666131 -0.6048267457564879 -0.5532158302898836 -0.3418729652209874 -0.40248930304063324 -0.9353505836650632
54 3024 0 0 0 0.08965981740595247 0.1352343340191667 0.6573575915472725 -0.6162153764278712 -0.5547364738914534 -0.3396665867662184 -0.4046786553489159 -0.9409201354206159
55 3080 0 0 0 0.07716867043447681 0.13487186277212046 0.6536588250401341 -0.6229879543608159 -0.5527046672595018 -0.340303958001211 -0.40106644426533256 -0.9441790457292057
56 3136 0 0 0 0.07812718318491042 0.1338725831901301 0.6533942688834928 -0.6206111246562305 -0.5582239403632515 -0.34353726444468763 -0.3834679418394114 -0.940021703307739
57 3192 0 0 0 0.09659541306566374 0.13359814680968435 0.6420911394484856 -0.6123951134881269 -0.5630960446597021 -0.34656485737308046 -0.39576772739004473 -0.9277152821754883
58 3248 0 0 0 0.11433753512031178 0.13348582211348445 0.6353829277762326 -0.6084881393405118 -0.5621644801727743 -0.34757382706207446 -0.4035242276901194 -0.9161071195314623
59 3304 0 0 0 0.11192872687285234 0.13227468660370637 0.6338613858918516 -0.6070259236489985 -0.5639390891526281 -0.3485602677762846 -0.401825640234045 -0.9185232306390302
60 3360 0 0 0 0.09921001661615993 0.1338348971160627 0.6366539817197748 -0.6086424853363824 -0.5676649519980929 -0.3469938519492201 -0.3991321954391981 -0.9251542171906163
61 3416 0 0 0 0.10519121545116132 0.1335629673396348 0.6382652688337446 -0.6022193314672306 -0.5682788739660044 -0.3478182580985933 -0.39883542846496983 -0.9256503944835731
62 3472 0 0 0 0.10727772129067603 0.1328317366768548 0.6352569581635883 -0.603562868592713 -0.5702382244811922 -0.34926799241055684 -0.39433497824151004 -0.9175880509340718
63 3528 0 0 0 0.11233313002279878 0.1328358406713969 0.6366235707999075 -0.6032789037654053 -0.5677581334631726 -0.3502445991636673 -0.386351634497095 -0.9120499952460365
64 3584 0 0 0 0.10810599979791576 0.13283780040712861 0.6348539709852231 -0.6041404061131496 -0.5689797907959346 -0.3498624550831782 -0.3859245295986397 -0.9097451363579468
65 3640 0 0 0 0.1195960484013076 0.1321389478620627 0.6338768615892588 -0.5997151506304548 -0.5680244075243845 -0.35142631440051103 -0.38653829055132544 -0.9017542102395765
66 3696 0 0 0 0.11323469469744762 0.13224930354076525 0.6363740753894638 -0.5992997826637948 -0.5698060246681039 -0.3504292798894685 -0.3890727353046616 -0.9079809669654956
67 3752 0 0 0 0.11261019843838438 0.13282163201620095 0.6356315443639725 -0.5992406400083755 -0.5704026524706075 -0.35021343813700984 -0.39389787362512496 -0.9114594001373332
68 3808 0 0 0 0.11679959104886556 0.13262389204141778 0.635741364623774 -0.5981416535227472 -0.5697414195969698 -0.3510571801141011 -0.38985238430067803 -0.9100845903569543
69 3864 0 0 0 0.11929162978071249 0.13245239180074544 0.6326157655332361 -0.6001184853887076 -0.568227516146123 -0.3511009305627533 -0.393829383813942 -0.9057274551598596
70 3920 0 0 0 0.12280262183715542 0.1322090140527311 0.6303027572985109 -0.5996410562578094 -0.5685953034189498 -0.35180683677393615 -0.3950656776172528 -0.9027964910274261
71 3976 0 0 0 0.12373457340881441 0.13235712017321138 0.6312839256550417 -0.5992259257697238 -0.5677068490597191 -0.35157102654717665 -0.39355582984251164 -0.9043834026304581
72 4032 0 0 0 0.12279827680440382 0.1324718008913745 0.6339715420226888 -0.5979465262021968 -0.5680809264336102 -0.3515062404730544 -0.3915149742902517 -0.9059781303607972
73 4088 0 0 0 0.12788187578821336 0.1322177535499282 0.6326800026667033 -0.5969904420190336 -0.5674216398448173 -0.3522197786850623 -0.3920013194656376 -0.9029352018549799
78 4368 0 0 0 0.1283305852797951 0.13230764551616359 0.6340974631615066 -0.5954368821454951 -0.5662245940394178 -0.3527006775100832 -0.38597162907326915 -0.9015144733712158
79 4424 0 0 0 0.131395856782805 0.1321770159016928 0.6348967639279366 -0.5938263605752361 -0.5654813661762929 -0.35289633774410967 -0.38694594066148336 -0.9003900908231817
80 4480 0 0 0 0.13126870810360736 0.13218981950472225 0.6349484489499272 -0.5941251107876305 -0.5655680312973866 -0.35280560392623844 -0.38717065756411834 -0.900696218769632
81 4536 0 0 0 0.13179090585822173 0.1322451681753154 0.6344470578875363 -0.5941846886461001 -0.5655916836425693 -0.3530038434371086 -0.3868424489402054 -0.9001857221451514
82 4592 0 0 0 0.13181300241897967 0.13229677083875854 0.6338736983769429 -0.5943244120607291 -0.5655774969409417 -0.35299147060857144 -0.38674726152740724 -0.9006592137423302
83 4648 0 0 0 0.13182206623830794 0.13232877852409625 0.6341153050141995 -0.5938495370323766 -0.5655862548766178 -0.35307552369656525 -0.38601290476016964 -0.9007868201934646
84 4704 0 0 0 0.1331196897465478 0.13223384396280435 0.6335844990650418 -0.5934774521745044 -0.5655375415897789 -0.3531543290641759 -0.38740440752239313 -0.9002348994190662
85 4760 0 0 0 0.1334941458613047 0.13227016471925399 0.633262795978391 -0.5935369772703066 -0.56548982531406 -0.3532060398572519 -0.38741921241574523 -0.9004075331686886
86 4816 0 0 0 0.13413533992236545 0.13228660183951862 0.6331502556393339 -0.5932184977220155 -0.5656952049044089 -0.35326186838540496 -0.38782372751268385 -0.9008992441045833
87 4872 0 0 0 0.13426008439762982 0.1322551707369332 0.633118687304617 -0.5932771133980753 -0.5656122311249557 -0.35324258147743315 -0.3883955212864643 -0.9004864035328969
88 4928 0 0 0 0.1341485342768477 0.13223642365459629 0.6327892120293123 -0.5933835734553974 -0.565525547658506 -0.3532359169832982 -0.38850206325491937 -0.900212310399982
89 4984 0 0 0 0.13389075971032502 0.1322275261450682 0.6326218459014583 -0.5936014451813283 -0.5653589279388236 -0.35320857844761805 -0.38840808755466005 -0.8998587956625708
90 5040 0 0 0 0.1341819426189191 0.13223450595431172 0.6328235233472895 -0.5933428435546884 -0.565419833238872 -0.3532293051646135 -0.38853146630889607 -0.9000716659262152
91 5096 0 0 0 0.1340772818105477 0.13223708599093217 0.6329778391050149 -0.5934226209506756 -0.5654072986249299 -0.3532218547188081 -0.3884676447462255 -0.8999468790751235
92 5152 0 0 0 0.13417517499828238 0.13222048279795104 0.6329066579094154 -0.5932593963176487 -0.5653648853059513 -0.3532205957725615 -0.38874941647693956 -0.8998292559000636
93 5208 0 0 0 0.13437681816871927 0.13223011770451942 0.6327117231862281 -0.5933230200230972 -0.5654118192668082 -0.3532516700262018 -0.38885726415822675 -0.8998643215716214
94 5264 0 0 0 0.1344665770838589 0.13224610005931736 0.632730322375809 -0.5932717423823418 -0.5654664583754917 -0.3532789638782343 -0.388677134558895 -0.9000283199049111
95 5320 0 0 0 0.1344346046319632 0.13222611445926935 0.6328526121787071 -0.5934125528099387 -0.5654392156224481 -0.3532471806790891 -0.3890655852957516 -0.899778973668589
96 5376 0 0 0 0.13439697108345616 0.13222659636874007 0.6328279826399069 -0.5933860503708422 -0.5654041925396387 -0.3532592021150329 -0.3888534504703778 -0.8997236860547984
97 5432 0 0 0 0.13429612194383778 0.13222456997262436 0.6327876864853172 -0.5935086830329712 -0.5654380749330706 -0.35324743262525676 -0.3888650314945981 -0.8997347340854365
98 5488 0 0 0 0.134295923206913 0.1322200192008539 0.6328662641453398 -0.5935072081010859 -0.5654247482344388 -0.3532351729886283 -0.3889586517332843 -0.8997059236289164
99 5544 0 0 0 0.13439408646190007 0.1322239680331499 0.6328846160077842 -0.5934258869366131 -0.5654372850265175 -0.35325051655594786 -0.38894526510582755 -0.8997512702738556
100 5600 0 0 0 0.13444910320308964 0.13221706537466907 0.6328967933523157 -0.5934146672153133 -0.5654264863764618 -0.35324510819308236 -0.3891328919799238 -0.8996824062930916
101 5656 0 0 0 0.13450207359334218 0.13222273349524286 0.6327962979783107 -0.5934320937777221 -0.5654608118076988 -0.35325955773391216 -0.3891528154828727 -0.8997352252337735
102 5712 0 0 0 0.13450251250605802 0.132217997301908 0.6328390264747923 -0.5934946449685254 -0.5654562000347912 -0.3532592930135624 -0.3891886031922926 -0.899633503468593
103 5768 0 0 0 0.13449398202324897 0.1322248152392515 0.6328776227014368 -0.5934111855279292 -0.5654579144723441 -0.35326342149108336 -0.3891259119098872 -0.8997020669763558
104 5824 0 0 0 0.13445958630757368 0.1322214605007979 0.6328822922333347 -0.5933822939739496 -0.5654186613485157 -0.3532550779465668 -0.3890958469557291 -0.8996686573735866
105 5880 0 0 0 0.13444131735076267 0.13221887696773 0.6329014959444398 -0.5933709208684583 -0.5654073612306106 -0.35324786458803925 -0.3891591218067903 -0.8996377649081163
106 5936 0 0 0 0.13444412991627477 0.13221623039452254 0.6329148129044315 -0.5933775517010426 -0.56540664779634 -0.3532425338364972 -0.38925694365738983 -0.8996094629962751
107 5992 0 0 0 0.13449469675864764 0.13221344280678649 0.6329130324013584 -0.5933462774406336 -0.5653886967552815 -0.35324818458124657 -0.3892269703269745 -0.8995878133910641
108 6048 0 0 0 0.13450062575538888 0.1322169668298271 0.6329087315195836 -0.5933345315108802 -0.5654032228239316 -0.35325331912657193 -0.3892149021038568 -0.8996183631625446
109 6104 0 0 0 0.1345295549916403 0.13221441709075346 0.63296962548686 -0.5933352588881934 -0.5654131404899587 -0.35325260808584824 -0.38930528264509273 -0.8995820510005961
110 6160 0 0 0 0.13455878095729173 0.13221175451142228 0.6330059975766357 -0.5933214108466958 -0.5653986685329826 -0.3532525288565576 -0.3893486554128125 -0.8995379221371815
111 6216 0 0 0 0.13455025241327057 0.13221398820737779 0.6329716819970104 -0.5933197893962872 -0.5653997711685489 -0.35325410150123937 -0.38930765180620464 -0.8995662426569944
112 6272 0 0 0 0.1345822860378922 0.13221142744943948 0.6329975610793146 -0.5933142583028114 -0.5653906426776661 -0.3532539890135182 -0.38935487291113036 -0.8995305921330008
113 6328 0 0 0 0.13466013529585774 0.13220685370313023 0.6330732663643713 -0.593229137987243 -0.5653615259601775 -0.3532541844474778 -0.3894358711069556 -0.8994860457557252
114 6384 0 0 0 0.1346598391424458 0.13220619691846633 0.63309597835472 -0.5932164211054125 -0.5653559928283526 -0.3532521703395399 -0.3894448382634821 -0.8994800003674804
115 6440 0 0 0 0.13463035831839362 0.13220669215620806 0.6331028690312962 -0.5932566900913568 -0.5653672516957878 -0.35325021606882484 -0.3894511180164929 -0.8994701183885326
116 6496 0 0 0 0.13463204962250086 0.1322067445140475 0.6331054545673686 -0.5932449948000763 -0.5653647194077438 -0.3532513936008963 -0.3894390981300429 -0.8994694169841908
117 6552 0 0 0 0.13468652029284173 0.132203060840542 0.6331490330407475 -0.59319286427924 -0.5653477714259983 -0.35325119891438705 -0.38951458233195535 -0.8994349254424262
118 6608 0 0 0 0.13469392903143126 0.13220184542136654 0.633161901163458 -0.5931775088764527 -0.565338558818831 -0.35324946192773743 -0.38952904107230474 -0.8994261802220685
119 6664 0 0 0 0.13472907315384453 0.13219975118544078 0.6331888331672314 -0.5931580860524677 -0.5653329573497934 -0.3532505233491344 -0.38957361819883046 -0.8994019850325137
120 6720 0 0 0 0.13472559731518433 0.13220039282454799 0.6331921696602465 -0.5931430056435798 -0.5653296897452079 -0.3532509293632767 -0.38954932223997357 -0.8994126068809304
121 6776 0 0 0 0.13475685875147697 0.13219882213164677 0.6332398860048444 -0.5930982840671213 -0.5653179061645529 -0.35325119515498693 -0.38957581424209603 -0.8993967932071881
122 6832 0 0 0 0.13473987723928615 0.1321986081308462 0.6332329067131005 -0.5931257506940374 -0.5653217144415754 -0.3532493275394051 -0.3895816534668084 -0.8993885143319006
123 6888 0 0 0 0.1347322535487682 0.1322000868624699 0.6332121947008891 -0.5931310429464599 -0.5653263009932229 -0.35325049504841965 -0.3895581597880353 -0.899407102799111
124 6944 0 0 0 0.13474308878484556 0.13219919377133768 0.6332308966744795 -0.5931137116771904 -0.565320389015842 -0.35324998051296935 -0.38957125233372264 -0.8993993748345779
125 7000 0 0 0 0.13474129195550646 0.13219954249365734 0.6332184596005013 -0.5931167869119746 -0.5653224862649868 -0.3532503450457337 -0.38956788024695793 -0.8994051500415667
126 7056 0 0 0 0.13473427409274494 0.1321995916888347 0.6332120007688785 -0.5931295010439128 -0.5653253251367681 -0.3532499388309995 -0.38957017792192633 -0.8994034913562787
127 7112 0 0 0 0.13472968169228963 0.1321999626248386 0.6332025148341435 -0.593140378153285 -0.5653293066687699 -0.35325008142775066 -0.3895678658436142 -0.8994073849097275
128 7168 0 0 0 0.13473093749907142 0.13219978310953254 0.6332078001831363 -0.593133172483489 -0.565326600144068 -0.3532500192025625 -0.3895653489940845 -0.8994055935577843
129 7224 0 0 0 0.13473453330483262 0.13219963075082108 0.6332102645172314 -0.5931350135034326 -0.5653267132150216 -0.35325025606547916 -0.3895700692595897 -0.8994016771873519
130 7280 0 0 0 0.13473780486011844 0.1321996761277162 0.633211067786147 -0.5931291038441047 -0.5653261504555496 -0.3532505642294977 -0.3895694586451572 -0.8994040386039724
131 7336 0 0 0 0.13473746208649 0.13219971408375528 0.6332117891028065 -0.5931227922470215 -0.5653240783191118 -0.353250462574875 -0.3895657944079396 -0.8994057794343728
132 7392 0 0 0 0.13473991952909153 0.13219948216793836 0.6332174865652037 -0.5931210415930794 -0.5653233089880652 -0.3532503001103194 -0.38957174414308104 -0.8994019288402879
133 7448 0 0 0 0.134734585783794 0.13219999347975175 0.6332071177083047 -0.5931327573200336 -0.5653275120673183 -0.3532507425028688 -0.38956529004527796 -0.8994059704519103
134 7504 0 0 0 0.13473130613839332 0.1322002778686303 0.6331985212110681 -0.5931422608972913 -0.565330284975846 -0.35325099964654927 -0.38956179234870225 -0.8994080787282089
135 7560 0 0 0 0.13472816980983032 0.13220047576556893 0.6331958939724079 -0.5931435560937471 -0.5653307315292001 -0.35325094014191616 -0.3895576712981773 -0.8994103974118635
136 7616 0 0 0 0.13472734582933307 0.13220057920662953 0.6331943635396555 -0.5931407751385441 -0.5653299401640272 -0.3532510270238553 -0.3895530093719488 -0.8994124472941941
137 7672 0 0 0 0.13472760435119607 0.13220050508793557 0.633194126818891 -0.593143236962193 -0.5653304949314815 -0.3532509945889224 -0.38955590055644823 -0.8994109708432454
138 7728 0 0 0 0.13473158593060794 0.1322002257216178 0.633201260559004 -0.5931378468584968 -0.5653289239835594 -0.3532509142716376 -0.38956118059365397 -0.8994077600644639
139 7784 0 0 0 0.13473382313277238 0.13220013245490672 0.6332042494771829 -0.5931301562134272 -0.5653264560456801 -0.3532508946094361 -0.3895598185925004 -0.8994080226669324
140 7840 0 0 0 0.1347300459948741 0.13220044331027903 0.6331988426644115 -0.5931343455182599 -0.565327955028219 -0.3532510221701891 -0.38955400465162315 -0.8994112921731636
141 7896 0 0 0 0.13472654676632811 0.13220080832493347 0.633191714283565 -0.5931362632741982 -0.565328728498382 -0.3532512450037583 -0.38954540210749333 -0.8994160949108198
142 7952 0 0 0 0.1347220092027184 0.1322012415506866 0.6331836603172917 -0.5931393643348772 -0.5653299668269608 -0.3532514664893883 -0.38953588040270426 -0.8994215715557876
143 8008 0 0 0 0.1347208089349029 0.13220132871828016 0.633182787338189 -0.5931387944195016 -0.5653297344044594 -0.35325143447371743 -0.3895333719433753 -0.8994228062779199
144 8064 0 0 0 0.134723951135263 0.13220111099245435 0.6331871809142702 -0.5931336456490717 -0.5653280336240725 -0.35325138567675574 -0.38953625603878533 -0.8994208768480121
145 8120 0 0 0 0.1347237483145816 0.1322012531551914 0.6331852431451606 -0.5931298988983533 -0.5653270581968116 -0.35325150944469025 -0.3895312938240092 -0.8994238285482486
146 8176 0 0 0 0.13472155339495592 0.13220139080541016 0.6331821606354748 -0.5931353142168566 -0.5653288628477121 -0.35325157114810113 -0.3895303653858124 -0.8994245437642988
147 8232 0 0 0 0.13472161137623484 0.13220138118151045 0.6331824905307369 -0.593134758292787 -0.5653286633724784 -0.3532515445615791 -0.3895303836510098 -0.8994245330045484
148 8288 0 0 0 0.1347198208742423 0.13220151114865694 0.633179408794956 -0.5931373880522908 -0.5653295025769364 -0.3532515934069235 -0.3895283551547437 -0.8994257947291538
149 8344 0 0 0 0.13471890913075363 0.1322016059355976 0.6331775573952383 -0.5931378005837431 -0.5653297047318275 -0.3532516458324221 -0.38952620902851165 -0.8994270882950834
150 8400 0 0 0 0.13472002850586376 0.13220152995991682 0.6331788373226366 -0.5931365963943417 -0.5653292873909153 -0.3532516444650302 -0.3895274938763216 -0.8994262919324769
151 8456 0 0 0 0.13471860649147718 0.13220164143742028 0.6331766126742113 -0.593137764553034 -0.5653297146804214 -0.35325167684754716 -0.38952527219179883 -0.8994276386081723
152 8512 0 0 0 0.13471733042597137 0.13220176342808485 0.6331746072673501 -0.593138083123164 -0.565329869282548 -0.3532517228632913 -0.38952223471218184 -0.8994293039040543
153 8568 0 0 0 0.13471778611313726 0.1322017213578417 0.6331752684049581 -0.5931380610799246 -0.5653298188187572 -0.3532517188412199 -0.3895231778565495 -0.899428669584483
154 8624 0 0 0 0.13471884167034018 0.13220164638302354 0.633176980950714 -0.5931364135217959 -0.5653293063312376 -0.35325169045725274 -0.3895244217497202 -0.8994279628179077
155 8680 0 0 0 0.13471741543199217 0.13220177670491862 0.6331747053695355 -0.5931367819881113 -0.565329489378056 -0.35325173744937044 -0.3895212657007164 -0.8994297452239242
156 8736 0 0 0 0.13471851314364144 0.13220171401527187 0.6331761951638304 -0.593134243705621 -0.5653286688902728 -0.3532517233494399 -0.38952160561155036 -0.8994294240982635
157 8792 0 0 0 0.13471747455387345 0.1322018137488967 0.6331744952480368 -0.5931346243500039 -0.5653288586914073 -0.35325176447778117 -0.38951927584175766 -0.8994307711996673
158 8848 0 0 0 0.13471610130613337 0.1322019341501528 0.6331721968316413 -0.5931355502164644 -0.5653291949148186 -0.3532518125145505 -0.3895166231347026 -0.8994322910536846
159 8904 0 0 0 0.13471644993191223 0.13220190087664682 0.6331727479172409 -0.5931356096152955 -0.5653291911624793 -0.3532518017481032 -0.3895175139482585 -0.8994317861876339
160 8960 0 0 0 0.13471722943442382 0.13220183153754067 0.6331739798533793 -0.5931352504945753 -0.5653290534041786 -0.35325177631849436 -0.3895191447165531 -0.8994308832955253
161 9016 0 0 0 0.13471878987141805 0.13220169496680995 0.6331765555545587 -0.5931340872800323 -0.5653286159835185 -0.35325171968603813 -0.389522084509645 -0.8994291792857564
162 9072 0 0 0 0.13471801251592364 0.13220173066937813 0.6331754285769795 -0.59313645245133 -0.5653293454885839 -0.3532517281108168 -0.38952230019068873 -0.8994291549546554
163 9128 0 0 0 0.1347178843015019 0.13220174703304333 0.6331751483621041 -0.5931363859406302 -0.565329340050765 -0.35325173856353864 -0.3895218577603847 -0.8994294092562517
164 9184 0 0 0 0.13471874705755005 0.13220166733911703 0.6331766438403843 -0.5931359461675518 -0.5653291673787735 -0.3532517043876268 -0.38952370388194896 -0.8994283572720569
165 9240 0 0 0 0.13471919837885282 0.1322016412738273 0.6331772945429543 -0.593134872346152 -0.5653288248138705 -0.35325169785063737 -0.38952383818629654 -0.8994282259225705
166 9296 0 0 0 0.13471874575606457 0.13220167081871795 0.6331766129747025 -0.5931357443794064 -0.5653291030765644 -0.35325170649893983 -0.38952351270503244 -0.8994284475242063
167 9352 0 0 0 0.1347194722194471 0.13220162868459784 0.6331777179602402 -0.5931340106400097 -0.5653285640936746 -0.35325169383323995 -0.3895237679612026 -0.8994282369983074
168 9408 0 0 0 0.13471826310543542 0.13220172641508315 0.6331757508293314 -0.5931353899533327 -0.5653290330355847 -0.35325173219729356 -0.38952192956881493 -0.8994293220897663
169 9464 0 0 0 0.1347176998205 0.13220177447923304 0.633174821211543 -0.5931358207356464 -0.5653291871999676 -0.3532517509102997 -0.38952090064473943 -0.8994299154260089
170 9520 0 0 0 0.13471682276204025 0.13220183849030626 0.6331734570271661 -0.5931371242598784 -0.5653296127747317 -0.3532517726862185 -0.38951988747988836 -0.8994305351511889
171 9576 0 0 0 0.1347171462194229 0.13220181503012074 0.6331739582296393 -0.5931366240628934 -0.565329449240511 -0.3532517647274603 -0.38952024499234617 -0.8994303126326542
172 9632 0 0 0 0.1347163985579492 0.13220187657661758 0.6331727350648065 -0.5931373772404265 -0.5653297068804554 -0.35325178878728103 -0.3895190253383097 -0.8994310216934962
173 9688 0 0 0 0.13471619710473337 0.13220189631060353 0.6331723873898372 -0.5931374401932504 -0.5653297392504888 -0.3532517979526081 -0.38951855161941296 -0.8994312911092122
174 9744 0 0 0 0.1347165893783251 0.13220186903735223 0.633172995060061 -0.5931367815732468 -0.5653295272417705 -0.353251788848 -0.3895189349310298 -0.8994310495708819
175 9800 0 0 0 0.1347169293052104 0.1322018389178554 0.6331735558831874 -0.5931365701376727 -0.5653294468126774 -0.3532517769775232 -0.38951960831284954 -0.899430663211838
176 9856 0 0 0 0.13471700859805225 0.13220182645649883 0.6331737160734308 -0.5931368177210757 -0.5653295121938418 -0.35325177092112825 -0.38952004227119597 -0.8994304261720122
177 9912 0 0 0 0.1347168788319627 0.1322018346914199 0.6331735280035033 -0.5931370559569534 -0.5653295880981738 -0.3532517728671184 -0.38951994595508677 -0.8994304905139278
178 9968 0 0 0 0.13471649641616 0.13220186230962636 0.6331729202469357 -0.5931376685281097 -0.5653297870061618 -0.353251782927342 -0.38951953280674473 -0.8994307473785881
179 10024 0 0 0 0.13471626936803244 0.1322018817830212 0.6331725441005677 -0.5931378339616526 -0.5653298462830141 -0.3532517905183846 -0.38951910766021786 -0.8994309905997313
180 10080 0 0 0 0.1347166008486001 0.13220185961892322 0.6331730533254504 -0.5931372291539624 -0.5653296533950394 -0.3532517833636067 -0.38951938601460373 -0.8994308106998127
181 10136 0 0 0 0.13471656745436988 0.13220185734011985 0.6331730247900265 -0.5931375447605912 -0.5653297461648733 -0.3532517813911833 -0.38951959623014737 -0.8994307052793189
182 10192 0 0 0 0.1347168833774337 0.13220183527346407 0.633173518604525 -0.5931370093842379 -0.5653295743806215 -0.3532517737435127 -0.3895199063780619 -0.8994305113248618
183 10248 0 0 0 0.13471718373032954 0.1322018146881812 0.6331739845709505 -0.5931364824017423 -0.5653294055465939 -0.3532517667547694 -0.3895201826469094 -0.8994303362602765
184 10304 0 0 0 0.1347171368092253 0.1322018142196484 0.6331739297882851 -0.593136779431286 -0.5653294941993436 -0.3532517657032083 -0.38952033884058057 -0.8994302610433358
185 10360 0 0 0 0.13471721098534847 0.13220181138429565 0.6331740311566345 -0.5931365283582599 -0.5653294179249785 -0.35325176547455284 -0.3895202914435594 -0.8994302782097042
186 10416 0 0 0 0.13471717849274892 0.13220181319239863 0.6331739837985219 -0.5931366077875863 -0.5653294426249722 -0.3532517659695798 -0.3895202829556114 -0.8994302855960193
187 10472 0 0 0 0.1347169952350607 0.1322018281110333 0.6331736859487228 -0.5931368030077094 -0.5653295094029741 -0.35325177172548045 -0.3895199943124376 -0.8994304551450258
188 10528 0 0 0 0.13471672240262528 0.13220185075600943 0.6331732407235764 -0.5931370636902459 -0.56532959959325 -0.3532517804815815 -0.3895195377919708 -0.8994307205733838
189 10584 0 0 0 0.1347169826072013 0.1322018304865597 0.6331736584013652 -0.5931367377127867 -0.5653294910216163 -0.3532517728858456 -0.38951990150078586 -0.8994305043004808
190 10640 0 0 0 0.13471700098746767 0.13220182729134033 0.6331736974671133 -0.5931368133240845 -0.5653295117218828 -0.3532517712953711 -0.38952001954926796 -0.8994304408174015
191 10696 0 0 0 0.13471700997503674 0.1322018263328102 0.6331737142737723 -0.5931368150405409 -0.5653295117563838 -0.35325177082870013 -0.3895200454491332 -0.8994304265260863
192 10752 0 0 0 0.13471701546668433 0.13220182569233582 0.6331737226605372 -0.5931368238952182 -0.5653295140996298 -0.3532517706200063 -0.38952006630126873 -0.8994304153713493
193 10808 0 0 0 0.13471692326866594 0.13220183214846196 0.6331735790850073 -0.593136978865366 -0.5653295639476291 -0.3532517728275489 -0.3895199752204788 -0.8994304724773132
194 10864 0 0 0 0.134716862505477 0.13220183740527341 0.6331734781903244 -0.5931370247431833 -0.5653295804140964 -0.3532517749281395 -0.38951986176045506 -0.8994305375323433
195 10920 0 0 0 0.13471690926613084 0.1322018324853403 0.6331735602352606 -0.593137040027506 -0.5653295824359854 -0.35325177283146364 -0.38951999573657975 -0.8994304631806374
196 10976 0 0 0 0.13471697997142032 0.13220182844143946 0.633173665428863 -0.5931368688813894 -0.5653295289299681 -0.3532517716608063 -0.3895200168913731 -0.8994304444729048
197 11032 0 0 0 0.13471690717058893 0.13220183424486034 0.6331735479829239 -0.5931369521119219 -0.5653295570114509 -0.35325177384781986 -0.3895199080360623 -0.8994305087484928
198 11088 0 0 0 0.134716999079056 0.13220182763395105 0.6331736923410475 -0.5931368063485427 -0.5653295097859907 -0.3532517715124228 -0.38952000747428306 -0.8994304473205194
199 11144 0 0 0 0.13471693188532283 0.1322018335807668 0.6331735808977476 -0.5931368494211591 -0.565329525927555 -0.3532517738823846 -0.3895198754971487 -0.8994305228819611
200 11200 0 0 0 0.1347169665996389 0.13220183073587183 0.6331736374535654 -0.5931368134440302 -0.565329513576815 -0.35325177277651915 -0.38951993114473626 -0.8994304902870288
201 11256 0 0 0 0.1347169361150965 0.13220183323624157 0.6331735876417786 -0.5931368446633825 -0.565329524258107 -0.3532517737462496 -0.3895198818812008 -0.8994305190639991
202 11312 0 0 0 0.13471693106904986 0.13220183395265697 0.633173577692707 -0.5931368328027804 -0.5653295211006414 -0.3532517740892375 -0.38951985779353965 -0.8994305321050792
203 11368 0 0 0 0.13471690578720885 0.13220183613375494 0.6331735359563837 -0.5931368527995032 -0.5653295283010349 -0.3532517749583414 -0.3895198114419292 -0.8994305588596357
204 11424 0 0 0 0.1347169428941889 0.13220183288952422 0.6331735974789835 -0.5931368265090916 -0.5653295186741842 -0.35325177366798416 -0.3895198821877658 -0.8994305182236911
205 11480 0 0 0 0.13471696026272045 0.13220183189670762 0.6331736233476528 -0.5931367843060571 -0.5653295054834427 -0.3532517733811141 -0.3895198872251415 -0.8994305136849188
206 11536 0 0 0 0.13471694874650206 0.13220183329450755 0.6331736020752334 -0.5931367704903446 -0.5653295021153636 -0.35325177402015756 -0.3895198446395424 -0.8994305369890857
207 11592 0 0 0 0.13471695308569642 0.13220183317372908 0.6331736078399309 -0.5931367527849573 -0.565329496745186 -0.35325177402531033 -0.38951983918256394 -0.8994305393306583
208 11648 0 0 0 0.13471697586057205 0.13220183142345152 0.6331736441561758 -0.5931367231131336 -0.5653294869045481 -0.35325177338185615 -0.38951986980745745 -0.8994305210106305
209 11704 0 0 0 0.13471698426335738 0.13220183053634993 0.6331736589523091 -0.5931367257045471 -0.5653294871990624 -0.35325177299632193 -0.3895198938763483 -0.8994305076395693
210 11760 0 0 0 0.13471699584352326 0.13220182970646377 0.6331736771653259 -0.5931367071406681 -0.5653294811933852 -0.35325177270216157 -0.3895199062552194 -0.8994304999786937
211 11816 0 0 0 0.1347169841263827 0.1322018301882626 0.6331736607600824 -0.593136745975665 -0.5653294930719415 -0.35325177278022213 -0.3895199126074504 -0.899430497951176
212 11872 0 0 0 0.13471697797444399 0.1322018306481969 0.6331736509750868 -0.5931367548055744 -0.5653294959658344 -0.35325177294744403 -0.3895199050659853 -0.899430502531803
213 11928 0 0 0 0.13471695637553074 0.13220183238026112 0.6331736160469356 -0.5931367790932943 -0.5653295041873283 -0.35325177360613763 -0.3895198723098394 -0.899430521840052
214 11984 0 0 0 0.1347169678212925 0.13220183109801595 0.633173636568216 -0.5931367868038704 -0.5653295057902382 -0.3532517730368996 -0.38951990897379274 -0.8994305016122862
215 12040 0 0 0 0.13471698919026806 0.1322018295070122 0.6331736704320234 -0.5931367559224904 -0.5653294956761362 -0.35325177246067646 -0.3895199349353056 -0.8994304858526186
216 12096 0 0 0 0.13471698985123384 0.13220182949598175 0.6331736712546413 -0.5931367528367688 -0.5653294947448397 -0.3532517724665701 -0.3895199337233841 -0.8994304864062619
217 12152 0 0 0 0.13471699764783315 0.13220182881168632 0.6331736841964968 -0.5931367473797847 -0.5653294927375716 -0.3532517721926035 -0.3895199486693402 -0.8994304778235498
218 12208 0 0 0 0.13471700112908566 0.13220182845442816 0.6331736902411071 -0.59313674791137 -0.5653294926986034 -0.3532517720404106 -0.3895199580934996 -0.899430472560801
219 12264 0 0 0 0.13471700949429566 0.13220182767162422 0.633173704382293 -0.5931367448305264 -0.5653294913474775 -0.3532517717174399 -0.38951997671861094 -0.8994304620139268
220 12320 0 0 0 0.1347170089655095 0.13220182781415654 0.6331737029819712 -0.5931367397453837 -0.5653294899038618 -0.35325177179338096 -0.3895199706015638 -0.8994304652392201
221 12376 0 0 0 0.13471700861181515 0.1322018277265533 0.633173703056071 -0.59313674669142 -0.5653294919350749 -0.35325177173379124 -0.3895199762138143 -0.8994304623730038
222 12432 0 0 0 0.13471701268161343 0.13220182726675242 0.6331737103657831 -0.5931367496721965 -0.5653294925745763 -0.3532517715295071 -0.38951998946550354 -0.8994304550703437
223 12488 0 0 0 0.13471700480622867 0.13220182789960724 0.633173697623193 -0.5931367584305315 -0.5653294955430015 -0.35325177177030914 -0.38951997743589284 -0.8994304621539838
224 12544 0 0 0 0.13471700610824233 0.13220182768053876 0.6331737003576698 -0.5931367634644463 -0.5653294969293406 -0.35325177166163935 -0.3895199854973903 -0.8994304578390248
225 12600 0 0 0 0.13471699581275345 0.13220182845456638 0.6331736839878168 -0.5931367779582644 -0.5653295016924087 -0.3532517719448826 -0.389519972612517 -0.8994304656280278
226 12656 0 0 0 0.1347169925896653 0.13220182866017385 0.6331736790682805 -0.5931367845770119 -0.5653295037870228 -0.35325177201141555 -0.38951997053154086 -0.8994304670559613
227 12712 0 0 0 0.13471699327215383 0.1322018285872046 0.6331736802633152 -0.5931367848621453 -0.5653295038327881 -0.35325177198020685 -0.38951997254334636 -0.8994304659409674
228 12768 0 0 0 0.134716987460205 0.1322018291265405 0.6331736704586148 -0.5931367872645664 -0.5653295048482809 -0.3532517722019407 -0.3895199598478268 -0.89943047314515
229 12824 0 0 0 0.13471699361637154 0.13220182846531178 0.6331736813431027 -0.5931367897905967 -0.5653295052411611 -0.35325177191261775 -0.3895199780542731 -0.8994304630503344
230 12880 0 0 0 0.13471699577769555 0.13220182838297592 0.6331736843371393 -0.5931367822161304 -0.5653295029291722 -0.3532517719014696 -0.38951997651032666 -0.8994304636157955
231 12936 0 0 0 0.13471700299002612 0.13220182800564378 0.6331736948987012 -0.5931367627411109 -0.5653294968932273 -0.35325177180249284 -0.3895199767973896 -0.8994304626832245
232 12992 0 0 0 0.1347169984924801 0.13220182837649658 0.6331736875671962 -0.5931367672326033 -0.5653294984412672 -0.35325177194595203 -0.3895199694430834 -0.8994304669802264
233 13048 0 0 0 0.1347170055987342 0.13220182786709417 0.6331736987249785 -0.5931367558248335 -0.5653294947470116 -0.3532517717654341 -0.3895199770200967 -0.8994304622870632
234 13104 0 0 0 0.13471699989061178 0.13220182814716672 0.6331736904687677 -0.593136772277513 -0.5653294998247117 -0.3532517718325884 -0.38951997776896174 -0.8994304625177366
235 13160 0 0 0 0.13471700662677635 0.13220182765641167 0.6331737010862427 -0.5931367619293985 -0.565329496458394 -0.35325177165730204 -0.38951998537908844 -0.8994304578463004
236 13216 0 0 0 0.13471700932162425 0.13220182734950883 0.6331737059474742 -0.5931367640312294 -0.5653294969189198 -0.35325177152028103 -0.38951999427841166 -0.899430452944958
237 13272 0 0 0 0.13471701328565971 0.13220182713565687 0.633173711781762 -0.5931367537197437 -0.5653294937156953 -0.3532517714624738 -0.389519994792567 -0.899430452248722
238 13328 0 0 0 0.13471701249595075 0.13220182725158883 0.633173710211318 -0.5931367516464432 -0.565329493158734 -0.35325177151830406 -0.38951999081563543 -0.8994304543954198
239 13384 0 0 0 0.13471700419192154 0.13220182793424137 0.6331736966878401 -0.5931367600289601 -0.5653294960423412 -0.353251771781741 -0.38951997732622534 -0.8994304622815028
240 13440 0 0 0 0.13471700047827043 0.13220182825507648 0.6331736905538429 -0.5931367629216325 -0.5653294970855658 -0.35325177190935686 -0.38951997048367487 -0.8994304662282996
