% # columns="iter, evals, sigma, 0, fitness, xbest" seed=976475, Tue Mar 25 04:29:24 2025, <python>{}</python>
1 56 0.4610606369764394 0 22.607649324153844 0.21084955274672676 -0.14431878506035492 -0.26889397272592136 -0.3238373572109042 -0.12321075077576946 0.4996110417559536 0.08119175172126239 0.33510473483953906
2 112 0.4546124234811898 0 21.443740592267062 -0.04402467405622465 0.196455838238531 0.09333992004406805 -0.31969327567656114 -0.27618263070511007 -0.4290935341491019 -0.392584250061248 0.4116221032899162
3 168 0.42352230344487174 0 21.497505724239133 0.2734004159992487 0.03757195375175128 0.25384700456201104 0.5203631687606888 -0.35063541792337616 0.06343001470085098 -0.3662385394539343 -0.13939748048710005
4 224 0.4357670412057383 0 21.27950249638947 -0.1848654696462287 0.08830045109051894 0.08132694399884649 -0.08634100632025801 -0.7918155812258287 -0.022189061529924538 0.034367148011372556 -0.11748240641576903
5 280 0.4330172057267372 0 20.54536845652726 0.3722937547972528 0.09960222379631532 0.15586140677712218 -0.2090950384258901 -0.13385160655080397 -0.41834881186458106 -0.1288484418340764 -0.008625507876971021
6 336 0.47858212442277703 0 20.70874368439914 0.24329691685615182 0.04387476843617121 0.01950505070757294 -0.5930915230067919 -0.5377883300590063 -0.47801506502983937 0.3452160484016122 -0.19271921007410425
7 392 0.4355068249669781 0 20.42649130356315 0.6075803091492731 0.058384302792271844 -0.12837980715861666 -0.24743040069422126 -0.5202331380552495 0.12464852540016996 0.11898510527588377 -0.4489391412428414
8 448 0.4319233564875716 0 20.252631682608726 0.22194925367098653 0.05102429053128012 0.49874924033749113 0.12953837523476433 -0.6829845102353777 0.03389431775893077 -0.2757702317678272 -0.27107698299468563
9 504 0.4353402179004077 0 20.380830167083165 0.2875505962573409 0.1725112518946001 0.21957819929317365 -0.4362576976669524 -0.571523355120599 -0.2763702788758353 0.10297688569175571 -0.25826049254084393
10 560 0.40094252970832467 0 19.92064598025713 0.6258556043499346 0.07700397441629178 0.05959310572010664 0.08967493010617972 -0.5818925768354084 0.07315825188828126 -0.20646163091892866 -0.28018372066909064
11 616 0.40029120650118444 0 19.333864367888324 0.46359007211613046 0.14676561781433192 0.4182400124411496 -0.35862037685838855 -0.6512487181113857 -0.34973015563692555 0.26183602451305266 -0.5883426967358496
12 672 0.4481277173782059 0 19.611090969671213 0.4745317656944089 0.08721634494038985 0.3274563146632444 -0.39826261057434115 -0.5951035442629207 -0.4296376294258343 -0.2375880943721792 -0.28772647452397476
13 728 0.46079089021808484 0 19.57027070939631 0.2811511780714779 0.10998880873000036 0.08855344501060786 -0.15711799469967636 -1.0042729157816521 -0.4005434010192106 -0.0762744102134435 -0.25004043448955166
14 784 0.42605003052961665 0 19.13992413085944 0.5163376269210943 0.12368319359752358 0.16008285521710375 -0.3210553344485442 -0.6904778707630075 -0.07465625565508285 -0.2396000746599607 0.12220952446440408
15 840 0.4778921761884682 0 19.82406189081779 0.5813163327387976 0.13320838221876244 0.20350944920042105 -0.7411465924783852 -0.4601545106868191 -0.09014356331403177 0.13373617196070192 0.0275788461522693
16 896 0.46897825939915694 0 19.725801265313745 0.48614682180182167 0.1519035841635367 0.23962498642759178 -0.340850774669312 -0.5782993378717179 -0.10647184957925868 -0.1203234693744488 0.033873134804803
17 952 0.41359150846624043 0 19.369703768028778 0.18297969756868765 0.16966129048250128 0.48772619034402065 -0.5864907007955316 -0.3070988207179655 -0.34238260564150036 0.10532666222051904 -0.18998321698658927
18 1008 0.39254137306287057 0 19.565707771334477 0.2782018089553274 0.21728028201819016 0.4719388068372967 -0.35712070330047163 -0.6904563145635115 -0.2797287107133236 -0.03128487767854346 -0.06875393430249636
19 1064 0.3921042251641762 0 19.589556630402036 0.5546506829215415 0.2007104539889038 0.17016947309435884 -0.5537999959190081 -0.37051617149743993 -0.34282059113071794 0.0012304094927399123 -0.43423508462967
20 1120 0.4043382422774736 0 18.9931991317368 0.3860397433047008 0.15245687805020486 0.37725687097557564 -0.3991526367642705 -0.5560486536834535 -0.3298608664989873 -0.2602587652161439 -0.2866908277130608
21 1176 0.4115263179474523 0 18.128802159487623 0.18325154625834605 0.1170494069049592 0.632184292000924 -0.5165185838461926 -0.5383036381780335 -0.3467800480620933 -0.3645823450244605 -0.7605831507259826
22 1232 0.391530806255031 0 18.500686984946256 0.6123421815590133 0.17330945406962434 0.05912187239391259 -0.2528225344793842 -0.9297015039858507 -0.3672792677199381 0.30756260918083467 -0.2543586275108446
23 1288 0.3847228796328563 0 18.94479864841498 0.5395241283553387 0.13141303498283924 0.164353259605715 -0.5226659380082537 -0.6397931122344975 -0.3722136096257561 -0.1218963113434176 -0.1525723998250507
24 1344 0.35936545767425837 0 18.67247284890589 0.32500596309979735 0.20068193179855143 0.4466899012583373 -0.5952199781534295 -0.5673012816923291 -0.3123458306851306 0.10178618126620416 -0.440341441976963
25 1400 0.3535309532228548 0 18.934165519417956 0.5668352206280403 0.15011780564680807 -0.049037141050601196 -0.18559471780959388 -0.8871327926351489 -0.3759387625323304 0.07658419636976099 -0.12745484722244532
26 1456 0.3444443569367255 0 18.741964843496866 0.4371162140647059 0.21124187992551785 0.32492574973238 -0.43951177376205997 -0.707421095693389 -0.3058196485216972 -0.13459275892926018 -0.25626922598315083
27 1512 0.3888533848081986 0 18.418741490993792 0.03140702877646562 0.1430379015308319 0.6857740968908073 -0.5725810503811741 -0.4877772837397894 -0.3443630564347192 -0.1636875524746111 -0.6949244710488028
28 1568 0.3853786916497192 0 18.221283259433054 0.040250046304755815 0.15784842710113653 0.6034208658600436 -0.47533557499036405 -0.6136770714226849 -0.3257919486494132 -0.24987103622424062 -0.7439002017069112
29 1624 0.35709691458543735 0 18.47650696876727 0.1917374640596684 0.18126003320137507 0.5071410017390602 -0.5638847012832154 -0.4963811421321388 -0.29552753093916606 -0.3641976814641143 -0.60994760908929
30 1680 0.3401505301736962 0 18.43999703744322 0.32472512187737185 0.1773315903329717 0.43030951241081333 -0.4380017471517402 -0.5938651574709215 -0.32369234356201293 -0.3915675746297959 -0.6517110639471573
31 1736 0.34058077995653085 0 18.14287746186023 0.1365371573064486 0.16771056284072866 0.5193842180303792 -0.5984389060365675 -0.6056978163563917 -0.34972034501997334 -0.17696342730264597 -0.7904957648649349
32 1792 0.3216381371655933 0 18.077786787909368 0.1695696857211029 0.15140658748593794 0.5620324155604548 -0.4842629274152112 -0.5685258664735343 -0.33627534822239274 -0.27759382071191185 -0.7949449538010491
33 1848 0.3093387710302339 0 18.09410807032046 0.15581531099280715 0.16823620543345333 0.6365005293620993 -0.7305946996976305 -0.4532385849425392 -0.30837459455615857 -0.2004421976445026 -0.744732448849738
34 1904 0.3114407678499755 0 18.159030538310343 0.1515083814297713 0.1842643196863005 0.6102963834380315 -0.5421344182161336 -0.4683123036818792 -0.30093079353453844 -0.45784769944953496 -0.8819815336780796
35 1960 0.33445899077622193 0 18.03651386069085 0.25257202157990766 0.1601585776471488 0.5229258040888833 -0.5452564433630946 -0.6100540308834878 -0.3472685838798285 -0.36566254520719843 -0.820312961292985
36 2016 0.31580655247035433 0 18.008712734907757 0.12929435441449302 0.1464683005880565 0.7024147232254594 -0.6078176388599972 -0.48117632072873195 -0.3167020237945991 -0.2607995972627343 -0.8456444904837176
37 2072 0.32933968862155494 0 17.967821380697227 0.16943918178282924 0.15593605469823146 0.6465386575521304 -0.6580545170737346 -0.4757947355909655 -0.31777222012804013 -0.48174893381175343 -0.8433518055257538
38 2128 0.2639939200035372 0 17.983099754384494 0.1699436020967682 0.13670511275776173 0.578655993549776 -0.6152223154621227 -0.4821940017554733 -0.3428407429871912 -0.4251157359966696 -0.815652674055434
39 2184 0.27819147754527934 0 17.866402748859613 0.13658567940302926 0.14470158197711294 0.5538098721700112 -0.5917837625248511 -0.6281966855963176 -0.3445503434243604 -0.32231389692089807 -0.7350658618998345
40 2240 0.2587323692363802 0 17.867161399768406 0.14234583547853946 0.1445771786784032 0.6348928021728317 -0.6538543070934898 -0.508371951377153 -0.3398694316095857 -0.3805882974207419 -0.892258003930847
41 2296 0.286397818691048 0 17.85292587285976 0.12709014705908786 0.13670940117231867 0.5971181929140035 -0.6243555165254058 -0.5759444375882239 -0.35784017077490654 -0.386981073888441 -0.9378050516341707
42 2352 0.2822477969245558 0 17.869510295241426 0.15602081363295794 0.13806593804909345 0.6374458500835982 -0.5795074090430804 -0.5561951732805464 -0.3324785819412012 -0.4366558470637213 -0.8447275582419116
43 2408 0.266981869539079 0 17.844150739896584 0.2109685462894687 0.1325370314605499 0.6141452430877814 -0.5920736483218002 -0.5293840143030667 -0.3413642663850304 -0.5106804403938727 -0.8984406176361568
44 2464 0.2521113739462217 0 17.86843240316744 0.048433414369740815 0.1488010583706193 0.6832165834025459 -0.6352499794286105 -0.5423391644785045 -0.3353135823327368 -0.3420881610464693 -0.9940463640556017
45 2520 0.2638040588148152 0 17.83040510891946 0.12088457630321807 0.1371161604423976 0.6342980576859715 -0.6389188007405869 -0.520180210446768 -0.339954324422932 -0.4268424126975812 -0.8817764911777365
46 2576 0.25115776080649266 0 17.856287172320755 0.12946816265558134 0.14478558492609955 0.6559575816919216 -0.5756888607381514 -0.5816177330738104 -0.3400753717405203 -0.27900425658607514 -0.8417791525401591
47 2632 0.22496898217309078 0 17.838249458939544 0.10859342357795743 0.1305505406015364 0.6467893266822471 -0.6378983030109245 -0.53778726275361 -0.3383348316855414 -0.3959071604324585 -0.9073410365330942
48 2688 0.26188132875295456 0 17.842293097145447 0.171575205953289 0.13891003843523184 0.621752010635001 -0.595479429960642 -0.5444760877940609 -0.352795275796808 -0.3831508869813491 -0.9304637897054053
49 2744 0.2589236729113581 0 17.80924300524504 0.04455170848047084 0.13744738461003203 0.6397052569050481 -0.6092531228165221 -0.585130494383599 -0.34745453866556436 -0.3619427218168353 -0.9571420415626566
50 2800 0.25589405814260346 0 17.81930482456028 0.10319708880222264 0.13474456241272975 0.6378945303084235 -0.6401390630435326 -0.5502407093529076 -0.344593132791436 -0.41411224697242766 -0.8803359554689578
51 2856 0.23583098158169244 0 17.825907579107927 0.05764139132470451 0.13267449786045407 0.6302174159541946 -0.6470748163309595 -0.5443473976599903 -0.33972711918524673 -0.3898832196814794 -0.8817317327425066
52 2912 0.23423450750455213 0 17.81529877441428 0.05421567609869196 0.13097007608171518 0.6365932237745954 -0.592902544601284 -0.6057076368429531 -0.35653972919282756 -0.31944521802456205 -0.9017166499307929
53 2968 0.2397100441117265 0 17.819758202587924 0.09333500978209852 0.13227701215177015 0.6637061869753101 -0.5885767789015584 -0.5608859538633826 -0.33618083770600604 -0.42916111919042177 -0.9380230884612828
54 3024 0.24237108912282487 0 17.815748568542265 0.09020749352252813 0.13748265284424688 0.6351161308485767 -0.6505365457815643 -0.5379765743722568 -0.337846436777587 -0.42442470915753416 -0.9089546577172337
55 3080 0.23373585885622203 0 17.813328965393364 0.11659319378712672 0.13111289381391175 0.6410740254825492 -0.6015275211393329 -0.5674284396439498 -0.3479749926365278 -0.45020718981385094 -0.9624936917903166
56 3136 0.22199116138784938 0 17.79519506751119 0.10738538929759653 0.13277462740302134 0.6309830537316423 -0.5983136851879247 -0.585206375812328 -0.35229307713184416 -0.3987953586528526 -0.9330301645308359
57 3192 0.23812634174222427 0 17.785868338250946 0.09354561026781245 0.13137022381653204 0.6469042358827157 -0.6055356053835101 -0.5696617088424307 -0.3478477858456142 -0.4074732559603448 -0.9326224858886144
58 3248 0.2425158081648959 0 17.795641585125082 0.1305730626899836 0.1336747049144357 0.6245763565658691 -0.6053466754804077 -0.5693115484268283 -0.3531091469623265 -0.37559047452960503 -0.8949570816108805
59 3304 0.212422142625363 0 17.783580127511012 0.14675395492624765 0.1338617648907974 0.6297129084570374 -0.5921545179395287 -0.5631478911840606 -0.3569134561367823 -0.37433147771123776 -0.9026762389923481
60 3360 0.19879540091899264 0 17.770024515182108 0.07922231324345136 0.13297447425291734 0.6311890278567249 -0.6101755930963819 -0.5780479503070497 -0.34524689355415206 -0.41775959622923536 -0.931643654037393
61 3416 0.17406209992021904 0 17.770476924090687 0.09999286222326143 0.13487764808120595 0.6323977024572591 -0.6116159415532466 -0.5680650707764789 -0.350887146704411 -0.3794770103966131 -0.9077582354807048
62 3472 0.1667791259466822 0 17.767265211150992 0.12943137522267287 0.13074218217244307 0.6069098392536875 -0.6037629112410501 -0.5705012413139348 -0.3520752998904021 -0.42140375961601706 -0.892724663875803
63 3528 0.16866910698884222 0 17.767328035372035 0.1410312357869854 0.13146740641856242 0.6255348331305574 -0.5964008044422971 -0.5621906451917755 -0.35485365900916455 -0.3836944237924481 -0.8942902088707215
64 3584 0.15309550572245134 0 17.761972499794343 0.09131805206970323 0.1331830520774573 0.6237960404889881 -0.6125104173568051 -0.575258216895009 -0.34904185474986343 -0.39227105629120196 -0.9101922387235691
65 3640 0.15344350936159623 0 17.765232731500202 0.12232295161891024 0.13173129657103375 0.6421173379210876 -0.598449186451833 -0.562426324927412 -0.3524657339253207 -0.3628697714232672 -0.8943696333818967
66 3696 0.13839095376537125 0 17.76322519399352 0.13705906200480736 0.1315189634842463 0.6384892893045536 -0.5869962075020546 -0.5667423087780973 -0.3526332106674381 -0.40403272269864665 -0.9013131539026983
67 3752 0.13778170075226073 0 17.7623410034634 0.0849938693484416 0.13377676398304622 0.6204706475735342 -0.6151638636398522 -0.5793400043451506 -0.34570067808564914 -0.4261057026409793 -0.9217085131312784
68 3808 0.12013304173492828 0 17.759605005052816 0.14236069589561431 0.13178310641335747 0.6425569934281857 -0.5819311195964175 -0.5678374245200082 -0.35500305567726836 -0.378060493068649 -0.9015299080906399
69 3864 0.11510771438328964 0 17.76199581400069 0.11848473442166121 0.13294379703463824 0.6315687494214401 -0.5975955840823174 -0.5690505474358372 -0.3504583491410781 -0.3959332601105313 -0.916266818110299
70 3920 0.11091370127517618 0 17.75909466596644 0.14867750115264025 0.13232227568430005 0.6318200663355278 -0.5851205227708206 -0.5689650429467072 -0.3559946986314658 -0.38173841220468957 -0.9041270514562455
71 3976 0.10007764541993157 0 17.758659302368706 0.12213720831645945 0.13231931131113348 0.6256793046374214 -0.6049027296994485 -0.5676299915025482 -0.35166084855271723 -0.39751165264942523 -0.9002052267660736
72 4032 0.091169421474717 0 17.75736632586547 0.11957231399786702 0.13274672260989748 0.6385388060728149 -0.5966183015987546 -0.5707260321742252 -0.3515480062077429 -0.3873891329394539 -0.9116953004254352
73 4088 0.08435350719648603 0 17.75421008581905 0.13036889303707783 0.1323673301483432 0.6323129215271155 -0.5972093590102131 -0.5658911107540888 -0.3532033877936846 -0.38278092789702145 -0.9001397371306388
78 4368 0.07457809320386008 0 17.7550536463165 0.12767521244276508 0.13225673362875093 0.6304476795578522 -0.6006266921216398 -0.5645334766121151 -0.3526527659595263 -0.3859575562483893 -0.8959414004171246
79 4424 0.07064542627277182 0 17.754347434050658 0.13244758192681647 0.13234649559139983 0.6347838960340582 -0.5925151400944948 -0.5659276870224265 -0.35359856434638376 -0.3799752347648696 -0.9013687202349443
80 4480 0.06359666282475517 0 17.75400553145896 0.13441901350868768 0.132127479570642 0.6362614330236241 -0.5926741577091977 -0.5648562992695129 -0.3529680983746768 -0.38869297561789484 -0.9000780349041736
81 4536 0.0615037531280507 0 17.753550217513663 0.13487865851663672 0.1323533800901741 0.6347218737149599 -0.5927509508947716 -0.5655638935956421 -0.35357894863673267 -0.38595753698886276 -0.8998297012750129
82 4592 0.05942433489526033 0 17.753416089987585 0.13496907004863515 0.13199460839794597 0.6336550119329891 -0.5939087254198916 -0.5645506330104357 -0.35299301941985955 -0.3906792061052296 -0.8981387716217863
83 4648 0.05594048167452567 0 17.753230718800893 0.13400699768107252 0.132284842251474 0.6358528750583408 -0.5924956474040787 -0.5652580593520453 -0.35327667361021403 -0.3866057141993852 -0.8999218283414099
84 4704 0.05506815653404205 0 17.75317623109655 0.1318486706442393 0.13215297502761686 0.6327846770580574 -0.595278119809661 -0.5657339969949139 -0.3528798981717979 -0.39079021950112197 -0.898856937535915
85 4760 0.05100066669393958 0 17.753353905821125 0.1307926146356762 0.1323696300418694 0.6323614704396867 -0.595388690016067 -0.5667324306996271 -0.35296428960800513 -0.38898096143767763 -0.9015796979852719
86 4816 0.04935787619143289 0 17.753077380259985 0.13492977889797722 0.13219585905905787 0.6330426339421829 -0.5935130504083909 -0.5660481371348285 -0.3533137075536616 -0.3897631597694489 -0.9001176678551649
87 4872 0.04266869154868005 0 17.752720913726844 0.13449583272774093 0.13221030008743656 0.6330120800406779 -0.5942398067046397 -0.5654566426587586 -0.35325064879117524 -0.38952966249973103 -0.8990294440784974
88 4928 0.04063602891444233 0 17.75289334224568 0.13345893473377848 0.132349080865264 0.6332979397976548 -0.5933302513746476 -0.5658897887911428 -0.35341193497837375 -0.3855939269835439 -0.9008525247071077
89 4984 0.040977345524438456 0 17.752855702011374 0.1344926756786381 0.1322129192224637 0.6332906726729692 -0.5930262015570672 -0.5650533661944894 -0.3532112192661252 -0.3880420672062812 -0.8998254237758818
90 5040 0.033382771696477596 0 17.752931478009486 0.13535369840289083 0.13209736634418906 0.6330297541193595 -0.5924693507178516 -0.5648382427970078 -0.35313542729673214 -0.39035388728148207 -0.8992220194472973
91 5096 0.02954678737752362 0 17.75264468380466 0.13382430321450708 0.13227561384695782 0.632968927869698 -0.5934894367102655 -0.5655425425761801 -0.3532776457584093 -0.3874594278247989 -0.9002467789303623
92 5152 0.02922022925324859 0 17.752663042579577 0.13397929740694747 0.1322034177941628 0.6329274256349873 -0.5931411259789172 -0.5652504322361206 -0.35315195722285947 -0.3887478825568333 -0.8999390151334898
93 5208 0.02716640038360685 0 17.752557423471547 0.13477078276630391 0.13223868133280903 0.6327223050480947 -0.5931532825735066 -0.5655550988761908 -0.3533013969238721 -0.3890867903254147 -0.9001200403587127
94 5264 0.024316697241252582 0 17.752641342005024 0.1343274873811005 0.1322643924392144 0.6318452853579215 -0.593775951900774 -0.5657023794994204 -0.3533110006427236 -0.3884333616786622 -0.9003779543058573
95 5320 0.025882126988009922 0 17.75252911086123 0.13487492793734204 0.13217690460297846 0.6333051190352561 -0.5932920092495702 -0.5653947580311288 -0.353234150644509 -0.39010622162438235 -0.8992805915672671
96 5376 0.023688458837267005 0 17.752490390243487 0.13417207024268196 0.13224043273938638 0.6326186499008588 -0.5935349602477323 -0.5654141177489652 -0.35325304312557826 -0.38861478507633923 -0.8998127588111702
97 5432 0.021171915834091504 0 17.75258176951513 0.13392578961819582 0.13222483720009742 0.6325834198567832 -0.5939424936213309 -0.5656014147253503 -0.35321696144330184 -0.3888136807571591 -0.8998526011266038
98 5488 0.01861991535314775 0 17.752468346676153 0.1343807899056232 0.13222890844245996 0.6328889814273922 -0.593500476705732 -0.5654660742833865 -0.35327359781201617 -0.388847474489801 -0.8996612471984592
99 5544 0.015675755357081118 0 17.75250987511067 0.13393493931316483 0.13223181571534542 0.6329178004230261 -0.5936296617346137 -0.5654867441089665 -0.35321013598973694 -0.38882502929730145 -0.8997891095780437
100 5600 0.014646333732001814 0 17.75248396414184 0.13445111200611928 0.13223206597786336 0.6328249229772295 -0.5934171757031584 -0.565506967111431 -0.35325287427590857 -0.38905748253913786 -0.8999255940559389
101 5656 0.015972194112462684 0 17.752437709720212 0.1344131347738293 0.13222947834800777 0.6327004634384532 -0.5934838293641943 -0.5654806927180281 -0.35326249371515145 -0.3890483196054241 -0.8997900567573887
102 5712 0.015846548431081905 0 17.752472377323656 0.1346275381660774 0.1322113913642691 0.632894274584546 -0.5934962901367524 -0.565456967785894 -0.3532740127228967 -0.3892676169047033 -0.8995237908682439
103 5768 0.016248630212878958 0 17.75246719528399 0.13449156583518102 0.13222202366553162 0.6327691516017325 -0.5934398207408037 -0.5654531866941633 -0.3532641172504677 -0.3890809358368446 -0.8997360657183632
104 5824 0.01571419626476557 0 17.752457672951678 0.13459053708459118 0.13219975306534015 0.6329404288884742 -0.5934006514798146 -0.5653385580188672 -0.3532393946190735 -0.3893705344858168 -0.8994395449480542
105 5880 0.015115855680786341 0 17.75243350816075 0.1343453722576695 0.1322255568034336 0.632787203802049 -0.5935065049889486 -0.5654357871944806 -0.3532444992842004 -0.38911941929322014 -0.8996696894622568
106 5936 0.014302310130405919 0 17.752423931403225 0.13452196759017865 0.13221511153457918 0.6329989342137308 -0.5932963145949359 -0.5654046987222733 -0.35324412508235714 -0.3893457507942432 -0.899619075480876
107 5992 0.013415706299771403 0 17.75242956023685 0.13446013087432876 0.13221148153869475 0.6328177944639451 -0.5934289757059971 -0.5653784123877361 -0.35323991819499473 -0.389234608336986 -0.8995798057445596
108 6048 0.012799180296600102 0 17.752421459660912 0.13456438665074952 0.13221332001054184 0.6330363528626022 -0.5933455885625986 -0.5654061554610482 -0.35325559763437137 -0.389284194969173 -0.8995505053906834
109 6104 0.013204756018988252 0 17.75242317900373 0.13447968362593468 0.13221526697041677 0.6327415073985185 -0.5934100740031633 -0.5653996328546006 -0.3532531489331962 -0.3891896809387711 -0.8996174496539787
110 6160 0.012510022044657431 0 17.752417965598088 0.13466122242739145 0.13220698351659516 0.63312432457951 -0.5931281063085122 -0.5653413784762568 -0.3532549083437441 -0.3894220888141734 -0.8994835085503123
111 6216 0.010619941836396056 0 17.752408004086107 0.13450340423565396 0.13221679431145006 0.6329095719825827 -0.5933909755277511 -0.5654031021484266 -0.3532518915660566 -0.3892758103473692 -0.8995684137627695
112 6272 0.009815729456426612 0 17.752407550299193 0.13455683475260305 0.1322090265590627 0.6330077589195041 -0.593362282906669 -0.5653988310360053 -0.3532451482629064 -0.38945703245281366 -0.8995006889421786
113 6328 0.011097365486111857 0 17.75240651625901 0.1347714292289458 0.13220340730484023 0.6331360416790158 -0.5930743340237457 -0.5653230958301187 -0.3532582946769114 -0.38949871572867456 -0.8994757647861813
114 6384 0.010343059931238843 0 17.752404461283355 0.1347028431969614 0.1322038511342177 0.633113542053855 -0.5932297393209239 -0.5653572789266255 -0.3532532915544243 -0.389511213583503 -0.8994468510698334
115 6440 0.009980193580579567 0 17.752406819247305 0.13468964992539087 0.13219840489654996 0.6331837266262955 -0.5932527611039163 -0.5653456793517841 -0.35324710838440027 -0.389597362769257 -0.8993513621426682
116 6496 0.00940254435594293 0 17.75240217204857 0.13469760625002514 0.13220211508266555 0.6331340440962614 -0.5933320366186184 -0.565392700436003 -0.3532544054136705 -0.38961099650211944 -0.8993838930718279
117 6552 0.010166893119041334 0 17.752398566016186 0.13474251149440225 0.13220094076699812 0.633181989754113 -0.593126734502853 -0.5653299338254131 -0.353252547096865 -0.3895448208842323 -0.8994287913059633
118 6608 0.009226421555122917 0 17.752400387271788 0.1348443228906338 0.1321907953387548 0.6333538685857274 -0.5930238368584965 -0.5652823871226115 -0.35324766393837387 -0.3897305521153176 -0.8992992589776492
119 6664 0.008694280528958617 0 17.752397928044147 0.13472927817560004 0.13219835527377088 0.6331854682057537 -0.5931703850801596 -0.5653283381758492 -0.3532495051856698 -0.3895858665237464 -0.8993828501952351
120 6720 0.007855089577504219 0 17.752395502627696 0.13473571984737379 0.13219929183599424 0.6332265057045111 -0.5930860073213673 -0.5653105993997246 -0.35324916670862044 -0.38955028574782063 -0.8994062226763049
121 6776 0.007951967848751991 0 17.752397128668342 0.13479242041775752 0.13219812177890974 0.6332630883368126 -0.5930757019042775 -0.5653180017820901 -0.3532538945554618 -0.3896024511624001 -0.899390383503368
122 6832 0.007577064814134517 0 17.752396100995487 0.1347548565102025 0.13219902184316443 0.6332466163066206 -0.5931403925879651 -0.5653351717227248 -0.3532509632323765 -0.3896177889712553 -0.8993838595380576
123 6888 0.006718404779252334 0 17.752394558887 0.1347209687417421 0.13220209180010753 0.6331726870470218 -0.5931547591206774 -0.5653400467551466 -0.35325271343724474 -0.38953840273808205 -0.8994293211745126
124 6944 0.0058725688986741445 0 17.752393544202533 0.1347806725784211 0.1321971908355682 0.6332818552047168 -0.5930680043023727 -0.5653097987650498 -0.35325068419743755 -0.3896090857262682 -0.8993783949916154
125 7000 0.006035141792800888 0 17.75239428727103 0.13476237413958128 0.13219765480554338 0.6332418709426206 -0.5930794449064798 -0.5653063602364113 -0.3532492944982952 -0.38958039136155387 -0.899392971829844
126 7056 0.00577619052856897 0 17.75239360370393 0.1347677081376465 0.1321976977386253 0.6332606435909619 -0.5930953278239328 -0.5653183655199535 -0.3532504201972302 -0.38961466463570577 -0.899380293982153
127 7112 0.005273470741395662 0 17.752393675258986 0.13474127628086266 0.1321994087768901 0.63321376429338 -0.5931419361448681 -0.565330003574728 -0.3532510501503342 -0.38958145020873214 -0.8993972767596224
128 7168 0.004772873140257139 0 17.75239348619413 0.13473388032243674 0.13219897163745853 0.6332286029822769 -0.5931110980977771 -0.5653169331258667 -0.35324825431068413 -0.38957613337833447 -0.8993972509508946
129 7224 0.004575443573309182 0 17.752392178803465 0.13472918826520364 0.13220039904092043 0.6332004723716568 -0.5931428425240697 -0.5653313801279265 -0.35325081193499214 -0.38955955318380814 -0.8994105338221814
130 7280 0.004182153723873428 0 17.752392080409106 0.13471899231776718 0.1322007581752563 0.6331883964641353 -0.5931443162200943 -0.5653308505361866 -0.3532506317542605 -0.38954430401175144 -0.8994161404735643
131 7336 0.003878528315355755 0 17.752392345793893 0.13471445012899683 0.13220151229854643 0.6331786010576205 -0.593130953860776 -0.5653255535797407 -0.35325076874016037 -0.38951970495101973 -0.89942903488174
132 7392 0.003766185940251674 0 17.752392288198667 0.13473302647764124 0.1321996613468313 0.6332083630905964 -0.5931363408798928 -0.565327091448448 -0.353249921258314 -0.38957161182418365 -0.899402746916127
133 7448 0.0036544090148236535 0 17.7523915840027 0.1347566801209616 0.1321981347159886 0.633242678706397 -0.593099542731865 -0.5653148714065886 -0.3532499273860803 -0.38959133311483357 -0.8993868657952594
134 7504 0.003695966165047325 0 17.752391583024068 0.13475794953487424 0.13219794335732069 0.6332409700438122 -0.5931139317161442 -0.5653202587838676 -0.35325006839355727 -0.3896064663021127 -0.899381649502653
135 7560 0.0031224298646411876 0 17.75239149972685 0.13474725387174472 0.13219936306012622 0.633222103564392 -0.5931111753481042 -0.5653212529104745 -0.3532507740791325 -0.3895751222627781 -0.899401221095346
136 7616 0.0029752985914559315 0 17.752391088234234 0.1347103851134924 0.1322020268150601 0.6331657370659337 -0.5931537209495357 -0.565334347617322 -0.3532516701210414 -0.3895204067408386 -0.8994302769507594
137 7672 0.002646907567050745 0 17.752391326731164 0.13472655582755486 0.13220051191000512 0.6331886032435569 -0.5931594383242342 -0.5653351879926095 -0.3532511955481946 -0.38956361701358433 -0.8994073034969374
138 7728 0.002447440760855689 0 17.752391114155884 0.13473782811820312 0.13219989892972067 0.6332133131010108 -0.5931162480483321 -0.5653224180277927 -0.3532506912904765 -0.38955957769409766 -0.8994078365534887
139 7784 0.0025672126743395054 0 17.75239084582778 0.1347367678326294 0.13219992167539585 0.6332072644892254 -0.5931271223803294 -0.565325361423935 -0.3532509302334321 -0.3895628804632269 -0.89940577926293
140 7840 0.0024050487840914427 0 17.752390869650448 0.13471443607257064 0.13220180385405986 0.6331715152599858 -0.5931544211121375 -0.5653353084418292 -0.35325173696789813 -0.38952998151093277 -0.8994263608978601
141 7896 0.00256533773658085 0 17.75239084317013 0.1347200566234654 0.13220115097984123 0.6331845447992875 -0.5931448920166881 -0.5653311925012617 -0.35325112862527536 -0.38954070752004677 -0.8994188677463326
142 7952 0.002628819166786426 0 17.752390797924058 0.13470826673562913 0.13220227077405994 0.6331627215686989 -0.5931508330894704 -0.5653334048590688 -0.35325170700333075 -0.3895136075187276 -0.8994337661035277
143 8008 0.002535630437822248 0 17.75239081706123 0.13473387873794399 0.1322000796008523 0.6332042283453029 -0.5931341328699455 -0.5653274029089838 -0.3532508940882367 -0.3895631381102772 -0.89940582566906
144 8064 0.002270672543636976 0 17.75239071423095 0.1347174305025772 0.132201552380977 0.6331772602202578 -0.5931428612116871 -0.5653308480846153 -0.3532514993243985 -0.389528899327206 -0.8994250953105378
145 8120 0.002514374039418724 0 17.752390692496437 0.13471530845424656 0.1322020899892727 0.6331709797586986 -0.5931334282845674 -0.5653286939593308 -0.35325190856939503 -0.38951208645031 -0.8994346790304282
146 8176 0.002256680234411338 0 17.752390701030418 0.13471605462405217 0.13220172752464138 0.6331738575818772 -0.5931512577817679 -0.5653340028376546 -0.3532517616098042 -0.38953000090835144 -0.8994251984636328
147 8232 0.0018077548153914028 0 17.75239065257624 0.13471707307156888 0.1322017017416462 0.6331751823466873 -0.5931425740530768 -0.5653312037455733 -0.353251680675018 -0.38952615596109574 -0.89942722661845
148 8288 0.0018475652676804024 0 17.752390591264007 0.1347152828467657 0.13220181460614575 0.6331723683336206 -0.5931462181641796 -0.5653324038677788 -0.3532516833590911 -0.38952539244475803 -0.8994281112982537
149 8344 0.0017568395879223849 0 17.752390539621498 0.1347168695946222 0.13220185440633764 0.6331736688861256 -0.5931354197945911 -0.5653290964607632 -0.3532517606639695 -0.38951884928824565 -0.8994310992681358
150 8400 0.0016505063842817312 0 17.752390564678976 0.1347123735193587 0.13220210320598594 0.633166538057745 -0.5931456429268033 -0.5653320803595513 -0.3532518388666877 -0.3895164178808118 -0.8994324484225749
151 8456 0.0016736979282402959 0 17.752390562431717 0.1347191440814746 0.13220160952550067 0.6331773618130594 -0.5931355203390131 -0.5653289708684793 -0.35325166051890095 -0.3895247653074425 -0.8994277764443669
152 8512 0.0015377324078977663 0 17.752390534684103 0.13471236600742287 0.13220209305465205 0.633166634196156 -0.5931473650878735 -0.5653327950041016 -0.3532518361691561 -0.3895180930323872 -0.8994320100029305
153 8568 0.0014356380699854683 0 17.75239053222593 0.13472634891235183 0.13220110039754568 0.6331886274373527 -0.5931256041792548 -0.5653257551222199 -0.35325150989646764 -0.38953321238046884 -0.8994225546703807
154 8624 0.0012231947493848835 0 17.7523905304131 0.13472126495480238 0.13220135330526478 0.6331811398186916 -0.5931395418149037 -0.5653301145209121 -0.3532515801260784 -0.38953332064772916 -0.8994230982668874
155 8680 0.0011935866861506321 0 17.752390536576733 0.13471655077147773 0.1322018945781778 0.6331726748754818 -0.5931351886443872 -0.5653290881150171 -0.35325181043321086 -0.38951726629748823 -0.8994319440651523
156 8736 0.0012158469136963961 0 17.752390532670244 0.1347192771252079 0.13220173018254222 0.633176926057879 -0.5931278663758501 -0.5653266945240227 -0.35325172801613725 -0.3895179074491322 -0.8994312214241835
157 8792 0.00110580393811095 0 17.752390517291325 0.13471394917739 0.13220211460551293 0.6331686279297055 -0.5931384387043276 -0.5653302485757736 -0.35325189219298037 -0.3895136162333479 -0.8994342475940946
158 8848 0.0010415573528011987 0 17.752390496090033 0.1347168384275039 0.13220183183954543 0.6331735388647591 -0.5931370470771286 -0.5653295806380926 -0.3532517608092877 -0.38951993924477524 -0.8994305302641432
159 8904 0.0008884408076739747 0 17.752390496223633 0.13471721741565174 0.13220176627457075 0.6331744409463249 -0.593138388808847 -0.5653299253346951 -0.35325172628886775 -0.38952232486502225 -0.8994291855417288
160 8960 0.000817258667669909 0 17.752390488772924 0.1347210887102185 0.1322015121843272 0.6331803294858184 -0.5931318902141294 -0.565327908501351 -0.35325165638800077 -0.389525857362203 -0.8994270271064293
161 9016 0.0008644425415327725 0 17.752390480078937 0.1347196654618076 0.13220162062549243 0.6331778816072791 -0.59313387061163 -0.5653285267914164 -0.3532516993778579 -0.38952396194221156 -0.8994281445525908
162 9072 0.000889383592406922 0 17.75239048584685 0.13472045457195478 0.13220146837905505 0.6331798150865915 -0.5931369514968069 -0.5653293377788946 -0.35325160597105976 -0.3895292573996179 -0.8994252669943569
163 9128 0.0007767609313893817 0 17.75239048032394 0.13471021761576965 0.1322023788443113 0.633162706893817 -0.5931438530982053 -0.5653319304228708 -0.3532519814417794 -0.3895092153087775 -0.8994367838649171
164 9184 0.0006974615099409149 0 17.752390479540292 0.13471752865678388 0.13220178429388624 0.6331746020176338 -0.5931359242852879 -0.5653292219118116 -0.35325174934732934 -0.38952063963511513 -0.899430069003587
165 9240 0.0006463584784525485 0 17.75239047446052 0.13472059331027453 0.13220155020301633 0.6331793968486403 -0.5931324344755439 -0.5653280498554848 -0.35325167429309756 -0.389525023633193 -0.8994274518707901
166 9296 0.0005528579404269975 0 17.7523904702196 0.13471447493217326 0.13220199136191346 0.6331698637394438 -0.5931416821554927 -0.5653310506229955 -0.353251821551242 -0.38951811438652695 -0.8994316880139047
167 9352 0.0005600190286584702 0 17.752390468898255 0.1347218459735896 0.1322014567485373 0.633181447057059 -0.5931304073489024 -0.5653273990884243 -0.3532516327430798 -0.3895264748456371 -0.8994265979398192
168 9408 0.000566186033674461 0 17.752390466291757 0.13471663594871813 0.13220185884206068 0.6331730676898731 -0.5931372274114647 -0.5653296546051614 -0.3532517866542539 -0.38951939739065633 -0.8994307999450679
169 9464 0.000562939106859859 0 17.7523904655534 0.13471847224683864 0.13220169678280172 0.6331761721146347 -0.593135839667839 -0.5653291564420517 -0.3532517166555774 -0.3895229373505641 -0.8994287913160928
170 9520 0.0005509847784593809 0 17.752390462718573 0.13471733606867506 0.13220176581333892 0.6331744394547418 -0.5931383408361702 -0.5653299370598557 -0.3532517393976917 -0.38952233641566886 -0.8994292093106926
171 9576 0.00046060110999087957 0 17.7523904629499 0.13471882821444378 0.13220165536582051 0.6331768337043495 -0.5931360281693723 -0.5653291763678945 -0.35325169695420017 -0.3895240443482177 -0.8994281488635335
172 9632 0.0004577955476966433 0 17.752390462080125 0.1347154472255608 0.13220194376423117 0.6331712530806366 -0.5931389608237293 -0.5653302186691544 -0.3532518128907595 -0.38951806432599445 -0.8994316168097787
173 9688 0.00043013626407960754 0 17.752390462918225 0.1347169750084508 0.13220183382634165 0.633173654120026 -0.5931364581896027 -0.565329403168356 -0.35325177277766767 -0.3895196646332669 -0.8994306164375773
174 9744 0.00038557169960839934 0 17.7523904607178 0.13471493476249177 0.132201997588255 0.6331703339111261 -0.5931388543459273 -0.5653302138112872 -0.3532518367691132 -0.3895166191582097 -0.8994324216195267
175 9800 0.00038166936673128787 0 17.75239046043535 0.13471631009397309 0.1322018921201835 0.6331725253314288 -0.5931370907566842 -0.5653296297261773 -0.3532517983659939 -0.3895184891046846 -0.8994313075437222
176 9856 0.00037454106158124975 0 17.752390459525984 0.1347161516832232 0.1322018962822727 0.6331723192664267 -0.5931377209981965 -0.5653298208843811 -0.3532517980562581 -0.3895186838374344 -0.8994312221840071
177 9912 0.00034124490091899223 0 17.752390461226803 0.13471621558867333 0.13220189017225253 0.6331724712467542 -0.59313754266949 -0.5653297609181407 -0.3532517921043791 -0.3895187454523184 -0.8994311779995656
178 9968 0.0003420019684425671 0 17.752390460158455 0.13471638092752794 0.1322018640866362 0.6331727787605228 -0.5931381840940319 -0.5653299416656393 -0.3532517810748663 -0.3895197343501687 -0.8994306574388802
179 10024 0.0003452372891445227 0 17.75239045989608 0.13471522541653408 0.13220195906570212 0.6331708903069813 -0.593139356496757 -0.5653303435887495 -0.35325181820306323 -0.3895178573501957 -0.8994317521755725
180 10080 0.0003062701500483819 0 17.75239045885707 0.13471609393755238 0.13220190628303757 0.6331721893539737 -0.5931374913970836 -0.5653297584633364 -0.3532518030379649 -0.3895183182610368 -0.8994314214849582
181 10136 0.0002696909186267308 0 17.752390458839585 0.13471664871776276 0.13220182640251685 0.6331732833849556 -0.5931388465780045 -0.5653301192495914 -0.35325176457556845 -0.38952101987932913 -0.8994299604139901
182 10192 0.00024198994368266862 0 17.752390458921845 0.13471643200360742 0.13220186644068085 0.6331728208901807 -0.5931378013148834 -0.5653298296311197 -0.3532517841062475 -0.38951949443670825 -0.8994307773139916
183 10248 0.0002416879964371039 0 17.75239045856998 0.13471754872252006 0.13220178860014078 0.6331745562352253 -0.5931358876187254 -0.5653292122164405 -0.3532517575284056 -0.3895205624589494 -0.899430098486925
184 10304 0.00023032105439904695 0 17.752390458448954 0.13471665927812473 0.13220185638285814 0.6331731340530016 -0.5931370909713563 -0.5653296104087872 -0.3532517825599869 -0.3895194032851269 -0.8994307972261425
185 10360 0.00020859107157389573 0 17.752390458037265 0.13471611909022235 0.13220189255581413 0.6331723024341973 -0.593138121816365 -0.5653299400309163 -0.35325179500812465 -0.38951897784265604 -0.8994310771895934
186 10416 0.0001843536586765633 0 17.752390458148227 0.13471772043251765 0.13220176796445707 0.6331748660485207 -0.5931361032837585 -0.565329267005521 -0.35325174860670927 -0.3895211992950853 -0.8994297523136161
187 10472 0.00017216960391326928 0 17.752390457858482 0.13471628964531396 0.1322018765078621 0.633172590625312 -0.593138062658443 -0.5653299132163454 -0.35325178825743303 -0.3895193622994353 -0.899430859878597
188 10528 0.00017609284363055892 0 17.75239045795537 0.13471660318520154 0.13220186520353397 0.6331730248641672 -0.5931369080220003 -0.5653295603907361 -0.35325178682471414 -0.3895190894851592 -0.8994309642245947
189 10584 0.0001589195393157947 0 17.75239045782536 0.1347171384681841 0.1322018233759624 0.6331738795250141 -0.5931362575440431 -0.5653293427816147 -0.3532517714025071 -0.38951985024463937 -0.8994305130183455
190 10640 0.00014083578148979534 0 17.752390457683433 0.13471635650029576 0.13220187482721574 0.6331726804949125 -0.593137759726328 -0.5653298205999627 -0.3532517882299041 -0.38951925448037816 -0.8994309061937265
191 10696 0.00013559523570758663 0 17.752390457606918 0.13471696256770815 0.13220183216442044 0.6331736249130304 -0.5931367622404364 -0.5653294996209982 -0.3532517736503771 -0.38951987157275936 -0.899430522510055
192 10752 0.00012937975554127895 0 17.752390457590337 0.13471661333692425 0.1322018591015387 0.633173065736417 -0.5931372098613096 -0.5653296479281732 -0.35325178354636966 -0.3895193949120524 -0.8994308069922541
193 10808 0.00011468141516775365 0 17.75239045758085 0.13471665870248206 0.1322018535846141 0.6331731509505462 -0.5931372599072415 -0.5653296596292299 -0.3532517809400948 -0.3895195601845298 -0.8994307158665906
194 10864 0.00011258482326441209 0 17.752390457522555 0.1347166215006394 0.13220185347234423 0.6331731057295615 -0.593137478242603 -0.5653297247010107 -0.353251780297514 -0.3895196672756053 -0.8994306641393265
195 10920 0.00011623927305532661 0 17.75239045745789 0.13471667916244934 0.13220185220135613 0.6331731818788168 -0.5931372243098141 -0.565329648437371 -0.3532517805488894 -0.38951957834961043 -0.899430704369172
196 10976 0.00010608483324149372 0 17.752390457457487 0.13471777203233648 0.1322017662791967 0.6331749378519793 -0.5931359033443658 -0.5653292057045015 -0.3532517483638146 -0.3895211471320701 -0.8994297731214194
197 11032 8.867716752473069e-05 0 17.752390457367405 0.13471657748545557 0.1322018602414375 0.6331730171108276 -0.5931373465942787 -0.5653296893117428 -0.353251783619833 -0.38951943062616695 -0.8994307917756565
198 11088 7.962807775115994e-05 0 17.752390457357944 0.1347171768213157 0.13220181475997328 0.6331739722077947 -0.593136528024877 -0.5653294193079536 -0.3532517669161698 -0.3895202035091419 -0.8994303263130402
199 11144 7.659502381714584e-05 0 17.75239045737081 0.1347170236176626 0.1322018251780227 0.6331737354118283 -0.5931368039793828 -0.565329507664491 -0.35325177043091854 -0.3895200693130734 -0.8994304124320124
200 11200 6.723735331979095e-05 0 17.75239045738051 0.1347168907151473 0.13220183864610005 0.6331735043847744 -0.5931367953023232 -0.5653295124280117 -0.3532517761950377 -0.3895197188145827 -0.8994306084184893
201 11256 6.168554816778814e-05 0 17.7523904573589 0.13471685514768988 0.13220183814301897 0.6331734653053794 -0.5931370250703062 -0.5653295809131733 -0.35325177525100476 -0.3895198429585672 -0.8994305480248183
202 11312 5.811866562693604e-05 0 17.752390457330044 0.13471696980967154 0.13220183036191746 0.6331736430089957 -0.5931368172404006 -0.5653295144933485 -0.3532517726203472 -0.38951994268614054 -0.8994304839842514
203 11368 5.0385726387557085e-05 0 17.752390457321006 0.13471707892026052 0.13220182125719918 0.6331738213617402 -0.5931367145166447 -0.5653294787481429 -0.35325176908556216 -0.3895201267884133 -0.8994303767648546
204 11424 5.129942933678538e-05 0 17.752390457322083 0.13471711751370372 0.13220181747852525 0.6331738875495683 -0.5931367095462213 -0.5653294751929918 -0.3532517674861678 -0.38952022160627764 -0.8994303235644705
205 11480 4.7439877971901646e-05 0 17.752390457302663 0.13471703790536452 0.13220182633740865 0.6331737452176183 -0.5931366595225273 -0.5653294650874195 -0.35325177141744774 -0.38951996978474085 -0.899430462511395
206 11536 4.4036701341614595e-05 0 17.75239045731363 0.13471684099888084 0.13220184184189052 0.6331734282579433 -0.5931368966060335 -0.5653295445105398 -0.35325177724833606 -0.389519685836992 -0.8994306308545973
207 11592 3.8459401147844474e-05 0 17.752390457311026 0.1347170372571772 0.13220182838425057 0.6331737331086233 -0.5931365478437944 -0.5653294327770447 -0.3532517726422562 -0.3895198633402508 -0.8994305177108219
208 11648 3.739009375981182e-05 0 17.752390457312146 0.1347169774810356 0.13220183152627873 0.6331736454439324 -0.5931367087368697 -0.5653294826810227 -0.3532517734789586 -0.3895198603556517 -0.8994305257795401
209 11704 3.4503311974424435e-05 0 17.752390457303928 0.13471688501817297 0.13220183923764575 0.6331734943792209 -0.5931367950664871 -0.5653295127213175 -0.3532517764669131 -0.38951970381188195 -0.8994306168080656
210 11760 3.173759975244953e-05 0 17.752390457297775 0.13471694272352958 0.13220183225666793 0.633173600601352 -0.593136863372235 -0.5653295293377643 -0.35325177329212404 -0.38951991616726217 -0.8994305006001168
211 11816 3.207924881456813e-05 0 17.752390457288755 0.13471692244903413 0.13220183499753613 0.6331735617742836 -0.5931368232141453 -0.5653295188444278 -0.3532517745834832 -0.389519826394063 -0.8994305492890481
212 11872 2.9024772583516705e-05 0 17.752390457287692 0.13471695987293536 0.13220183297045623 0.6331736169388702 -0.5931367258996217 -0.5653294885871438 -0.3532517740236125 -0.38951983144324903 -0.8994305426055607
213 11928 2.695371941815708e-05 0 17.75239045728909 0.13471694937134443 0.13220183311022213 0.6331736037326213 -0.5931367776311942 -0.5653295041506828 -0.3532517739254289 -0.3895198528492779 -0.8994305326766984
214 11984 2.495923051497773e-05 0 17.752390457287046 0.13471698058320505 0.13220182970847633 0.633173659211508 -0.5931367930986957 -0.5653295069043818 -0.35325177242672623 -0.38951994769128195 -0.8994304801664035
215 12040 2.4298484305559893e-05 0 17.752390457290417 0.13471698876752822 0.13220182960770763 0.6331736693351094 -0.5931367525059481 -0.5653294946908157 -0.3532517725142846 -0.3895199306311845 -0.8994304880975772
216 12096 2.1327145884623867e-05 0 17.752390457284125 0.1347170139882485 0.13220182844122277 0.6331737053834628 -0.5931366761362518 -0.5653294712128409 -0.3532517722661389 -0.3895199237647693 -0.8994304889455956
217 12152 2.039798295983312e-05 0 17.752390457283187 0.13471701129674635 0.13220182766319402 0.6331737065596627 -0.5931367352791124 -0.5653294884952718 -0.3532517717471837 -0.3895199723654426 -0.8994304640783214
218 12208 1.9542359893738848e-05 0 17.752390457283852 0.1347169548514897 0.13220183184603346 0.6331736171701977 -0.5931368179461733 -0.5653295155213027 -0.35325177325952695 -0.38951990478086096 -0.8994305051811906
219 12264 1.7869389091363466e-05 0 17.752390457283973 0.13471698061207565 0.13220183022982687 0.6331736563266346 -0.5931367636067826 -0.5653294983677436 -0.35325177274445685 -0.3895199200584989 -0.8994304944858782
220 12320 1.6120791247655668e-05 0 17.752390457286896 0.1347170129175632 0.13220182748280032 0.6331737094558639 -0.5931367361615753 -0.5653294886513571 -0.35325177166420435 -0.38951997739963823 -0.8994304612949917
221 12376 1.513363787962546e-05 0 17.75239045728398 0.13471697238079403 0.1322018304900344 0.6331736452203309 -0.5931367954473997 -0.5653295080402512 -0.35325177275323477 -0.38951992876243874 -0.8994304908767334
222 12432 1.3806715416027548e-05 0 17.752390457282612 0.1347170092875243 0.13220182730923974 0.6331737061318958 -0.5931367665578928 -0.5653294976578318 -0.3532517714958533 -0.38951999655023467 -0.899430451782159
223 12488 1.3390841847936548e-05 0 17.75239045728322 0.13471702888955098 0.13220182602611444 0.6331737362700948 -0.5931367280468854 -0.5653294854206717 -0.35325177107056915 -0.38952001087540383 -0.8994304422152466
224 12544 1.2113680180218454e-05 0 17.752390457280896 0.13471698723065295 0.13220182893522983 0.6331736712508815 -0.5931367993590579 -0.5653295083600759 -0.3532517720821013 -0.3895199705982429 -0.8994304675971141
225 12600 1.2115685920104535e-05 0 17.752390457282434 0.13471696643784067 0.13220183069123265 0.6331736371498188 -0.5931368176849096 -0.5653295148140529 -0.35325177276898373 -0.389519934349636 -0.8994304886320822
226 12656 1.2037589557171411e-05 0 17.75239045728153 0.1347169425639787 0.13220183249788967 0.6331735991402478 -0.5931368506140181 -0.5653295256623677 -0.3532517734313347 -0.38951990385333024 -0.8994305070215658
227 12712 1.197237090859588e-05 0 17.752390457276675 0.13471700550752164 0.13220182765908495 0.6331736997688591 -0.5931367680875006 -0.5653294983054058 -0.35325177163842875 -0.38951998829471474 -0.8994304564611038
228 12768 1.1682426432001097e-05 0 17.752390457279926 0.13471696367085206 0.13220183100319635 0.6331736321344585 -0.5931368157890181 -0.565329514414328 -0.3532517729095215 -0.38951992541120023 -0.8994304935595777
229 12824 1.2300071013886428e-05 0 17.752390457282278 0.13471700737770181 0.13220182717161413 0.6331737046416631 -0.5931367850636864 -0.565329503116498 -0.3532517713784019 -0.3895200090017566 -0.8994304455330792
230 12880 1.2102342158779327e-05 0 17.752390457282306 0.1347169963204261 0.13220182855486032 0.6331736840007207 -0.593136769449176 -0.5653294992014171 -0.3532517720155355 -0.38951996591753024 -0.8994304690447047
231 12936 1.3292495853487807e-05 0 17.75239045727921 0.1347169763466907 0.13220183024589338 0.6331736512271179 -0.5931367868331502 -0.5653295053340495 -0.3532517726774815 -0.38951993088094095 -0.8994304893561731
232 12992 1.3440114817538593e-05 0 17.75239045727717 0.1347169838587391 0.1322018296909438 0.633173663139232 -0.5931367757256888 -0.5653295017069385 -0.3532517724771032 -0.38951993978568955 -0.8994304839263282
233 13048 1.3226811334895775e-05 0 17.75239045728143 0.13471699225748549 0.1322018285220004 0.6331736794349737 -0.5931367942362168 -0.5653295066023339 -0.3532517719212476 -0.38951997874959926 -0.8994304628438444
234 13104 1.4056639815875237e-05 0 17.752390457279976 0.13471697736898341 0.13220182917603276 0.6331736583170041 -0.593136841519006 -0.5653295211147531 -0.353251772051322 -0.38951998478158867 -0.8994304613358002
235 13160 1.3231373373412631e-05 0 17.752390457280164 0.13471701457143673 0.1322018273326313 0.6331737121985226 -0.5931367353601416 -0.5653294883323402 -0.3532517716049706 -0.38951998088059336 -0.8994304593204119
236 13216 1.2781445967193282e-05 0 17.752390457280065 0.13471702258168036 0.13220182635138195 0.6331737270519499 -0.5931367453856982 -0.5653294907867654 -0.35325177115380085 -0.38952001090888777 -0.8994304428880521
237 13272 1.352365377049442e-05 0 17.75239045728225 0.13471704368696472 0.13220182471847328 0.6331737608136043 -0.5931367183591596 -0.565329481801709 -0.3532517705479541 -0.3895200397947373 -0.8994304256441582
238 13328 1.3816374055128371e-05 0 17.75239045728301 0.1347169700048965 0.1322018308569333 0.6331736403982526 -0.5931367882435011 -0.5653295060938099 -0.35325177293407445 -0.38951991587777085 -0.8994304978153973
239 13384 1.2886766849455824e-05 0 17.75239045728093 0.13471699010677526 0.13220182876173936 0.6331736755667078 -0.5931367928835831 -0.5653295063275763 -0.3532517720287894 -0.3895199719304468 -0.899430466603089
240 13440 1.2902732230118628e-05 0 17.75239045727532 0.13471696190907412 0.13220183102891328 0.633173629929241 -0.5931368242937474 -0.5653295169769884 -0.35325177289349385 -0.3895199288657253 -0.8994304919657509
