% # columns="iteration, evaluation, void, void, void, xmean", seed=375359, Sat Mar 29 13:36:45 2025, <python>{}</python> # scaling_of_variables: 1, typical_x: 0
1 56 0 0 0 0.17168280923712287 0.2054091904820416 -0.03069297863284811 -0.022523764083079583 -0.16484772536154974 0.09281980860649228 0.04699633637576605 -0.023699823268468954
2 112 0 0 0 0.24762257949784064 0.1520639981042917 -0.05617318187242072 0.0021345973571589016 -0.1444918039178411 0.09290933069195981 0.13544801214760954 -0.06360736135354628
3 168 0 0 0 0.29219241473182395 -0.0408862107951051 0.05756858481104091 -0.08291015694420346 0.02798303248310166 0.17098319138072277 0.09385181283372684 -0.07561273768646072
4 224 0 0 0 0.27829594203918473 -0.035023054940950676 0.20818629303145764 -0.04128273127621213 0.04424153023048556 0.08869659251802371 -0.04009631409296033 0.05518494669929032
5 280 0 0 0 0.36002126277132596 -0.15995432982272617 0.3438852200452947 -0.06655991763870764 -0.06207351029047317 0.16970890900662186 -0.05874826161117336 -0.09402441138271912
6 336 0 0 0 0.22875102573356412 -0.006414429929088389 0.2720759783415705 -0.1071443625638777 -0.07983496080860124 0.183254538227662 -0.24336493140219004 0.008296232586205474
7 392 0 0 0 0.16364517241843113 0.006208447512222791 0.19864105035370988 -0.041075381772284966 -0.08079736547902357 0.17074557238419935 -0.17006943054989176 0.13864259817602848
8 448 0 0 0 0.3485490611280374 -0.05259028700700017 0.11617981387967072 0.011774355399694778 -0.08866554723248075 0.1521128768408235 -0.1275142931666833 0.11457046228314789
9 504 0 0 0 0.40347535689873615 -0.08906525826003264 0.27045320385014954 -0.08856584052635004 -0.03260726612801666 0.12631128612039724 -0.041230749850072385 0.11769293163193578
10 560 0 0 0 0.46838988077861027 -0.07496191318235665 0.3068233604601418 -0.12676733985904556 -0.08842760583814424 0.05692000660533747 0.004544524755349749 -0.005870926801758311
11 616 0 0 0 0.5501938607991593 -0.08746213120893304 0.3397684493001554 -0.06146028883243786 0.014237832068116879 0.13262678933777072 -0.04659980051875222 0.05801343285416727
12 672 0 0 0 0.6595356505352362 -0.15128224062119378 0.35109893108468376 -0.05328939705862688 0.02002110110054476 0.16042672959019832 -0.09172013153733895 -0.04975584546027548
13 728 0 0 0 0.5991283115899748 -0.1365959321924723 0.3499725463433993 -0.0774981634101755 -0.009859125174845995 0.08243380335897013 0.03540664137025566 -0.10308561568180911
14 784 0 0 0 0.6804466411732372 -0.12476812262782196 0.28839873121406456 -0.08209886690139663 -0.04184754647621733 -0.01640396708479172 0.045932836116341066 -0.08499358592680849
15 840 0 0 0 0.6935666699873773 -0.12840667414185036 0.2735675728440135 -0.009387055152269966 -0.016778895970944376 0.09920933009867469 -0.09850094087151652 -0.11263012976142674
16 896 0 0 0 0.646861630710473 -0.1609470914542548 0.34536594488040084 -0.02750156323725864 -0.04613673494006264 0.19455588261415677 -0.1975143342003271 -0.24947437353113722
17 952 0 0 0 0.6455894128507558 -0.15218171543123066 0.360847313398108 -0.012864237545481038 -0.031702437621604386 0.1785429934028788 -0.17812261808045202 -0.19907950068270389
18 1008 0 0 0 0.7651853566889804 -0.143997406405214 0.2958266235465961 -0.02502624469130879 -0.046565368602402256 0.10719598157381653 -0.09465420790264277 -0.17273424058402517
19 1064 0 0 0 0.7729752735844708 -0.07908357721968999 0.19462961966602438 -0.06135667605794854 -0.16997788987592308 0.05429423008052096 -0.04045673000597552 -0.06558372483618312
20 1120 0 0 0 0.7339078025215655 -0.11723365974224001 0.24889688263594195 -0.06753742168870655 -0.17718489710326096 0.04231266826049466 -0.02489658260481391 -0.1034987553054332
21 1176 0 0 0 0.7272323501234536 -0.08140728621395577 0.2552951225781413 -0.0685340903280496 -0.21497989674429135 0.021816124535365473 0.05096454268332712 -0.04040135883364751
22 1232 0 0 0 0.7927368627414221 -0.07705927433998805 0.20979137698325248 -0.10003979820375378 -0.33336342735018437 -0.14465808887288303 0.2280084513017606 0.018153829301297414
23 1288 0 0 0 0.79794360084391 -0.07729892909422367 0.2016526825547853 -0.06373606349914505 -0.1963515647271156 0.011291459053395098 0.02626216885808541 0.12199049186352764
24 1344 0 0 0 0.7917499407511359 -0.08668806697206564 0.23294910442635217 -0.05453913087896364 -0.069920850852838 0.16066402588274625 -0.13665587065888896 0.17582793342031203
25 1400 0 0 0 0.7802818856095868 -0.09450563056441084 0.227913406725041 -0.004672411879509043 -0.03347976683163236 0.14157541672020535 -0.11800699954244198 0.11602772537354543
26 1456 0 0 0 0.8247895235746894 -0.09003207337528081 0.206853875145877 0.035975750017025625 0.005364319709863168 0.2343463688463009 -0.1839187467221304 0.21234406471908068
27 1512 0 0 0 0.8304650340190548 -0.09470064163114124 0.2233726794501904 0.031549748415528864 0.08233229423854194 0.2603760870372129 -0.2077444820045049 0.31428153829568534
28 1568 0 0 0 0.8216534583421484 -0.10453859838451618 0.24684344529496585 -0.005609152023160917 0.0427085248136742 0.31320602299213934 -0.23063797100490743 0.28086427207514436
29 1624 0 0 0 0.8378522806176341 -0.13233199191500375 0.2503219922463216 0.053327517518629956 0.04431573124230669 0.36735698206948736 -0.29801415691823774 0.31897535234896945
30 1680 0 0 0 0.8104940504609349 -0.10813434329454016 0.24394986309426048 0.022572247011865366 0.008128632944874446 0.3570586176139024 -0.29481709851965415 0.3672276352499492
31 1736 0 0 0 0.8172892505692919 -0.1303176824596353 0.2504661126861654 0.10121791733633467 0.055551819768081705 0.44463561813177355 -0.4019019788086785 0.39753985048949647
32 1792 0 0 0 0.8351087424423085 -0.1339998524669832 0.24629811980325922 0.11895147100625379 0.09224253371907554 0.41326249948276056 -0.3976321016196885 0.33752159284701627
33 1848 0 0 0 0.8453886199444166 -0.13261576280295945 0.23186214367881475 0.1372909912885229 0.1473025785787515 0.45900058155829354 -0.48200283472622435 0.36490599326786693
34 1904 0 0 0 0.857947288301523 -0.10523612052363637 0.19437260223216096 0.1810217874364405 0.11925923993269928 0.4491119976256246 -0.47768948441310366 0.3355133911335193
35 1960 0 0 0 0.8507848902619239 -0.11700267515252821 0.20284954388982837 0.20255476563534472 0.1421192915139925 0.48664096953419617 -0.5394070513984036 0.35432767288977834
36 2016 0 0 0 0.8604366527712536 -0.10145262622222123 0.20158878753230977 0.16314304715013908 0.1287704876384638 0.44572112424468757 -0.45255810670729163 0.42578222426944695
37 2072 0 0 0 0.8577947568667741 -0.10037846831015391 0.20419629588908347 0.20125605460593482 0.1468614450081496 0.41686224833580754 -0.4222328481510667 0.4805085288292801
38 2128 0 0 0 0.8923471382794564 -0.0869487389073133 0.1655733184114885 0.24134594771497503 0.14629047857525557 0.3973751211219852 -0.40522394320488886 0.5214175731036284
39 2184 0 0 0 0.9069799057551862 -0.08710456782173671 0.15338669023809556 0.25679526504018374 0.14764669736982913 0.39954150189263277 -0.41173361207998377 0.539598709795209
40 2240 0 0 0 0.9058109357980866 -0.07366024351266624 0.14788795568320154 0.2268834890189178 0.17678020456377808 0.38051865081306285 -0.3753582056301283 0.5852547766989142
41 2296 0 0 0 0.9251169165647882 -0.07680223072930875 0.13204982854617714 0.2704774158483987 0.14898995547163338 0.392372979435723 -0.3873590761376958 0.5665299721717479
42 2352 0 0 0 0.9464556031792973 -0.06314662850954632 0.09013837896604786 0.2821270870361184 0.12534045713322703 0.3651449068924842 -0.3361387377231979 0.6313801233535964
43 2408 0 0 0 0.9447234397484988 -0.06062673391710677 0.09733974785947618 0.3189578335326521 0.14865598334672547 0.3461757712302347 -0.31927080779026984 0.6813231519961762
44 2464 0 0 0 0.9504538729935945 -0.07730960962640875 0.10385954028582206 0.35772190648854374 0.1751212833510342 0.34158674352543544 -0.3272000645698888 0.7297185295396628
45 2520 0 0 0 0.9227655761754191 -0.08000771295415235 0.13464527393667342 0.3635629848391034 0.2071368121116739 0.30376156133867765 -0.3181254009448308 0.7802771251828352
46 2576 0 0 0 0.9106698451322336 -0.09392731873067818 0.15248687568593838 0.35784586368982313 0.21331521425850344 0.2962758309029216 -0.31311265908501895 0.7749421972210029
47 2632 0 0 0 0.9168720281465026 -0.0949285366901936 0.13628993542244514 0.32623036728837335 0.21064849394173757 0.3322309085648437 -0.34881288077532485 0.6922758482098371
48 2688 0 0 0 0.9214826747931698 -0.09427384765809511 0.1245111573808017 0.3554319610425213 0.2295490477843289 0.2904288990322088 -0.33798839595165414 0.8131473339753574
49 2744 0 0 0 0.927132886163632 -0.0953055656481389 0.12776091791200644 0.3291646328518823 0.24501913447316837 0.28500807538923717 -0.3205056808786498 0.8187116559923728
50 2800 0 0 0 0.9167693573571777 -0.09289678937784047 0.11901383874076119 0.3667424390443081 0.23227118840034697 0.27206847048165933 -0.3180497873247009 0.8937651989333676
51 2856 0 0 0 0.9249431228244969 -0.09247188522860521 0.11269644352520965 0.3861543366032742 0.2307818837648707 0.25631540768220146 -0.28276153012211847 0.924709673372877
52 2912 0 0 0 0.9334010894396157 -0.10300257180406797 0.10996418506306145 0.38067332640207235 0.2450236033803977 0.23985089122349504 -0.2659154500276715 0.9661627759191741
53 2968 0 0 0 0.9150445316467563 -0.11420750075980378 0.1246396244746673 0.39421962111703374 0.2618039074882984 0.21251514447065076 -0.2463097796995752 1.0328403278961897
54 3024 0 0 0 0.9231065404009002 -0.11950556079380154 0.12449070235905692 0.3823643339188534 0.2792181902828844 0.21638527668946164 -0.2549905126404784 1.009790084560734
55 3080 0 0 0 0.9179786806530226 -0.11687909810871563 0.12770946866503968 0.3877389769165521 0.2610840658810776 0.2237500899305068 -0.2572142470145074 1.0129278900922258
56 3136 0 0 0 0.9144424704897929 -0.12365025814328638 0.12081536990201974 0.40941079765696053 0.2701078635895157 0.20998695269643808 -0.25790729536667745 1.053700065186698
57 3192 0 0 0 0.9153193749082555 -0.12891062196824749 0.1311882510259999 0.39663172542173847 0.2685817021238913 0.20640242850491036 -0.24597341168360526 1.0599380239140304
58 3248 0 0 0 0.9153835657875073 -0.12697495628224448 0.13540020697370353 0.38873727779867584 0.28580323253545936 0.19979478069832 -0.23538513509580203 1.0687222723647338
59 3304 0 0 0 0.9090754410129888 -0.12270339609457505 0.13992947401857841 0.38267663865455426 0.2803936354949561 0.19753466622618623 -0.22953099966107252 1.0812600728552775
60 3360 0 0 0 0.9137779109076913 -0.12185942118886017 0.13858376643795886 0.39089889568096575 0.28463412499457486 0.18693596388557676 -0.21819462228171196 1.0990268300174217
61 3416 0 0 0 0.9186343954786134 -0.12735200688610288 0.13795713589572126 0.3910027227725204 0.28470835155049323 0.1862973498710675 -0.21614614118538553 1.1088453215819876
62 3472 0 0 0 0.9293697444709434 -0.13318480404010924 0.14099762877993038 0.3958707135452425 0.2733700564207525 0.19083995884326435 -0.21761771203132882 1.1167473922159208
63 3528 0 0 0 0.9350790997761108 -0.13281607979496843 0.14030712457392805 0.39664215415666876 0.25930298870939333 0.19579553546734113 -0.22550001565252828 1.121027538900364
64 3584 0 0 0 0.9367194939318283 -0.13592816810594932 0.14108200887603106 0.39079328662592205 0.26271332459534813 0.19784632888562134 -0.22257989743908507 1.1299169165227791
65 3640 0 0 0 0.9340631738523325 -0.13870343294579068 0.1518083639030383 0.38712262239956363 0.2619766633398689 0.191039813697882 -0.2048976431339812 1.1410892130007764
66 3696 0 0 0 0.9338446201020317 -0.13450668868410354 0.1463661582373829 0.39078747724162766 0.26128605628616264 0.19132514380014173 -0.20578650095935827 1.1456020438407788
67 3752 0 0 0 0.9368168550862966 -0.1391164145487282 0.1560844420824195 0.3878825631595724 0.26368409323424485 0.19093673158699062 -0.19321109623935434 1.1560988316516356
68 3808 0 0 0 0.9342452230151556 -0.1394730381184265 0.161138991316178 0.3861402019517103 0.26451447068687967 0.18977590077222337 -0.19195954498054568 1.1561976377537682
69 3864 0 0 0 0.936363926880404 -0.13703451330035046 0.15600905979976903 0.389882371606268 0.2599912700186966 0.18850540644881048 -0.19355169232458877 1.1649666444767357
70 3920 0 0 0 0.9403262133763478 -0.13915268509868944 0.15391430141458487 0.39185432292936173 0.26013130640326865 0.19014595094652453 -0.18889007569460667 1.1683913603508955
71 3976 0 0 0 0.9361390400667529 -0.13976184494799448 0.15839274485607038 0.3939979162263713 0.26079181141053814 0.18772350904351948 -0.18917389520956485 1.1711896038447764
72 4032 0 0 0 0.9362692452726438 -0.1378353612820992 0.15125309370773127 0.39846171357645976 0.2606204961175805 0.18309847949022473 -0.18188912379667913 1.1791745179629072
73 4088 0 0 0 0.9300607593679919 -0.13784696262446194 0.15912399542867373 0.39638883017139487 0.26881843545682743 0.18131844207574457 -0.18252466032774287 1.1840489764495936
74 4144 0 0 0 0.9272010442971556 -0.1373887255253485 0.16079295963432547 0.39332969446631544 0.27440184117180266 0.1809957012456392 -0.18007377829995325 1.1848917169082251
75 4200 0 0 0 0.922455372785906 -0.1358918870927336 0.16378818422216854 0.3933147820658249 0.27600082220669453 0.1763311528558189 -0.17994058580753336 1.1913453278641137
76 4256 0 0 0 0.9227480611903953 -0.13673542447432493 0.16459257315258796 0.39376308506733254 0.27594355574984614 0.17740835095350416 -0.18175726711092804 1.191196193832176
77 4312 0 0 0 0.9237368415721929 -0.13725822129772128 0.16202189611339274 0.394143728725736 0.27494028896955075 0.1786707944508666 -0.18200464109588568 1.189674306593963
78 4368 0 0 0 0.9252504175620407 -0.13679292471742946 0.15916272692931374 0.3964595127956995 0.27280778509702386 0.18097688954886937 -0.18540350849333678 1.187043677533928
79 4424 0 0 0 0.924399501493522 -0.13705067484176608 0.16421131982109866 0.3956013287047835 0.2714318076129473 0.17758582703931416 -0.18206037764619337 1.1961456500455652
80 4480 0 0 0 0.9258519615059208 -0.13723682503720017 0.16404077587540347 0.39613633731644127 0.27130713869381545 0.17789648697097715 -0.18036082207727983 1.196944996544249
81 4536 0 0 0 0.9260188111276733 -0.1379077243001231 0.16528605239928118 0.39661759753504433 0.2709183140138794 0.17734312945086367 -0.18147264319560544 1.1967216568894403
82 4592 0 0 0 0.9246643227924163 -0.13766780825599617 0.16563389322424402 0.39628601161174953 0.2711452683132413 0.17765253454723698 -0.18248887865267807 1.193878673973983
83 4648 0 0 0 0.9244032743541789 -0.13753556545966308 0.16560633107797365 0.3969343230997057 0.2711076121567201 0.17690935959534493 -0.18136272551113483 1.196033636586527
84 4704 0 0 0 0.9257299928723078 -0.13780426687204048 0.1650837270525466 0.39758551367635 0.26931473973734443 0.17719021456196246 -0.17994138412252023 1.1979282138751572
85 4760 0 0 0 0.9256924088789716 -0.13783050789638124 0.16448420817466075 0.3980281070900216 0.269303060964493 0.17737793800098267 -0.18098158843405948 1.1971349267486149
86 4816 0 0 0 0.9252028487754546 -0.1376553721396941 0.1644527791120102 0.3983144431921885 0.26905828041779173 0.17657205306426044 -0.17978036699915578 1.1987444970160834
87 4872 0 0 0 0.925662900098115 -0.13786701596405143 0.16366416117394156 0.3989648991612723 0.2691278635904402 0.17635930246402087 -0.17780736278224063 1.1998114553620536
88 4928 0 0 0 0.9252700386665668 -0.13771135210208071 0.16395803251444188 0.3988775229889361 0.2697860626877369 0.17582311689386262 -0.17757563679635666 1.1996675408362816
89 4984 0 0 0 0.9256331363248902 -0.13783796299507461 0.16377072855148894 0.3987534229754114 0.2698914300767912 0.17563333534452627 -0.1767670661055356 1.2001944163168765
90 5040 0 0 0 0.9251298553010564 -0.13784934894849224 0.16469615862692455 0.39874901729151074 0.27027507480331864 0.17534829380604813 -0.177122491883465 1.2010067865558607
91 5096 0 0 0 0.9254736097228614 -0.1378948435832019 0.16503775480890656 0.3983287794937352 0.27016103097667776 0.17513687773340095 -0.17603078679150452 1.200955765790234
92 5152 0 0 0 0.9259637043304741 -0.13795435827124583 0.1644457733850192 0.3989521975281184 0.26973972418676867 0.17545978692291297 -0.17610855424236124 1.2003446634752442
93 5208 0 0 0 0.9255972582818249 -0.13801668156664054 0.16494791416958474 0.39907789973239016 0.26986100068911045 0.17531786768542354 -0.17650556789404495 1.2004725723148617
94 5264 0 0 0 0.9258522280105987 -0.1379323406498893 0.1644823506513425 0.39898519262012777 0.26974407839408954 0.17551615960889824 -0.17674778128668436 1.2002644279449926
95 5320 0 0 0 0.9258162987145049 -0.1378934430839193 0.16462136301923444 0.3989790216819354 0.2695917444689912 0.1753281928431338 -0.1761840077899357 1.2009640906758212
96 5376 0 0 0 0.9258031003134652 -0.13793107465959492 0.16485011720949436 0.398926581821167 0.26966992131701306 0.1751289707129157 -0.17569543017770625 1.2012169799015804
97 5432 0 0 0 0.9257066607848395 -0.13790387381806715 0.16524048836397887 0.39873987325067956 0.26949119357322826 0.1750907582521289 -0.1757310981436195 1.2009503541186322
98 5488 0 0 0 0.9256594558736055 -0.13787845042501284 0.16557241558030691 0.39852987687506936 0.26936537338045885 0.17504247591389746 -0.17555203801681507 1.20110789999554
99 5544 0 0 0 0.9256937848662057 -0.13781089783167108 0.16580714884524822 0.3983852003238761 0.26883962961961816 0.17513277977459435 -0.1757603106636919 1.2010059814565666
100 5600 0 0 0 0.9258168075224773 -0.1378390327335469 0.1655992865742275 0.3984851526851305 0.26894230777201233 0.1752451032696089 -0.17575992560715922 1.2007061136744113
101 5656 0 0 0 0.9257867053776776 -0.13780455190480156 0.16585601055176769 0.39833385598267435 0.2687399104642846 0.1752264006071714 -0.17568773911087562 1.200761382691786
102 5712 0 0 0 0.9257901730089231 -0.13775278469875324 0.16597536974147362 0.39813834687461364 0.26845739316150025 0.17528709429659886 -0.17565184445677354 1.2006450708894165
103 5768 0 0 0 0.9257108219223364 -0.1377831035453072 0.16581905397099786 0.3983469533027255 0.2685991215546021 0.17523443610861386 -0.175674439440245 1.2006797055834701
104 5824 0 0 0 0.9257640146129127 -0.1377837832852565 0.1658393878622948 0.3983450065431709 0.2683500659414849 0.1751966695658278 -0.17547444363571918 1.200710437624996
105 5880 0 0 0 0.9257423764950935 -0.13778654651706077 0.1658908069861301 0.39825328402733334 0.2683965683469576 0.17523904645864252 -0.17555346992657014 1.200464068910489
106 5936 0 0 0 0.9256558085006545 -0.1377708843472733 0.16609446392861918 0.39817609847901736 0.2684382185979252 0.17520074679392778 -0.175560876588118 1.2004094364049196
107 5992 0 0 0 0.9256906509813446 -0.13779581430631752 0.16595704487442403 0.3983108826943496 0.2685024989730389 0.1751921318879615 -0.17557616890917582 1.2005033154173375
108 6048 0 0 0 0.9256738492811207 -0.13777050241107933 0.16591771295370356 0.3983812075714867 0.2683366404559777 0.17524823272773982 -0.17567452498173514 1.200599859178151
109 6104 0 0 0 0.9257044323147157 -0.13776889728975106 0.16604629485766575 0.39827737483274944 0.26822802652256195 0.17529724656015522 -0.17568557877446506 1.2005237463420027
110 6160 0 0 0 0.925706430569581 -0.13773955857696085 0.16603813204967513 0.39820481134681684 0.26819725027808256 0.17528649852241204 -0.17562387027445203 1.2005523251658754
111 6216 0 0 0 0.9257074005349814 -0.1377475504034273 0.16600423727829364 0.39825219186451055 0.2683226702416225 0.17528060065589476 -0.1756508598377907 1.2005147337641573
112 6272 0 0 0 0.9257765703587035 -0.1377354564144998 0.16590641587043847 0.39827892436463846 0.2682601080264966 0.1753418919122009 -0.17569909750975204 1.200477029364833
113 6328 0 0 0 0.9258236274485127 -0.13770303224262018 0.16584856190269992 0.3982868130478133 0.2682027731481063 0.1754085746698145 -0.1758132129518697 1.2004889053400185
114 6384 0 0 0 0.925749838553495 -0.13772946693504368 0.1659341123828563 0.39829574417451336 0.26822363928139686 0.17536147650853992 -0.17577308358597882 1.200398385995524
115 6440 0 0 0 0.9258179143605387 -0.13772789105166552 0.16575923403879023 0.39840118260652324 0.26824608483857704 0.17538987791611108 -0.17577966563469355 1.2004230860622176
116 6496 0 0 0 0.9258397142071654 -0.13771918585131165 0.16570046051286882 0.39843151101226615 0.26824879354226683 0.17542296489277925 -0.1758267846178685 1.2004107265710295
117 6552 0 0 0 0.9259527408944908 -0.13768975695019858 0.165460642817189 0.3985330208628358 0.2682738363335934 0.1755263512100838 -0.17596450484912113 1.200333790993937
118 6608 0 0 0 0.9260092476684855 -0.13768496152566528 0.165393055844908 0.3985186507536623 0.26835071420343726 0.17554196072600206 -0.17595212050925615 1.2003817178306757
119 6664 0 0 0 0.9260330151515744 -0.13767441918755918 0.16538387180042338 0.3984886778094668 0.2683316731788599 0.17554598265261237 -0.17593323318083642 1.2003744677079058
120 6720 0 0 0 0.926004676041422 -0.13767321113946718 0.1654366309059261 0.39845491823022106 0.2682938134180711 0.17551994123164127 -0.17588651103064848 1.200385507937028
121 6776 0 0 0 0.9260360634697529 -0.1376529666566404 0.16540360698842582 0.39844579099355176 0.26827841572813754 0.17558172881524914 -0.17598574127063957 1.2003530932868116
122 6832 0 0 0 0.9260665948092297 -0.13765264750455922 0.16533370349142665 0.3984479564680407 0.26831834139106114 0.17556436312052653 -0.17591500482352274 1.2003276931533684
123 6888 0 0 0 0.9260701308462461 -0.1376291204776041 0.16534688045397436 0.3984140436612322 0.26824019324675613 0.17558893874631248 -0.1759378969206596 1.2003541551760806
124 6944 0 0 0 0.926103537122094 -0.1376268167413668 0.1653349318186798 0.39837816097763445 0.2683148658671559 0.17559946071922847 -0.1759456934072819 1.2003680661741296
125 7000 0 0 0 0.9260550428554647 -0.13763624549718895 0.16540280874003074 0.3983774315434588 0.2682843717372089 0.17556570241623107 -0.17591099024795256 1.2003713658835142
126 7056 0 0 0 0.9260687488608724 -0.1376331795107629 0.1653879683286182 0.39837722386007657 0.2682982925359157 0.17558086806513698 -0.17593841075575137 1.2003412985543362
127 7112 0 0 0 0.926087653628407 -0.13763277164761656 0.16533484136137339 0.39840571989974205 0.26830154633430503 0.17558840661511935 -0.17593086050541124 1.2003327230823775
128 7168 0 0 0 0.9260779750991419 -0.13763911752192806 0.16532429850706024 0.39842305773595676 0.26830603883595816 0.1755745615316826 -0.1758955565548774 1.2002929383729843
129 7224 0 0 0 0.9260526306823957 -0.13764841451343535 0.16535045456818362 0.3984159990134408 0.26830027743123325 0.17553599809700082 -0.17581611721463977 1.2002886303745957
130 7280 0 0 0 0.9260708696473107 -0.13764535266534556 0.1653236991674869 0.3984277985398177 0.2683206664654334 0.17555818796473835 -0.17586070837060858 1.2002892974488568
131 7336 0 0 0 0.9260437537825847 -0.13764588253863924 0.16535398191543313 0.39843651111328693 0.26827427519215447 0.17554679585361305 -0.17585352475244295 1.2002940185022966
132 7392 0 0 0 0.9260345025393579 -0.13765142921410076 0.1653557659317528 0.3984500089786108 0.2682827852310037 0.1755415615224447 -0.17584789664456343 1.2002611488610795
133 7448 0 0 0 0.9260483690834526 -0.13765564911700925 0.16532967625121434 0.3984586865835155 0.26833001411790514 0.17554488163458756 -0.17585224897943527 1.2002452341275516
134 7504 0 0 0 0.9260515604572321 -0.1376546169198332 0.16532453296275462 0.3984567711087196 0.26832503549193143 0.17554411277348358 -0.1758432411255171 1.2002530680874035
135 7560 0 0 0 0.9260522190324768 -0.13765038452147488 0.16533054404728298 0.3984522185691754 0.2683096698929631 0.17555244550219687 -0.17586076630070313 1.2002538731708674
136 7616 0 0 0 0.926063472257311 -0.13764497403493436 0.1653133820245933 0.3984606093471083 0.2682994299473928 0.17556832861642693 -0.1758890515910079 1.2002659498732644
137 7672 0 0 0 0.9260661113662779 -0.13764478404333397 0.1653146286802279 0.39844618194726095 0.2683164697760418 0.1755623127195289 -0.17587290154836116 1.2002626200997144
