% # columns="iteration, evaluation, min max(neg(.)) min(pos(.)) max correlation, correlation matrix principal axes lengths  (sorted square roots of eigenvalues of correlation matrix)", seed=568876, Thu Mar 20 10:41:09 2025
1 56 -0.08533300064902523 -0.03189464236693205 0.027507761376222538 0.07971561599103111 0.9091575784277814 0.9510385194886538 0.9680228312142677 0.9807340947680273 1.0093731446692722 1.024638257013287 1.047503430014691 1.097301019245088
2 112 -0.08533300064902523 -0.03189464236693205 0.027507761376222538 0.07971561599103111 0.9091575784277814 0.9510385194886538 0.9680228312142677 0.9807340947680273 1.0093731446692722 1.024638257013287 1.047503430014691 1.097301019245088
3 168 -0.08533300064902523 -0.03189464236693205 0.027507761376222538 0.07971561599103111 0.9091575784277814 0.9510385194886538 0.9680228312142677 0.9807340947680273 1.0093731446692722 1.024638257013287 1.047503430014691 1.097301019245088
4 224 -0.08533300064902523 -0.03189464236693205 0.027507761376222538 0.07971561599103111 0.9091575784277814 0.9510385194886538 0.9680228312142677 0.9807340947680273 1.0093731446692722 1.024638257013287 1.047503430014691 1.097301019245088
5 280 -0.08533300064902523 -0.03189464236693205 0.027507761376222538 0.07971561599103111 0.9091575784277814 0.9510385194886538 0.9680228312142677 0.9807340947680273 1.0093731446692722 1.024638257013287 1.047503430014691 1.097301019245088
6 336 -0.08533300064902523 -0.03189464236693205 0.027507761376222538 0.07971561599103111 0.9091575784277814 0.9510385194886538 0.9680228312142677 0.9807340947680273 1.0093731446692722 1.024638257013287 1.047503430014691 1.097301019245088
7 392 -0.08533300064902523 -0.03189464236693205 0.027507761376222538 0.07971561599103111 0.9091575784277814 0.9510385194886538 0.9680228312142677 0.9807340947680273 1.0093731446692722 1.024638257013287 1.047503430014691 1.097301019245088
8 448 -0.08533300064902523 -0.03189464236693205 0.027507761376222538 0.07971561599103111 0.9091575784277814 0.9510385194886538 0.9680228312142677 0.9807340947680273 1.0093731446692722 1.024638257013287 1.047503430014691 1.097301019245088
9 504 -0.16459336518367143 -0.04378825067922815 0.05660569747969536 0.22421986896428667 0.8152649594227185 0.8712377392559051 0.9174892571786047 0.9818007965578577 1.040746959833023 1.0642692597746395 1.0969856069373045 1.162483459212816
10 560 -0.16459336518367143 -0.04378825067922815 0.05660569747969536 0.22421986896428667 0.8152649594227185 0.8712377392559051 0.9174892571786047 0.9818007965578577 1.040746959833023 1.0642692597746395 1.0969856069373045 1.162483459212816
11 616 -0.16459336518367143 -0.04378825067922815 0.05660569747969536 0.22421986896428667 0.8152649594227185 0.8712377392559051 0.9174892571786047 0.9818007965578577 1.040746959833023 1.0642692597746395 1.0969856069373045 1.162483459212816
12 672 -0.16459336518367143 -0.04378825067922815 0.05660569747969536 0.22421986896428667 0.8152649594227185 0.8712377392559051 0.9174892571786047 0.9818007965578577 1.040746959833023 1.0642692597746395 1.0969856069373045 1.162483459212816
13 728 -0.16459336518367143 -0.04378825067922815 0.05660569747969536 0.22421986896428667 0.8152649594227185 0.8712377392559051 0.9174892571786047 0.9818007965578577 1.040746959833023 1.0642692597746395 1.0969856069373045 1.162483459212816
14 784 -0.16459336518367143 -0.04378825067922815 0.05660569747969536 0.22421986896428667 0.8152649594227185 0.8712377392559051 0.9174892571786047 0.9818007965578577 1.040746959833023 1.0642692597746395 1.0969856069373045 1.162483459212816
15 840 -0.16459336518367143 -0.04378825067922815 0.05660569747969536 0.22421986896428667 0.8152649594227185 0.8712377392559051 0.9174892571786047 0.9818007965578577 1.040746959833023 1.0642692597746395 1.0969856069373045 1.162483459212816
16 896 -0.16459336518367143 -0.04378825067922815 0.05660569747969536 0.22421986896428667 0.8152649594227185 0.8712377392559051 0.9174892571786047 0.9818007965578577 1.040746959833023 1.0642692597746395 1.0969856069373045 1.162483459212816
17 952 -0.3795381452337761 -0.10270224995143121 0.16679673377052542 0.45917611439384737 0.6515007215329816 0.6608645330044907 0.7299177771841519 0.8896262149532517 1.0029416873531032 1.060612886610397 1.2727354362233492 1.4366429274471406
18 1008 -0.3795381452337761 -0.10270224995143121 0.16679673377052542 0.45917611439384737 0.6515007215329816 0.6608645330044907 0.7299177771841519 0.8896262149532517 1.0029416873531032 1.060612886610397 1.2727354362233492 1.4366429274471406
19 1064 -0.3795381452337761 -0.10270224995143121 0.16679673377052542 0.45917611439384737 0.6515007215329816 0.6608645330044907 0.7299177771841519 0.8896262149532517 1.0029416873531032 1.060612886610397 1.2727354362233492 1.4366429274471406
20 1120 -0.3795381452337761 -0.10270224995143121 0.16679673377052542 0.45917611439384737 0.6515007215329816 0.6608645330044907 0.7299177771841519 0.8896262149532517 1.0029416873531032 1.060612886610397 1.2727354362233492 1.4366429274471406
21 1176 -0.3795381452337761 -0.10270224995143121 0.16679673377052542 0.45917611439384737 0.6515007215329816 0.6608645330044907 0.7299177771841519 0.8896262149532517 1.0029416873531032 1.060612886610397 1.2727354362233492 1.4366429274471406
22 1232 -0.3795381452337761 -0.10270224995143121 0.16679673377052542 0.45917611439384737 0.6515007215329816 0.6608645330044907 0.7299177771841519 0.8896262149532517 1.0029416873531032 1.060612886610397 1.2727354362233492 1.4366429274471406
23 1288 -0.3795381452337761 -0.10270224995143121 0.16679673377052542 0.45917611439384737 0.6515007215329816 0.6608645330044907 0.7299177771841519 0.8896262149532517 1.0029416873531032 1.060612886610397 1.2727354362233492 1.4366429274471406
24 1344 -0.3795381452337761 -0.10270224995143121 0.16679673377052542 0.45917611439384737 0.6515007215329816 0.6608645330044907 0.7299177771841519 0.8896262149532517 1.0029416873531032 1.060612886610397 1.2727354362233492 1.4366429274471406
25 1400 -0.30933458030300354 -0.11862785604099253 0.14319899046864457 0.7148417645885132 0.48624227662090513 0.5013515877602056 0.7036730902617601 0.9309893056843157 0.9688800476831938 1.122433089496366 1.3295214765071455 1.4778721815268923
26 1456 -0.30933458030300354 -0.11862785604099253 0.14319899046864457 0.7148417645885132 0.48624227662090513 0.5013515877602056 0.7036730902617601 0.9309893056843157 0.9688800476831938 1.122433089496366 1.3295214765071455 1.4778721815268923
27 1512 -0.30933458030300354 -0.11862785604099253 0.14319899046864457 0.7148417645885132 0.48624227662090513 0.5013515877602056 0.7036730902617601 0.9309893056843157 0.9688800476831938 1.122433089496366 1.3295214765071455 1.4778721815268923
28 1568 -0.30933458030300354 -0.11862785604099253 0.14319899046864457 0.7148417645885132 0.48624227662090513 0.5013515877602056 0.7036730902617601 0.9309893056843157 0.9688800476831938 1.122433089496366 1.3295214765071455 1.4778721815268923
29 1624 -0.30933458030300354 -0.11862785604099253 0.14319899046864457 0.7148417645885132 0.48624227662090513 0.5013515877602056 0.7036730902617601 0.9309893056843157 0.9688800476831938 1.122433089496366 1.3295214765071455 1.4778721815268923
30 1680 -0.30933458030300354 -0.11862785604099253 0.14319899046864457 0.7148417645885132 0.48624227662090513 0.5013515877602056 0.7036730902617601 0.9309893056843157 0.9688800476831938 1.122433089496366 1.3295214765071455 1.4778721815268923
31 1736 -0.30933458030300354 -0.11862785604099253 0.14319899046864457 0.7148417645885132 0.48624227662090513 0.5013515877602056 0.7036730902617601 0.9309893056843157 0.9688800476831938 1.122433089496366 1.3295214765071455 1.4778721815268923
32 1792 -0.30933458030300354 -0.11862785604099253 0.14319899046864457 0.7148417645885132 0.48624227662090513 0.5013515877602056 0.7036730902617601 0.9309893056843157 0.9688800476831938 1.122433089496366 1.3295214765071455 1.4778721815268923
33 1848 -0.36430082890658555 -0.07928695776042548 0.1636443453999025 0.769996282331493 0.39344411955916925 0.5148886705492899 0.6476494458392734 0.7758007741282507 0.9679619940833264 1.2332029512870029 1.3565813202892312 1.5035697244491086
34 1904 -0.36430082890658555 -0.07928695776042548 0.1636443453999025 0.769996282331493 0.39344411955916925 0.5148886705492899 0.6476494458392734 0.7758007741282507 0.9679619940833264 1.2332029512870029 1.3565813202892312 1.5035697244491086
35 1960 -0.36430082890658555 -0.07928695776042548 0.1636443453999025 0.769996282331493 0.39344411955916925 0.5148886705492899 0.6476494458392734 0.7758007741282507 0.9679619940833264 1.2332029512870029 1.3565813202892312 1.5035697244491086
36 2016 -0.36430082890658555 -0.07928695776042548 0.1636443453999025 0.769996282331493 0.39344411955916925 0.5148886705492899 0.6476494458392734 0.7758007741282507 0.9679619940833264 1.2332029512870029 1.3565813202892312 1.5035697244491086
37 2072 -0.36430082890658555 -0.07928695776042548 0.1636443453999025 0.769996282331493 0.39344411955916925 0.5148886705492899 0.6476494458392734 0.7758007741282507 0.9679619940833264 1.2332029512870029 1.3565813202892312 1.5035697244491086
38 2128 -0.36430082890658555 -0.07928695776042548 0.1636443453999025 0.769996282331493 0.39344411955916925 0.5148886705492899 0.6476494458392734 0.7758007741282507 0.9679619940833264 1.2332029512870029 1.3565813202892312 1.5035697244491086
39 2184 -0.36430082890658555 -0.07928695776042548 0.1636443453999025 0.769996282331493 0.39344411955916925 0.5148886705492899 0.6476494458392734 0.7758007741282507 0.9679619940833264 1.2332029512870029 1.3565813202892312 1.5035697244491086
40 2240 -0.36430082890658555 -0.07928695776042548 0.1636443453999025 0.769996282331493 0.39344411955916925 0.5148886705492899 0.6476494458392734 0.7758007741282507 0.9679619940833264 1.2332029512870029 1.3565813202892312 1.5035697244491086
41 2296 -0.4543269062280461 -0.123153808667602 0.22256833473762386 0.6775884526245658 0.29892643182664724 0.49044300810385594 0.6584926521532546 0.7864421881741528 0.9569192226706901 1.1876537167306511 1.3413250540527246 1.5788084448935216
42 2352 -0.4543269062280461 -0.123153808667602 0.22256833473762386 0.6775884526245658 0.29892643182664724 0.49044300810385594 0.6584926521532546 0.7864421881741528 0.9569192226706901 1.1876537167306511 1.3413250540527246 1.5788084448935216
43 2408 -0.4543269062280461 -0.123153808667602 0.22256833473762386 0.6775884526245658 0.29892643182664724 0.49044300810385594 0.6584926521532546 0.7864421881741528 0.9569192226706901 1.1876537167306511 1.3413250540527246 1.5788084448935216
44 2464 -0.4543269062280461 -0.123153808667602 0.22256833473762386 0.6775884526245658 0.29892643182664724 0.49044300810385594 0.6584926521532546 0.7864421881741528 0.9569192226706901 1.1876537167306511 1.3413250540527246 1.5788084448935216
45 2520 -0.4543269062280461 -0.123153808667602 0.22256833473762386 0.6775884526245658 0.29892643182664724 0.49044300810385594 0.6584926521532546 0.7864421881741528 0.9569192226706901 1.1876537167306511 1.3413250540527246 1.5788084448935216
46 2576 -0.4543269062280461 -0.123153808667602 0.22256833473762386 0.6775884526245658 0.29892643182664724 0.49044300810385594 0.6584926521532546 0.7864421881741528 0.9569192226706901 1.1876537167306511 1.3413250540527246 1.5788084448935216
47 2632 -0.4543269062280461 -0.123153808667602 0.22256833473762386 0.6775884526245658 0.29892643182664724 0.49044300810385594 0.6584926521532546 0.7864421881741528 0.9569192226706901 1.1876537167306511 1.3413250540527246 1.5788084448935216
48 2688 -0.4543269062280461 -0.123153808667602 0.22256833473762386 0.6775884526245658 0.29892643182664724 0.49044300810385594 0.6584926521532546 0.7864421881741528 0.9569192226706901 1.1876537167306511 1.3413250540527246 1.5788084448935216
49 2744 -0.5081167321742928 -0.08301317087990234 0.2297536970618606 0.7988498999819996 0.2544451259370971 0.5423670363864764 0.6110848326007912 0.6203210531963085 0.9972708578150268 1.2635338983030695 1.3329790970303197 1.5858664650364023
50 2800 -0.5081167321742928 -0.08301317087990234 0.2297536970618606 0.7988498999819996 0.2544451259370971 0.5423670363864764 0.6110848326007912 0.6203210531963085 0.9972708578150268 1.2635338983030695 1.3329790970303197 1.5858664650364023
51 2856 -0.5081167321742928 -0.08301317087990234 0.2297536970618606 0.7988498999819996 0.2544451259370971 0.5423670363864764 0.6110848326007912 0.6203210531963085 0.9972708578150268 1.2635338983030695 1.3329790970303197 1.5858664650364023
52 2912 -0.5081167321742928 -0.08301317087990234 0.2297536970618606 0.7988498999819996 0.2544451259370971 0.5423670363864764 0.6110848326007912 0.6203210531963085 0.9972708578150268 1.2635338983030695 1.3329790970303197 1.5858664650364023
53 2968 -0.5081167321742928 -0.08301317087990234 0.2297536970618606 0.7988498999819996 0.2544451259370971 0.5423670363864764 0.6110848326007912 0.6203210531963085 0.9972708578150268 1.2635338983030695 1.3329790970303197 1.5858664650364023
54 3024 -0.5081167321742928 -0.08301317087990234 0.2297536970618606 0.7988498999819996 0.2544451259370971 0.5423670363864764 0.6110848326007912 0.6203210531963085 0.9972708578150268 1.2635338983030695 1.3329790970303197 1.5858664650364023
55 3080 -0.5081167321742928 -0.08301317087990234 0.2297536970618606 0.7988498999819996 0.2544451259370971 0.5423670363864764 0.6110848326007912 0.6203210531963085 0.9972708578150268 1.2635338983030695 1.3329790970303197 1.5858664650364023
56 3136 -0.5081167321742928 -0.08301317087990234 0.2297536970618606 0.7988498999819996 0.2544451259370971 0.5423670363864764 0.6110848326007912 0.6203210531963085 0.9972708578150268 1.2635338983030695 1.3329790970303197 1.5858664650364023
57 3192 -0.5015590528097978 -0.04708957808119921 0.1889795045895895 0.7909487062597351 0.27518284745795535 0.5697291067194634 0.6113655995945796 0.7176815215993838 0.9046281722346894 1.2840600380886777 1.3209807869674222 1.5807263936730755
58 3248 -0.5015590528097978 -0.04708957808119921 0.1889795045895895 0.7909487062597351 0.27518284745795535 0.5697291067194634 0.6113655995945796 0.7176815215993838 0.9046281722346894 1.2840600380886777 1.3209807869674222 1.5807263936730755
59 3304 -0.5015590528097978 -0.04708957808119921 0.1889795045895895 0.7909487062597351 0.27518284745795535 0.5697291067194634 0.6113655995945796 0.7176815215993838 0.9046281722346894 1.2840600380886777 1.3209807869674222 1.5807263936730755
60 3360 -0.5015590528097978 -0.04708957808119921 0.1889795045895895 0.7909487062597351 0.27518284745795535 0.5697291067194634 0.6113655995945796 0.7176815215993838 0.9046281722346894 1.2840600380886777 1.3209807869674222 1.5807263936730755
61 3416 -0.5015590528097978 -0.04708957808119921 0.1889795045895895 0.7909487062597351 0.27518284745795535 0.5697291067194634 0.6113655995945796 0.7176815215993838 0.9046281722346894 1.2840600380886777 1.3209807869674222 1.5807263936730755
62 3472 -0.5015590528097978 -0.04708957808119921 0.1889795045895895 0.7909487062597351 0.27518284745795535 0.5697291067194634 0.6113655995945796 0.7176815215993838 0.9046281722346894 1.2840600380886777 1.3209807869674222 1.5807263936730755
63 3528 -0.5015590528097978 -0.04708957808119921 0.1889795045895895 0.7909487062597351 0.27518284745795535 0.5697291067194634 0.6113655995945796 0.7176815215993838 0.9046281722346894 1.2840600380886777 1.3209807869674222 1.5807263936730755
64 3584 -0.5015590528097978 -0.04708957808119921 0.1889795045895895 0.7909487062597351 0.27518284745795535 0.5697291067194634 0.6113655995945796 0.7176815215993838 0.9046281722346894 1.2840600380886777 1.3209807869674222 1.5807263936730755
65 3640 -0.528299911918398 -0.10537322301044677 0.4076628912751066 0.7195932007043362 0.27163106648066265 0.48368453193933564 0.5952558133979114 0.6456949253209805 0.8094988057191377 1.2666416593230923 1.4171750967511514 1.628790886784066
66 3696 -0.528299911918398 -0.10537322301044677 0.4076628912751066 0.7195932007043362 0.27163106648066265 0.48368453193933564 0.5952558133979114 0.6456949253209805 0.8094988057191377 1.2666416593230923 1.4171750967511514 1.628790886784066
67 3752 -0.528299911918398 -0.10537322301044677 0.4076628912751066 0.7195932007043362 0.27163106648066265 0.48368453193933564 0.5952558133979114 0.6456949253209805 0.8094988057191377 1.2666416593230923 1.4171750967511514 1.628790886784066
68 3808 -0.528299911918398 -0.10537322301044677 0.4076628912751066 0.7195932007043362 0.27163106648066265 0.48368453193933564 0.5952558133979114 0.6456949253209805 0.8094988057191377 1.2666416593230923 1.4171750967511514 1.628790886784066
69 3864 -0.528299911918398 -0.10537322301044677 0.4076628912751066 0.7195932007043362 0.27163106648066265 0.48368453193933564 0.5952558133979114 0.6456949253209805 0.8094988057191377 1.2666416593230923 1.4171750967511514 1.628790886784066
70 3920 -0.528299911918398 -0.10537322301044677 0.4076628912751066 0.7195932007043362 0.27163106648066265 0.48368453193933564 0.5952558133979114 0.6456949253209805 0.8094988057191377 1.2666416593230923 1.4171750967511514 1.628790886784066
71 3976 -0.528299911918398 -0.10537322301044677 0.4076628912751066 0.7195932007043362 0.27163106648066265 0.48368453193933564 0.5952558133979114 0.6456949253209805 0.8094988057191377 1.2666416593230923 1.4171750967511514 1.628790886784066
72 4032 -0.528299911918398 -0.10537322301044677 0.4076628912751066 0.7195932007043362 0.27163106648066265 0.48368453193933564 0.5952558133979114 0.6456949253209805 0.8094988057191377 1.2666416593230923 1.4171750967511514 1.628790886784066
73 4088 -0.39746476709900824 -0.033441368518531196 0.629348474496637 0.9364646205473746 0.13467339029359726 0.25453775686976426 0.48740656206103006 0.6171074243024315 0.6761533764221687 1.1692776653935768 1.277199719144123 1.9603709109727239
74 4144 -0.39746476709900824 -0.033441368518531196 0.629348474496637 0.9364646205473746 0.13467339029359726 0.25453775686976426 0.48740656206103006 0.6171074243024315 0.6761533764221687 1.1692776653935768 1.277199719144123 1.9603709109727239
75 4200 -0.39746476709900824 -0.033441368518531196 0.629348474496637 0.9364646205473746 0.13467339029359726 0.25453775686976426 0.48740656206103006 0.6171074243024315 0.6761533764221687 1.1692776653935768 1.277199719144123 1.9603709109727239
76 4256 -0.39746476709900824 -0.033441368518531196 0.629348474496637 0.9364646205473746 0.13467339029359726 0.25453775686976426 0.48740656206103006 0.6171074243024315 0.6761533764221687 1.1692776653935768 1.277199719144123 1.9603709109727239
77 4312 -0.39746476709900824 -0.033441368518531196 0.629348474496637 0.9364646205473746 0.13467339029359726 0.25453775686976426 0.48740656206103006 0.6171074243024315 0.6761533764221687 1.1692776653935768 1.277199719144123 1.9603709109727239
78 4368 -0.39746476709900824 -0.033441368518531196 0.629348474496637 0.9364646205473746 0.13467339029359726 0.25453775686976426 0.48740656206103006 0.6171074243024315 0.6761533764221687 1.1692776653935768 1.277199719144123 1.9603709109727239
79 4424 -0.39746476709900824 -0.033441368518531196 0.629348474496637 0.9364646205473746 0.13467339029359726 0.25453775686976426 0.48740656206103006 0.6171074243024315 0.6761533764221687 1.1692776653935768 1.277199719144123 1.9603709109727239
80 4480 -0.39746476709900824 -0.033441368518531196 0.629348474496637 0.9364646205473746 0.13467339029359726 0.25453775686976426 0.48740656206103006 0.6171074243024315 0.6761533764221687 1.1692776653935768 1.277199719144123 1.9603709109727239
81 4536 -0.14327433716857974 0.21132135955521197 0.8035909393837677 0.9826373415609 0.07489648681792048 0.1621262838715471 0.2905962884745038 0.45810033825827223 0.6722027161822631 1.069443168810535 1.2107078527316895 2.1476556460308833
82 4592 -0.14327433716857974 0.21132135955521197 0.8035909393837677 0.9826373415609 0.07489648681792048 0.1621262838715471 0.2905962884745038 0.45810033825827223 0.6722027161822631 1.069443168810535 1.2107078527316895 2.1476556460308833
83 4648 -0.14327433716857974 0.21132135955521197 0.8035909393837677 0.9826373415609 0.07489648681792048 0.1621262838715471 0.2905962884745038 0.45810033825827223 0.6722027161822631 1.069443168810535 1.2107078527316895 2.1476556460308833
84 4704 -0.14327433716857974 0.21132135955521197 0.8035909393837677 0.9826373415609 0.07489648681792048 0.1621262838715471 0.2905962884745038 0.45810033825827223 0.6722027161822631 1.069443168810535 1.2107078527316895 2.1476556460308833
85 4760 -0.14327433716857974 0.21132135955521197 0.8035909393837677 0.9826373415609 0.07489648681792048 0.1621262838715471 0.2905962884745038 0.45810033825827223 0.6722027161822631 1.069443168810535 1.2107078527316895 2.1476556460308833
86 4816 -0.14327433716857974 0.21132135955521197 0.8035909393837677 0.9826373415609 0.07489648681792048 0.1621262838715471 0.2905962884745038 0.45810033825827223 0.6722027161822631 1.069443168810535 1.2107078527316895 2.1476556460308833
87 4872 -0.14327433716857974 0.21132135955521197 0.8035909393837677 0.9826373415609 0.07489648681792048 0.1621262838715471 0.2905962884745038 0.45810033825827223 0.6722027161822631 1.069443168810535 1.2107078527316895 2.1476556460308833
88 4928 -0.14327433716857974 0.21132135955521197 0.8035909393837677 0.9826373415609 0.07489648681792048 0.1621262838715471 0.2905962884745038 0.45810033825827223 0.6722027161822631 1.069443168810535 1.2107078527316895 2.1476556460308833
89 4984 -0.21920741088040036 0.32497313864597277 0.8177980275603148 0.9879114500438265 0.03951377843411661 0.10251843319440848 0.1936785604799729 0.3182903683023675 0.640209426590132 0.9311942753135275 1.2138582323861147 2.258022540237913
90 5040 -0.21920741088040036 0.32497313864597277 0.8177980275603148 0.9879114500438265 0.03951377843411661 0.10251843319440848 0.1936785604799729 0.3182903683023675 0.640209426590132 0.9311942753135275 1.2138582323861147 2.258022540237913
91 5096 -0.21920741088040036 0.32497313864597277 0.8177980275603148 0.9879114500438265 0.03951377843411661 0.10251843319440848 0.1936785604799729 0.3182903683023675 0.640209426590132 0.9311942753135275 1.2138582323861147 2.258022540237913
92 5152 -0.21920741088040036 0.32497313864597277 0.8177980275603148 0.9879114500438265 0.03951377843411661 0.10251843319440848 0.1936785604799729 0.3182903683023675 0.640209426590132 0.9311942753135275 1.2138582323861147 2.258022540237913
93 5208 -0.21920741088040036 0.32497313864597277 0.8177980275603148 0.9879114500438265 0.03951377843411661 0.10251843319440848 0.1936785604799729 0.3182903683023675 0.640209426590132 0.9311942753135275 1.2138582323861147 2.258022540237913
94 5264 -0.21920741088040036 0.32497313864597277 0.8177980275603148 0.9879114500438265 0.03951377843411661 0.10251843319440848 0.1936785604799729 0.3182903683023675 0.640209426590132 0.9311942753135275 1.2138582323861147 2.258022540237913
95 5320 -0.21920741088040036 0.32497313864597277 0.8177980275603148 0.9879114500438265 0.03951377843411661 0.10251843319440848 0.1936785604799729 0.3182903683023675 0.640209426590132 0.9311942753135275 1.2138582323861147 2.258022540237913
96 5376 -0.21920741088040036 0.32497313864597277 0.8177980275603148 0.9879114500438265 0.03951377843411661 0.10251843319440848 0.1936785604799729 0.3182903683023675 0.640209426590132 0.9311942753135275 1.2138582323861147 2.258022540237913
97 5432 0.050440563416929776 0.38385725008330385 0.7897183410172259 0.9870138229128309 0.03269415516512934 0.08279423066446487 0.15036517749965214 0.23435556720931505 0.6949575485730407 0.9088389566769017 1.118328454934929 2.3140724302603104
98 5488 0.050440563416929776 0.38385725008330385 0.7897183410172259 0.9870138229128309 0.03269415516512934 0.08279423066446487 0.15036517749965214 0.23435556720931505 0.6949575485730407 0.9088389566769017 1.118328454934929 2.3140724302603104
99 5544 0.050440563416929776 0.38385725008330385 0.7897183410172259 0.9870138229128309 0.03269415516512934 0.08279423066446487 0.15036517749965214 0.23435556720931505 0.6949575485730407 0.9088389566769017 1.118328454934929 2.3140724302603104
100 5600 0.050440563416929776 0.38385725008330385 0.7897183410172259 0.9870138229128309 0.03269415516512934 0.08279423066446487 0.15036517749965214 0.23435556720931505 0.6949575485730407 0.9088389566769017 1.118328454934929 2.3140724302603104
101 5656 0.050440563416929776 0.38385725008330385 0.7897183410172259 0.9870138229128309 0.03269415516512934 0.08279423066446487 0.15036517749965214 0.23435556720931505 0.6949575485730407 0.9088389566769017 1.118328454934929 2.3140724302603104
102 5712 0.050440563416929776 0.38385725008330385 0.7897183410172259 0.9870138229128309 0.03269415516512934 0.08279423066446487 0.15036517749965214 0.23435556720931505 0.6949575485730407 0.9088389566769017 1.118328454934929 2.3140724302603104
103 5768 0.050440563416929776 0.38385725008330385 0.7897183410172259 0.9870138229128309 0.03269415516512934 0.08279423066446487 0.15036517749965214 0.23435556720931505 0.6949575485730407 0.9088389566769017 1.118328454934929 2.3140724302603104
104 5824 0.050440563416929776 0.38385725008330385 0.7897183410172259 0.9870138229128309 0.03269415516512934 0.08279423066446487 0.15036517749965214 0.23435556720931505 0.6949575485730407 0.9088389566769017 1.118328454934929 2.3140724302603104
105 5880 0.14131407883579533 0.4998591253481619 0.8054294264590933 0.9835861867812242 0.030441836562083064 0.05694578973649502 0.0956212994165209 0.1780831347236644 0.7437327274194727 0.79782284144099 1.0754892672137186 2.368256028344743
106 5936 0.14131407883579533 0.4998591253481619 0.8054294264590933 0.9835861867812242 0.030441836562083064 0.05694578973649502 0.0956212994165209 0.1780831347236644 0.7437327274194727 0.79782284144099 1.0754892672137186 2.368256028344743
107 5992 0.14131407883579533 0.4998591253481619 0.8054294264590933 0.9835861867812242 0.030441836562083064 0.05694578973649502 0.0956212994165209 0.1780831347236644 0.7437327274194727 0.79782284144099 1.0754892672137186 2.368256028344743
108 6048 0.14131407883579533 0.4998591253481619 0.8054294264590933 0.9835861867812242 0.030441836562083064 0.05694578973649502 0.0956212994165209 0.1780831347236644 0.7437327274194727 0.79782284144099 1.0754892672137186 2.368256028344743
109 6104 0.14131407883579533 0.4998591253481619 0.8054294264590933 0.9835861867812242 0.030441836562083064 0.05694578973649502 0.0956212994165209 0.1780831347236644 0.7437327274194727 0.79782284144099 1.0754892672137186 2.368256028344743
110 6160 0.14131407883579533 0.4998591253481619 0.8054294264590933 0.9835861867812242 0.030441836562083064 0.05694578973649502 0.0956212994165209 0.1780831347236644 0.7437327274194727 0.79782284144099 1.0754892672137186 2.368256028344743
111 6216 0.14131407883579533 0.4998591253481619 0.8054294264590933 0.9835861867812242 0.030441836562083064 0.05694578973649502 0.0956212994165209 0.1780831347236644 0.7437327274194727 0.79782284144099 1.0754892672137186 2.368256028344743
112 6272 0.14131407883579533 0.4998591253481619 0.8054294264590933 0.9835861867812242 0.030441836562083064 0.05694578973649502 0.0956212994165209 0.1780831347236644 0.7437327274194727 0.79782284144099 1.0754892672137186 2.368256028344743
113 6328 0.391453208981301 0.7236616719391473 0.8954725909938063 0.9888340941413309 0.02458341762384418 0.0369574703073891 0.060095876658721174 0.10758523049376714 0.43928680213666094 0.650276260569388 0.8807378414609058 2.567355146796378
114 6384 0.391453208981301 0.7236616719391473 0.8954725909938063 0.9888340941413309 0.02458341762384418 0.0369574703073891 0.060095876658721174 0.10758523049376714 0.43928680213666094 0.650276260569388 0.8807378414609058 2.567355146796378
115 6440 0.391453208981301 0.7236616719391473 0.8954725909938063 0.9888340941413309 0.02458341762384418 0.0369574703073891 0.060095876658721174 0.10758523049376714 0.43928680213666094 0.650276260569388 0.8807378414609058 2.567355146796378
116 6496 0.391453208981301 0.7236616719391473 0.8954725909938063 0.9888340941413309 0.02458341762384418 0.0369574703073891 0.060095876658721174 0.10758523049376714 0.43928680213666094 0.650276260569388 0.8807378414609058 2.567355146796378
117 6552 0.391453208981301 0.7236616719391473 0.8954725909938063 0.9888340941413309 0.02458341762384418 0.0369574703073891 0.060095876658721174 0.10758523049376714 0.43928680213666094 0.650276260569388 0.8807378414609058 2.567355146796378
118 6608 0.391453208981301 0.7236616719391473 0.8954725909938063 0.9888340941413309 0.02458341762384418 0.0369574703073891 0.060095876658721174 0.10758523049376714 0.43928680213666094 0.650276260569388 0.8807378414609058 2.567355146796378
119 6664 0.391453208981301 0.7236616719391473 0.8954725909938063 0.9888340941413309 0.02458341762384418 0.0369574703073891 0.060095876658721174 0.10758523049376714 0.43928680213666094 0.650276260569388 0.8807378414609058 2.567355146796378
120 6720 0.391453208981301 0.7236616719391473 0.8954725909938063 0.9888340941413309 0.02458341762384418 0.0369574703073891 0.060095876658721174 0.10758523049376714 0.43928680213666094 0.650276260569388 0.8807378414609058 2.567355146796378
121 6776 0.31146880718375647 0.7180057056941233 0.8830240897225972 0.9852390674414104 0.025574910635926373 0.032182145623644916 0.047299806194246626 0.10169242518828994 0.37777518036436203 0.7142695962258376 0.9679769602111037 2.529003177924231
122 6832 0.31146880718375647 0.7180057056941233 0.8830240897225972 0.9852390674414104 0.025574910635926373 0.032182145623644916 0.047299806194246626 0.10169242518828994 0.37777518036436203 0.7142695962258376 0.9679769602111037 2.529003177924231
123 6888 0.31146880718375647 0.7180057056941233 0.8830240897225972 0.9852390674414104 0.025574910635926373 0.032182145623644916 0.047299806194246626 0.10169242518828994 0.37777518036436203 0.7142695962258376 0.9679769602111037 2.529003177924231
124 6944 0.31146880718375647 0.7180057056941233 0.8830240897225972 0.9852390674414104 0.025574910635926373 0.032182145623644916 0.047299806194246626 0.10169242518828994 0.37777518036436203 0.7142695962258376 0.9679769602111037 2.529003177924231
125 7000 0.31146880718375647 0.7180057056941233 0.8830240897225972 0.9852390674414104 0.025574910635926373 0.032182145623644916 0.047299806194246626 0.10169242518828994 0.37777518036436203 0.7142695962258376 0.9679769602111037 2.529003177924231
126 7056 0.31146880718375647 0.7180057056941233 0.8830240897225972 0.9852390674414104 0.025574910635926373 0.032182145623644916 0.047299806194246626 0.10169242518828994 0.37777518036436203 0.7142695962258376 0.9679769602111037 2.529003177924231
127 7112 0.31146880718375647 0.7180057056941233 0.8830240897225972 0.9852390674414104 0.025574910635926373 0.032182145623644916 0.047299806194246626 0.10169242518828994 0.37777518036436203 0.7142695962258376 0.9679769602111037 2.529003177924231
128 7168 0.31146880718375647 0.7180057056941233 0.8830240897225972 0.9852390674414104 0.025574910635926373 0.032182145623644916 0.047299806194246626 0.10169242518828994 0.37777518036436203 0.7142695962258376 0.9679769602111037 2.529003177924231
129 7224 0.23096289574499596 0.7309808337637226 0.9041676610172634 0.9887772209513228 0.015178261433922416 0.019735847389412746 0.03701226226057355 0.10051692158130382 0.2949077646170955 0.6953901349325361 1.0072720026413948 2.5303698624761726
130 7280 0.23096289574499596 0.7309808337637226 0.9041676610172634 0.9887772209513228 0.015178261433922416 0.019735847389412746 0.03701226226057355 0.10051692158130382 0.2949077646170955 0.6953901349325361 1.0072720026413948 2.5303698624761726
131 7336 0.23096289574499596 0.7309808337637226 0.9041676610172634 0.9887772209513228 0.015178261433922416 0.019735847389412746 0.03701226226057355 0.10051692158130382 0.2949077646170955 0.6953901349325361 1.0072720026413948 2.5303698624761726
132 7392 0.23096289574499596 0.7309808337637226 0.9041676610172634 0.9887772209513228 0.015178261433922416 0.019735847389412746 0.03701226226057355 0.10051692158130382 0.2949077646170955 0.6953901349325361 1.0072720026413948 2.5303698624761726
133 7448 0.23096289574499596 0.7309808337637226 0.9041676610172634 0.9887772209513228 0.015178261433922416 0.019735847389412746 0.03701226226057355 0.10051692158130382 0.2949077646170955 0.6953901349325361 1.0072720026413948 2.5303698624761726
134 7504 0.23096289574499596 0.7309808337637226 0.9041676610172634 0.9887772209513228 0.015178261433922416 0.019735847389412746 0.03701226226057355 0.10051692158130382 0.2949077646170955 0.6953901349325361 1.0072720026413948 2.5303698624761726
135 7560 0.23096289574499596 0.7309808337637226 0.9041676610172634 0.9887772209513228 0.015178261433922416 0.019735847389412746 0.03701226226057355 0.10051692158130382 0.2949077646170955 0.6953901349325361 1.0072720026413948 2.5303698624761726
136 7616 0.23096289574499596 0.7309808337637226 0.9041676610172634 0.9887772209513228 0.015178261433922416 0.019735847389412746 0.03701226226057355 0.10051692158130382 0.2949077646170955 0.6953901349325361 1.0072720026413948 2.5303698624761726
137 7672 0.265343378004945 0.6722700560172139 0.919224149334892 0.9922769315332649 0.008622163312258183 0.010491780418119004 0.030639323814620235 0.0959346813170222 0.2060115009902655 0.8097061447746471 0.99420635922009 2.510609942914372
138 7728 0.265343378004945 0.6722700560172139 0.919224149334892 0.9922769315332649 0.008622163312258183 0.010491780418119004 0.030639323814620235 0.0959346813170222 0.2060115009902655 0.8097061447746471 0.99420635922009 2.510609942914372
139 7784 0.265343378004945 0.6722700560172139 0.919224149334892 0.9922769315332649 0.008622163312258183 0.010491780418119004 0.030639323814620235 0.0959346813170222 0.2060115009902655 0.8097061447746471 0.99420635922009 2.510609942914372
140 7840 0.265343378004945 0.6722700560172139 0.919224149334892 0.9922769315332649 0.008622163312258183 0.010491780418119004 0.030639323814620235 0.0959346813170222 0.2060115009902655 0.8097061447746471 0.99420635922009 2.510609942914372
141 7896 0.265343378004945 0.6722700560172139 0.919224149334892 0.9922769315332649 0.008622163312258183 0.010491780418119004 0.030639323814620235 0.0959346813170222 0.2060115009902655 0.8097061447746471 0.99420635922009 2.510609942914372
142 7952 0.265343378004945 0.6722700560172139 0.919224149334892 0.9922769315332649 0.008622163312258183 0.010491780418119004 0.030639323814620235 0.0959346813170222 0.2060115009902655 0.8097061447746471 0.99420635922009 2.510609942914372
143 8008 0.265343378004945 0.6722700560172139 0.919224149334892 0.9922769315332649 0.008622163312258183 0.010491780418119004 0.030639323814620235 0.0959346813170222 0.2060115009902655 0.8097061447746471 0.99420635922009 2.510609942914372
144 8064 0.265343378004945 0.6722700560172139 0.919224149334892 0.9922769315332649 0.008622163312258183 0.010491780418119004 0.030639323814620235 0.0959346813170222 0.2060115009902655 0.8097061447746471 0.99420635922009 2.510609942914372
145 8120 0.2841585585898845 0.742237456769828 0.9099450083936595 0.9942430580507726 0.004305805409300104 0.006310704789265099 0.019378844699125125 0.09118901291645395 0.19637506857762713 0.7138430402429973 0.9749050122176314 2.5480729626203793
146 8176 0.2841585585898845 0.742237456769828 0.9099450083936595 0.9942430580507726 0.004305805409300104 0.006310704789265099 0.019378844699125125 0.09118901291645395 0.19637506857762713 0.7138430402429973 0.9749050122176314 2.5480729626203793
147 8232 0.2841585585898845 0.742237456769828 0.9099450083936595 0.9942430580507726 0.004305805409300104 0.006310704789265099 0.019378844699125125 0.09118901291645395 0.19637506857762713 0.7138430402429973 0.9749050122176314 2.5480729626203793
148 8288 0.2841585585898845 0.742237456769828 0.9099450083936595 0.9942430580507726 0.004305805409300104 0.006310704789265099 0.019378844699125125 0.09118901291645395 0.19637506857762713 0.7138430402429973 0.9749050122176314 2.5480729626203793
149 8344 0.2841585585898845 0.742237456769828 0.9099450083936595 0.9942430580507726 0.004305805409300104 0.006310704789265099 0.019378844699125125 0.09118901291645395 0.19637506857762713 0.7138430402429973 0.9749050122176314 2.5480729626203793
150 8400 0.2841585585898845 0.742237456769828 0.9099450083936595 0.9942430580507726 0.004305805409300104 0.006310704789265099 0.019378844699125125 0.09118901291645395 0.19637506857762713 0.7138430402429973 0.9749050122176314 2.5480729626203793
151 8456 0.2841585585898845 0.742237456769828 0.9099450083936595 0.9942430580507726 0.004305805409300104 0.006310704789265099 0.019378844699125125 0.09118901291645395 0.19637506857762713 0.7138430402429973 0.9749050122176314 2.5480729626203793
152 8512 0.2841585585898845 0.742237456769828 0.9099450083936595 0.9942430580507726 0.004305805409300104 0.006310704789265099 0.019378844699125125 0.09118901291645395 0.19637506857762713 0.7138430402429973 0.9749050122176314 2.5480729626203793
153 8568 0.18769711363340733 0.7455162837937006 0.894332395906686 0.9944980204101332 0.0022456394306035942 0.0037424787813734963 0.012188976428521637 0.09187561402357632 0.1996139467106865 0.6908129881819961 1.0231893300952244 2.5352330334260125
154 8624 0.18769711363340733 0.7455162837937006 0.894332395906686 0.9944980204101332 0.0022456394306035942 0.0037424787813734963 0.012188976428521637 0.09187561402357632 0.1996139467106865 0.6908129881819961 1.0231893300952244 2.5352330334260125
155 8680 0.18769711363340733 0.7455162837937006 0.894332395906686 0.9944980204101332 0.0022456394306035942 0.0037424787813734963 0.012188976428521637 0.09187561402357632 0.1996139467106865 0.6908129881819961 1.0231893300952244 2.5352330334260125
156 8736 0.18769711363340733 0.7455162837937006 0.894332395906686 0.9944980204101332 0.0022456394306035942 0.0037424787813734963 0.012188976428521637 0.09187561402357632 0.1996139467106865 0.6908129881819961 1.0231893300952244 2.5352330334260125
157 8792 0.18769711363340733 0.7455162837937006 0.894332395906686 0.9944980204101332 0.0022456394306035942 0.0037424787813734963 0.012188976428521637 0.09187561402357632 0.1996139467106865 0.6908129881819961 1.0231893300952244 2.5352330334260125
158 8848 0.18769711363340733 0.7455162837937006 0.894332395906686 0.9944980204101332 0.0022456394306035942 0.0037424787813734963 0.012188976428521637 0.09187561402357632 0.1996139467106865 0.6908129881819961 1.0231893300952244 2.5352330334260125
159 8904 0.18769711363340733 0.7455162837937006 0.894332395906686 0.9944980204101332 0.0022456394306035942 0.0037424787813734963 0.012188976428521637 0.09187561402357632 0.1996139467106865 0.6908129881819961 1.0231893300952244 2.5352330334260125
160 8960 0.18769711363340733 0.7455162837937006 0.894332395906686 0.9944980204101332 0.0022456394306035942 0.0037424787813734963 0.012188976428521637 0.09187561402357632 0.1996139467106865 0.6908129881819961 1.0231893300952244 2.5352330334260125
161 9016 0.24385526049348483 0.6992848034520822 0.9063335955707021 0.9936282559481366 0.0013126175936065839 0.002338174349293281 0.0053553356112783085 0.08778795248564802 0.19926617955289294 0.7697994773336858 0.9995980155226872 2.5220553061939226
162 9072 0.24385526049348483 0.6992848034520822 0.9063335955707021 0.9936282559481366 0.0013126175936065839 0.002338174349293281 0.0053553356112783085 0.08778795248564802 0.19926617955289294 0.7697994773336858 0.9995980155226872 2.5220553061939226
163 9128 0.24385526049348483 0.6992848034520822 0.9063335955707021 0.9936282559481366 0.0013126175936065839 0.002338174349293281 0.0053553356112783085 0.08778795248564802 0.19926617955289294 0.7697994773336858 0.9995980155226872 2.5220553061939226
164 9184 0.24385526049348483 0.6992848034520822 0.9063335955707021 0.9936282559481366 0.0013126175936065839 0.002338174349293281 0.0053553356112783085 0.08778795248564802 0.19926617955289294 0.7697994773336858 0.9995980155226872 2.5220553061939226
165 9240 0.24385526049348483 0.6992848034520822 0.9063335955707021 0.9936282559481366 0.0013126175936065839 0.002338174349293281 0.0053553356112783085 0.08778795248564802 0.19926617955289294 0.7697994773336858 0.9995980155226872 2.5220553061939226
166 9296 0.24385526049348483 0.6992848034520822 0.9063335955707021 0.9936282559481366 0.0013126175936065839 0.002338174349293281 0.0053553356112783085 0.08778795248564802 0.19926617955289294 0.7697994773336858 0.9995980155226872 2.5220553061939226
167 9352 0.24385526049348483 0.6992848034520822 0.9063335955707021 0.9936282559481366 0.0013126175936065839 0.002338174349293281 0.0053553356112783085 0.08778795248564802 0.19926617955289294 0.7697994773336858 0.9995980155226872 2.5220553061939226
168 9408 0.24385526049348483 0.6992848034520822 0.9063335955707021 0.9936282559481366 0.0013126175936065839 0.002338174349293281 0.0053553356112783085 0.08778795248564802 0.19926617955289294 0.7697994773336858 0.9995980155226872 2.5220553061939226
169 9464 0.1300869131752465 0.684172853411297 0.894141883810395 0.9937904196442309 0.0005719768615485999 0.0009309400104139178 0.0029609485517987848 0.09388339041808635 0.20727524449021825 0.7893541616015074 1.0582297063189336 2.491040508949722
170 9520 0.1300869131752465 0.684172853411297 0.894141883810395 0.9937904196442309 0.0005719768615485999 0.0009309400104139178 0.0029609485517987848 0.09388339041808635 0.20727524449021825 0.7893541616015074 1.0582297063189336 2.491040508949722
171 9576 0.1300869131752465 0.684172853411297 0.894141883810395 0.9937904196442309 0.0005719768615485999 0.0009309400104139178 0.0029609485517987848 0.09388339041808635 0.20727524449021825 0.7893541616015074 1.0582297063189336 2.491040508949722
172 9632 0.1300869131752465 0.684172853411297 0.894141883810395 0.9937904196442309 0.0005719768615485999 0.0009309400104139178 0.0029609485517987848 0.09388339041808635 0.20727524449021825 0.7893541616015074 1.0582297063189336 2.491040508949722
173 9688 0.1300869131752465 0.684172853411297 0.894141883810395 0.9937904196442309 0.0005719768615485999 0.0009309400104139178 0.0029609485517987848 0.09388339041808635 0.20727524449021825 0.7893541616015074 1.0582297063189336 2.491040508949722
174 9744 0.1300869131752465 0.684172853411297 0.894141883810395 0.9937904196442309 0.0005719768615485999 0.0009309400104139178 0.0029609485517987848 0.09388339041808635 0.20727524449021825 0.7893541616015074 1.0582297063189336 2.491040508949722
175 9800 0.1300869131752465 0.684172853411297 0.894141883810395 0.9937904196442309 0.0005719768615485999 0.0009309400104139178 0.0029609485517987848 0.09388339041808635 0.20727524449021825 0.7893541616015074 1.0582297063189336 2.491040508949722
176 9856 0.1300869131752465 0.684172853411297 0.894141883810395 0.9937904196442309 0.0005719768615485999 0.0009309400104139178 0.0029609485517987848 0.09388339041808635 0.20727524449021825 0.7893541616015074 1.0582297063189336 2.491040508949722
177 9912 0.30060303684246137 0.6802702326655097 0.914458415519842 0.9940075364079354 0.00030398931504580325 0.00037596607864299835 0.0015882649285460784 0.08393743158013793 0.20061052290288045 0.7863653889496908 0.9914702158503537 2.520183218632832
178 9968 0.30060303684246137 0.6802702326655097 0.914458415519842 0.9940075364079354 0.00030398931504580325 0.00037596607864299835 0.0015882649285460784 0.08393743158013793 0.20061052290288045 0.7863653889496908 0.9914702158503537 2.520183218632832
179 10024 0.30060303684246137 0.6802702326655097 0.914458415519842 0.9940075364079354 0.00030398931504580325 0.00037596607864299835 0.0015882649285460784 0.08393743158013793 0.20061052290288045 0.7863653889496908 0.9914702158503537 2.520183218632832
180 10080 0.30060303684246137 0.6802702326655097 0.914458415519842 0.9940075364079354 0.00030398931504580325 0.00037596607864299835 0.0015882649285460784 0.08393743158013793 0.20061052290288045 0.7863653889496908 0.9914702158503537 2.520183218632832
181 10136 0.30060303684246137 0.6802702326655097 0.914458415519842 0.9940075364079354 0.00030398931504580325 0.00037596607864299835 0.0015882649285460784 0.08393743158013793 0.20061052290288045 0.7863653889496908 0.9914702158503537 2.520183218632832
182 10192 0.30060303684246137 0.6802702326655097 0.914458415519842 0.9940075364079354 0.00030398931504580325 0.00037596607864299835 0.0015882649285460784 0.08393743158013793 0.20061052290288045 0.7863653889496908 0.9914702158503537 2.520183218632832
183 10248 0.30060303684246137 0.6802702326655097 0.914458415519842 0.9940075364079354 0.00030398931504580325 0.00037596607864299835 0.0015882649285460784 0.08393743158013793 0.20061052290288045 0.7863653889496908 0.9914702158503537 2.520183218632832
184 10304 0.30060303684246137 0.6802702326655097 0.914458415519842 0.9940075364079354 0.00030398931504580325 0.00037596607864299835 0.0015882649285460784 0.08393743158013793 0.20061052290288045 0.7863653889496908 0.9914702158503537 2.520183218632832
185 10360 0.16934347544278605 0.7286224572824438 0.909340889984376 0.9959415105024737 0.0001259941200439257 0.00017565964358954875 0.0006541820462163661 0.0741814594886721 0.16764023299593422 0.6491430720311931 1.058160547203263 2.534818123069309
186 10416 0.16934347544278605 0.7286224572824438 0.909340889984376 0.9959415105024737 0.0001259941200439257 0.00017565964358954875 0.0006541820462163661 0.0741814594886721 0.16764023299593422 0.6491430720311931 1.058160547203263 2.534818123069309
187 10472 0.16934347544278605 0.7286224572824438 0.909340889984376 0.9959415105024737 0.0001259941200439257 0.00017565964358954875 0.0006541820462163661 0.0741814594886721 0.16764023299593422 0.6491430720311931 1.058160547203263 2.534818123069309
188 10528 0.16934347544278605 0.7286224572824438 0.909340889984376 0.9959415105024737 0.0001259941200439257 0.00017565964358954875 0.0006541820462163661 0.0741814594886721 0.16764023299593422 0.6491430720311931 1.058160547203263 2.534818123069309
189 10584 0.16934347544278605 0.7286224572824438 0.909340889984376 0.9959415105024737 0.0001259941200439257 0.00017565964358954875 0.0006541820462163661 0.0741814594886721 0.16764023299593422 0.6491430720311931 1.058160547203263 2.534818123069309
190 10640 0.16934347544278605 0.7286224572824438 0.909340889984376 0.9959415105024737 0.0001259941200439257 0.00017565964358954875 0.0006541820462163661 0.0741814594886721 0.16764023299593422 0.6491430720311931 1.058160547203263 2.534818123069309
191 10696 0.16934347544278605 0.7286224572824438 0.909340889984376 0.9959415105024737 0.0001259941200439257 0.00017565964358954875 0.0006541820462163661 0.0741814594886721 0.16764023299593422 0.6491430720311931 1.058160547203263 2.534818123069309
192 10752 0.16934347544278605 0.7286224572824438 0.909340889984376 0.9959415105024737 0.0001259941200439257 0.00017565964358954875 0.0006541820462163661 0.0741814594886721 0.16764023299593422 0.6491430720311931 1.058160547203263 2.534818123069309
193 10808 0.21117419169672336 0.7253797679031562 0.9033372857345474 0.9948411783512683 8.611360352182664e-05 0.00011321608389384427 0.000345927913198293 0.08761339465092906 0.18476601465897985 0.7319278914778649 1.0212824160113683 2.5257571263737866
194 10864 0.21117419169672336 0.7253797679031562 0.9033372857345474 0.9948411783512683 8.611360352182664e-05 0.00011321608389384427 0.000345927913198293 0.08761339465092906 0.18476601465897985 0.7319278914778649 1.0212824160113683 2.5257571263737866
195 10920 0.21117419169672336 0.7253797679031562 0.9033372857345474 0.9948411783512683 8.611360352182664e-05 0.00011321608389384427 0.000345927913198293 0.08761339465092906 0.18476601465897985 0.7319278914778649 1.0212824160113683 2.5257571263737866
196 10976 0.21117419169672336 0.7253797679031562 0.9033372857345474 0.9948411783512683 8.611360352182664e-05 0.00011321608389384427 0.000345927913198293 0.08761339465092906 0.18476601465897985 0.7319278914778649 1.0212824160113683 2.5257571263737866
197 11032 0.21117419169672336 0.7253797679031562 0.9033372857345474 0.9948411783512683 8.611360352182664e-05 0.00011321608389384427 0.000345927913198293 0.08761339465092906 0.18476601465897985 0.7319278914778649 1.0212824160113683 2.5257571263737866
198 11088 0.21117419169672336 0.7253797679031562 0.9033372857345474 0.9948411783512683 8.611360352182664e-05 0.00011321608389384427 0.000345927913198293 0.08761339465092906 0.18476601465897985 0.7319278914778649 1.0212824160113683 2.5257571263737866
199 11144 0.21117419169672336 0.7253797679031562 0.9033372857345474 0.9948411783512683 8.611360352182664e-05 0.00011321608389384427 0.000345927913198293 0.08761339465092906 0.18476601465897985 0.7319278914778649 1.0212824160113683 2.5257571263737866
200 11200 0.21117419169672336 0.7253797679031562 0.9033372857345474 0.9948411783512683 8.611360352182664e-05 0.00011321608389384427 0.000345927913198293 0.08761339465092906 0.18476601465897985 0.7319278914778649 1.0212824160113683 2.5257571263737866
201 11256 0.1520768788594975 0.65958532572576 0.8687060157816406 0.9945463036216553 4.3835470948568205e-05 7.599227054125178e-05 0.0002139439114168094 0.09033869402881632 0.1855582571700296 0.8010411247214525 1.0639473682043512 2.4867159295514325
202 11312 0.1520768788594975 0.65958532572576 0.8687060157816406 0.9945463036216553 4.3835470948568205e-05 7.599227054125178e-05 0.0002139439114168094 0.09033869402881632 0.1855582571700296 0.8010411247214525 1.0639473682043512 2.4867159295514325
203 11368 0.1520768788594975 0.65958532572576 0.8687060157816406 0.9945463036216553 4.3835470948568205e-05 7.599227054125178e-05 0.0002139439114168094 0.09033869402881632 0.1855582571700296 0.8010411247214525 1.0639473682043512 2.4867159295514325
204 11424 0.1520768788594975 0.65958532572576 0.8687060157816406 0.9945463036216553 4.3835470948568205e-05 7.599227054125178e-05 0.0002139439114168094 0.09033869402881632 0.1855582571700296 0.8010411247214525 1.0639473682043512 2.4867159295514325
205 11480 0.1520768788594975 0.65958532572576 0.8687060157816406 0.9945463036216553 4.3835470948568205e-05 7.599227054125178e-05 0.0002139439114168094 0.09033869402881632 0.1855582571700296 0.8010411247214525 1.0639473682043512 2.4867159295514325
206 11536 0.1520768788594975 0.65958532572576 0.8687060157816406 0.9945463036216553 4.3835470948568205e-05 7.599227054125178e-05 0.0002139439114168094 0.09033869402881632 0.1855582571700296 0.8010411247214525 1.0639473682043512 2.4867159295514325
207 11592 -0.06335048261539813 -0.024357380635581617 0.03971310228837309 0.09999995404003817 0.9108718978584829 0.9298550064756633 0.9642479327815894 0.9911836370377652 1.0117220456028964 1.04276438517906 1.0626510223436059 1.0739165324056452
208 11648 -0.06335048261539813 -0.024357380635581617 0.03971310228837309 0.09999995404003817 0.9108718978584829 0.9298550064756633 0.9642479327815894 0.9911836370377652 1.0117220456028964 1.04276438517906 1.0626510223436059 1.0739165324056452
209 11704 -0.06335048261539813 -0.024357380635581617 0.03971310228837309 0.09999995404003817 0.9108718978584829 0.9298550064756633 0.9642479327815894 0.9911836370377652 1.0117220456028964 1.04276438517906 1.0626510223436059 1.0739165324056452
210 11760 -0.06335048261539813 -0.024357380635581617 0.03971310228837309 0.09999995404003817 0.9108718978584829 0.9298550064756633 0.9642479327815894 0.9911836370377652 1.0117220456028964 1.04276438517906 1.0626510223436059 1.0739165324056452
211 11816 -0.06335048261539813 -0.024357380635581617 0.03971310228837309 0.09999995404003817 0.9108718978584829 0.9298550064756633 0.9642479327815894 0.9911836370377652 1.0117220456028964 1.04276438517906 1.0626510223436059 1.0739165324056452
212 11872 -0.06335048261539813 -0.024357380635581617 0.03971310228837309 0.09999995404003817 0.9108718978584829 0.9298550064756633 0.9642479327815894 0.9911836370377652 1.0117220456028964 1.04276438517906 1.0626510223436059 1.0739165324056452
213 11928 -0.06335048261539813 -0.024357380635581617 0.03971310228837309 0.09999995404003817 0.9108718978584829 0.9298550064756633 0.9642479327815894 0.9911836370377652 1.0117220456028964 1.04276438517906 1.0626510223436059 1.0739165324056452
214 11984 -0.06335048261539813 -0.024357380635581617 0.03971310228837309 0.09999995404003817 0.9108718978584829 0.9298550064756633 0.9642479327815894 0.9911836370377652 1.0117220456028964 1.04276438517906 1.0626510223436059 1.0739165324056452
215 12040 -0.20015052961101065 -0.13641877276184225 0.07196690422224025 0.3828221854074151 0.6323977370597332 0.6991928092535431 0.8037868211330025 0.9858358745454421 1.032246686967624 1.142388647095075 1.2404316706164837 1.258571062374406
216 12096 -0.20015052961101065 -0.13641877276184225 0.07196690422224025 0.3828221854074151 0.6323977370597332 0.6991928092535431 0.8037868211330025 0.9858358745454421 1.032246686967624 1.142388647095075 1.2404316706164837 1.258571062374406
217 12152 -0.20015052961101065 -0.13641877276184225 0.07196690422224025 0.3828221854074151 0.6323977370597332 0.6991928092535431 0.8037868211330025 0.9858358745454421 1.032246686967624 1.142388647095075 1.2404316706164837 1.258571062374406
218 12208 -0.20015052961101065 -0.13641877276184225 0.07196690422224025 0.3828221854074151 0.6323977370597332 0.6991928092535431 0.8037868211330025 0.9858358745454421 1.032246686967624 1.142388647095075 1.2404316706164837 1.258571062374406
219 12264 -0.20015052961101065 -0.13641877276184225 0.07196690422224025 0.3828221854074151 0.6323977370597332 0.6991928092535431 0.8037868211330025 0.9858358745454421 1.032246686967624 1.142388647095075 1.2404316706164837 1.258571062374406
220 12320 -0.20015052961101065 -0.13641877276184225 0.07196690422224025 0.3828221854074151 0.6323977370597332 0.6991928092535431 0.8037868211330025 0.9858358745454421 1.032246686967624 1.142388647095075 1.2404316706164837 1.258571062374406
221 12376 -0.20015052961101065 -0.13641877276184225 0.07196690422224025 0.3828221854074151 0.6323977370597332 0.6991928092535431 0.8037868211330025 0.9858358745454421 1.032246686967624 1.142388647095075 1.2404316706164837 1.258571062374406
222 12432 -0.20015052961101065 -0.13641877276184225 0.07196690422224025 0.3828221854074151 0.6323977370597332 0.6991928092535431 0.8037868211330025 0.9858358745454421 1.032246686967624 1.142388647095075 1.2404316706164837 1.258571062374406
223 12488 -0.3860821068122575 -0.20418587764118626 0.1065268371297733 0.5190133924553637 0.4361145569546722 0.5644655590027895 0.6649452066829571 0.9662814267098159 1.0550581489028845 1.1873944104494154 1.3190594545792858 1.3610142446605775
224 12544 -0.3860821068122575 -0.20418587764118626 0.1065268371297733 0.5190133924553637 0.4361145569546722 0.5644655590027895 0.6649452066829571 0.9662814267098159 1.0550581489028845 1.1873944104494154 1.3190594545792858 1.3610142446605775
225 12600 -0.3860821068122575 -0.20418587764118626 0.1065268371297733 0.5190133924553637 0.4361145569546722 0.5644655590027895 0.6649452066829571 0.9662814267098159 1.0550581489028845 1.1873944104494154 1.3190594545792858 1.3610142446605775
226 12656 -0.3860821068122575 -0.20418587764118626 0.1065268371297733 0.5190133924553637 0.4361145569546722 0.5644655590027895 0.6649452066829571 0.9662814267098159 1.0550581489028845 1.1873944104494154 1.3190594545792858 1.3610142446605775
227 12712 -0.3860821068122575 -0.20418587764118626 0.1065268371297733 0.5190133924553637 0.4361145569546722 0.5644655590027895 0.6649452066829571 0.9662814267098159 1.0550581489028845 1.1873944104494154 1.3190594545792858 1.3610142446605775
228 12768 -0.3860821068122575 -0.20418587764118626 0.1065268371297733 0.5190133924553637 0.4361145569546722 0.5644655590027895 0.6649452066829571 0.9662814267098159 1.0550581489028845 1.1873944104494154 1.3190594545792858 1.3610142446605775
229 12824 -0.3860821068122575 -0.20418587764118626 0.1065268371297733 0.5190133924553637 0.4361145569546722 0.5644655590027895 0.6649452066829571 0.9662814267098159 1.0550581489028845 1.1873944104494154 1.3190594545792858 1.3610142446605775
230 12880 -0.3860821068122575 -0.20418587764118626 0.1065268371297733 0.5190133924553637 0.4361145569546722 0.5644655590027895 0.6649452066829571 0.9662814267098159 1.0550581489028845 1.1873944104494154 1.3190594545792858 1.3610142446605775
231 12936 -0.555284939027542 -0.21496117552718985 0.1520561446074372 0.5477086241168594 0.3638729974129146 0.4951211835171042 0.6545437074682581 0.7473790611588498 1.0775389042227563 1.2513855126648268 1.2930531074663731 1.49546193505283
232 12992 -0.555284939027542 -0.21496117552718985 0.1520561446074372 0.5477086241168594 0.3638729974129146 0.4951211835171042 0.6545437074682581 0.7473790611588498 1.0775389042227563 1.2513855126648268 1.2930531074663731 1.49546193505283
233 13048 -0.555284939027542 -0.21496117552718985 0.1520561446074372 0.5477086241168594 0.3638729974129146 0.4951211835171042 0.6545437074682581 0.7473790611588498 1.0775389042227563 1.2513855126648268 1.2930531074663731 1.49546193505283
234 13104 -0.555284939027542 -0.21496117552718985 0.1520561446074372 0.5477086241168594 0.3638729974129146 0.4951211835171042 0.6545437074682581 0.7473790611588498 1.0775389042227563 1.2513855126648268 1.2930531074663731 1.49546193505283
235 13160 -0.555284939027542 -0.21496117552718985 0.1520561446074372 0.5477086241168594 0.3638729974129146 0.4951211835171042 0.6545437074682581 0.7473790611588498 1.0775389042227563 1.2513855126648268 1.2930531074663731 1.49546193505283
236 13216 -0.555284939027542 -0.21496117552718985 0.1520561446074372 0.5477086241168594 0.3638729974129146 0.4951211835171042 0.6545437074682581 0.7473790611588498 1.0775389042227563 1.2513855126648268 1.2930531074663731 1.49546193505283
237 13272 -0.555284939027542 -0.21496117552718985 0.1520561446074372 0.5477086241168594 0.3638729974129146 0.4951211835171042 0.6545437074682581 0.7473790611588498 1.0775389042227563 1.2513855126648268 1.2930531074663731 1.49546193505283
238 13328 -0.555284939027542 -0.21496117552718985 0.1520561446074372 0.5477086241168594 0.3638729974129146 0.4951211835171042 0.6545437074682581 0.7473790611588498 1.0775389042227563 1.2513855126648268 1.2930531074663731 1.49546193505283
239 13384 -0.6836843771954993 -0.2904788606606795 0.09224116470686546 0.6564142828755621 0.28168373398739477 0.3543496116682637 0.5162443315100019 0.6320180414919789 1.0897510950013372 1.2308399594528392 1.3582190320249388 1.6068143073587149
240 13440 -0.6836843771954993 -0.2904788606606795 0.09224116470686546 0.6564142828755621 0.28168373398739477 0.3543496116682637 0.5162443315100019 0.6320180414919789 1.0897510950013372 1.2308399594528392 1.3582190320249388 1.6068143073587149
241 13496 -0.6836843771954993 -0.2904788606606795 0.09224116470686546 0.6564142828755621 0.28168373398739477 0.3543496116682637 0.5162443315100019 0.6320180414919789 1.0897510950013372 1.2308399594528392 1.3582190320249388 1.6068143073587149
242 13552 -0.6836843771954993 -0.2904788606606795 0.09224116470686546 0.6564142828755621 0.28168373398739477 0.3543496116682637 0.5162443315100019 0.6320180414919789 1.0897510950013372 1.2308399594528392 1.3582190320249388 1.6068143073587149
243 13608 -0.6836843771954993 -0.2904788606606795 0.09224116470686546 0.6564142828755621 0.28168373398739477 0.3543496116682637 0.5162443315100019 0.6320180414919789 1.0897510950013372 1.2308399594528392 1.3582190320249388 1.6068143073587149
244 13664 -0.6836843771954993 -0.2904788606606795 0.09224116470686546 0.6564142828755621 0.28168373398739477 0.3543496116682637 0.5162443315100019 0.6320180414919789 1.0897510950013372 1.2308399594528392 1.3582190320249388 1.6068143073587149
245 13720 -0.6836843771954993 -0.2904788606606795 0.09224116470686546 0.6564142828755621 0.28168373398739477 0.3543496116682637 0.5162443315100019 0.6320180414919789 1.0897510950013372 1.2308399594528392 1.3582190320249388 1.6068143073587149
246 13776 -0.6836843771954993 -0.2904788606606795 0.09224116470686546 0.6564142828755621 0.28168373398739477 0.3543496116682637 0.5162443315100019 0.6320180414919789 1.0897510950013372 1.2308399594528392 1.3582190320249388 1.6068143073587149
247 13832 -0.8416877141070741 -0.27065240196406914 0.09039112917994195 0.7261364124470688 0.22669833935875813 0.33287360125913185 0.41658457606675425 0.7787091484175549 0.9468612039231449 1.1837877496202946 1.3707177337327752 1.6973820137068327
248 13888 -0.8416877141070741 -0.27065240196406914 0.09039112917994195 0.7261364124470688 0.22669833935875813 0.33287360125913185 0.41658457606675425 0.7787091484175549 0.9468612039231449 1.1837877496202946 1.3707177337327752 1.6973820137068327
249 13944 -0.8416877141070741 -0.27065240196406914 0.09039112917994195 0.7261364124470688 0.22669833935875813 0.33287360125913185 0.41658457606675425 0.7787091484175549 0.9468612039231449 1.1837877496202946 1.3707177337327752 1.6973820137068327
250 14000 -0.8416877141070741 -0.27065240196406914 0.09039112917994195 0.7261364124470688 0.22669833935875813 0.33287360125913185 0.41658457606675425 0.7787091484175549 0.9468612039231449 1.1837877496202946 1.3707177337327752 1.6973820137068327
251 14056 -0.8416877141070741 -0.27065240196406914 0.09039112917994195 0.7261364124470688 0.22669833935875813 0.33287360125913185 0.41658457606675425 0.7787091484175549 0.9468612039231449 1.1837877496202946 1.3707177337327752 1.6973820137068327
252 14112 -0.8416877141070741 -0.27065240196406914 0.09039112917994195 0.7261364124470688 0.22669833935875813 0.33287360125913185 0.41658457606675425 0.7787091484175549 0.9468612039231449 1.1837877496202946 1.3707177337327752 1.6973820137068327
253 14168 -0.8416877141070741 -0.27065240196406914 0.09039112917994195 0.7261364124470688 0.22669833935875813 0.33287360125913185 0.41658457606675425 0.7787091484175549 0.9468612039231449 1.1837877496202946 1.3707177337327752 1.6973820137068327
254 14224 -0.8416877141070741 -0.27065240196406914 0.09039112917994195 0.7261364124470688 0.22669833935875813 0.33287360125913185 0.41658457606675425 0.7787091484175549 0.9468612039231449 1.1837877496202946 1.3707177337327752 1.6973820137068327
255 14280 -0.8846662883216356 -0.32994832252889206 0.057484296319021695 0.7825727422840685 0.19787784830822655 0.2799294292610454 0.45401814591114437 0.6007837995359337 0.8441819867341124 1.2171866396955788 1.4328436456595737 1.7516228948304717
256 14336 -0.8846662883216356 -0.32994832252889206 0.057484296319021695 0.7825727422840685 0.19787784830822655 0.2799294292610454 0.45401814591114437 0.6007837995359337 0.8441819867341124 1.2171866396955788 1.4328436456595737 1.7516228948304717
257 14392 -0.8846662883216356 -0.32994832252889206 0.057484296319021695 0.7825727422840685 0.19787784830822655 0.2799294292610454 0.45401814591114437 0.6007837995359337 0.8441819867341124 1.2171866396955788 1.4328436456595737 1.7516228948304717
258 14448 -0.8846662883216356 -0.32994832252889206 0.057484296319021695 0.7825727422840685 0.19787784830822655 0.2799294292610454 0.45401814591114437 0.6007837995359337 0.8441819867341124 1.2171866396955788 1.4328436456595737 1.7516228948304717
259 14504 -0.8846662883216356 -0.32994832252889206 0.057484296319021695 0.7825727422840685 0.19787784830822655 0.2799294292610454 0.45401814591114437 0.6007837995359337 0.8441819867341124 1.2171866396955788 1.4328436456595737 1.7516228948304717
260 14560 -0.8846662883216356 -0.32994832252889206 0.057484296319021695 0.7825727422840685 0.19787784830822655 0.2799294292610454 0.45401814591114437 0.6007837995359337 0.8441819867341124 1.2171866396955788 1.4328436456595737 1.7516228948304717
261 14616 -0.8846662883216356 -0.32994832252889206 0.057484296319021695 0.7825727422840685 0.19787784830822655 0.2799294292610454 0.45401814591114437 0.6007837995359337 0.8441819867341124 1.2171866396955788 1.4328436456595737 1.7516228948304717
262 14672 -0.8846662883216356 -0.32994832252889206 0.057484296319021695 0.7825727422840685 0.19787784830822655 0.2799294292610454 0.45401814591114437 0.6007837995359337 0.8441819867341124 1.2171866396955788 1.4328436456595737 1.7516228948304717
263 14728 -0.8667987337878582 -0.34086881920008083 0.1986042917751937 0.7598643585783432 0.19346121460498072 0.3127500268646911 0.5471025008757652 0.6472496528452261 0.7991755710917474 1.1216615553885996 1.4328726767350684 1.7878972491634988
264 14784 -0.8667987337878582 -0.34086881920008083 0.1986042917751937 0.7598643585783432 0.19346121460498072 0.3127500268646911 0.5471025008757652 0.6472496528452261 0.7991755710917474 1.1216615553885996 1.4328726767350684 1.7878972491634988
265 14840 -0.8667987337878582 -0.34086881920008083 0.1986042917751937 0.7598643585783432 0.19346121460498072 0.3127500268646911 0.5471025008757652 0.6472496528452261 0.7991755710917474 1.1216615553885996 1.4328726767350684 1.7878972491634988
266 14896 -0.8667987337878582 -0.34086881920008083 0.1986042917751937 0.7598643585783432 0.19346121460498072 0.3127500268646911 0.5471025008757652 0.6472496528452261 0.7991755710917474 1.1216615553885996 1.4328726767350684 1.7878972491634988
267 14952 -0.8667987337878582 -0.34086881920008083 0.1986042917751937 0.7598643585783432 0.19346121460498072 0.3127500268646911 0.5471025008757652 0.6472496528452261 0.7991755710917474 1.1216615553885996 1.4328726767350684 1.7878972491634988
268 15008 -0.8667987337878582 -0.34086881920008083 0.1986042917751937 0.7598643585783432 0.19346121460498072 0.3127500268646911 0.5471025008757652 0.6472496528452261 0.7991755710917474 1.1216615553885996 1.4328726767350684 1.7878972491634988
269 15064 -0.8667987337878582 -0.34086881920008083 0.1986042917751937 0.7598643585783432 0.19346121460498072 0.3127500268646911 0.5471025008757652 0.6472496528452261 0.7991755710917474 1.1216615553885996 1.4328726767350684 1.7878972491634988
270 15120 -0.8667987337878582 -0.34086881920008083 0.1986042917751937 0.7598643585783432 0.19346121460498072 0.3127500268646911 0.5471025008757652 0.6472496528452261 0.7991755710917474 1.1216615553885996 1.4328726767350684 1.7878972491634988
271 15176 -0.8960419201693349 -0.40845265498735955 0.0983307984026433 0.7798548696227845 0.1659354471938642 0.2086270810421871 0.37998424539412057 0.5457248925318524 0.9118255820590376 1.0878665081776693 1.5335308192683748 1.7663918812046886
272 15232 -0.8960419201693349 -0.40845265498735955 0.0983307984026433 0.7798548696227845 0.1659354471938642 0.2086270810421871 0.37998424539412057 0.5457248925318524 0.9118255820590376 1.0878665081776693 1.5335308192683748 1.7663918812046886
273 15288 -0.8960419201693349 -0.40845265498735955 0.0983307984026433 0.7798548696227845 0.1659354471938642 0.2086270810421871 0.37998424539412057 0.5457248925318524 0.9118255820590376 1.0878665081776693 1.5335308192683748 1.7663918812046886
274 15344 -0.8960419201693349 -0.40845265498735955 0.0983307984026433 0.7798548696227845 0.1659354471938642 0.2086270810421871 0.37998424539412057 0.5457248925318524 0.9118255820590376 1.0878665081776693 1.5335308192683748 1.7663918812046886
