% # columns="iteration, evaluation, void, void, void, xmean", seed=568876, Thu Mar 20 10:41:09 2025, <python>{}</python> # scaling_of_variables: 1, typical_x: 0
1 56 0 0 0 -0.08910809026353633 -0.05188840235631218 -0.10295300046395042 0.044963888162168286 -0.07381162651328786 0.08959159606483706 -0.1335864348808719 0.02336297175227954
2 112 0 0 0 -0.10027248285449082 -0.07812049181377546 0.042860263610126154 -0.04691405699929174 0.16935140729403053 -0.08152514773562798 -0.07896377813025181 -3.015100063726711e-05
3 168 0 0 0 0.115552354551326 -0.09992744981236173 0.21496601748456023 0.0051561339652560975 0.17728488997790298 -0.12290485753059995 0.1012462279408775 0.048303665186240775
4 224 0 0 0 0.04712049427953839 -0.044037313793621254 0.06394835649099362 0.015958534522850554 -0.013612260468049808 -0.054343520680684446 0.10586721511430901 0.16099403624666966
5 280 0 0 0 -0.01045011078851553 0.06604286495705769 0.06194465888742942 0.07764946101136141 -0.07211317996138875 0.05062878977626131 -0.05214124057308335 0.1776399568383538
6 336 0 0 0 0.11380154428744697 0.052494447244375554 0.15322421991623814 -0.06761809830298365 -0.02378606126264801 0.09740702240303074 -0.023235069545034986 0.16084773482637907
7 392 0 0 0 0.22279436305477937 0.05430346793754 0.12144301484391723 -0.06463284936428347 -0.05481834719933133 0.10368225697915016 -0.025677006395873156 0.11748932779587502
8 448 0 0 0 0.18057062266254123 0.11034484125126172 0.17196556374805874 -0.03147260818625178 -0.10820486342579796 0.0816080410380566 -0.018219596307555413 0.09068332298185176
9 504 0 0 0 0.2829854409472369 0.14696217809439382 0.08047779100687773 0.037942256846016584 -0.08829565921535201 0.07105870224213089 -0.14649261947365164 0.06386990980084532
10 560 0 0 0 0.23548074302802005 0.14363916150647793 0.21242258509064404 0.06157218568843471 -0.051507887993482465 0.014200083751244263 -0.09340965453603484 0.08858688864057267
11 616 0 0 0 0.2693257601230879 0.14844939210442595 0.22882010588348964 0.10390673439618157 -0.08512459107585005 0.021536395636588195 -0.06467725568722128 0.13875382437931885
12 672 0 0 0 0.32358692788406845 0.16825274731563694 0.2602139823503401 0.10112802874210147 -0.08421193642066767 0.0577169085938784 -0.12366413800844342 0.19410735696742584
13 728 0 0 0 0.3252952426305906 0.18457598679092896 0.2598633314775949 0.18928560895551816 -0.1534891113825971 0.061573766496950864 -0.09886847222096164 0.21400710062072148
14 784 0 0 0 0.366771191085441 0.17690333259270882 0.2278618617325207 0.20116492297693542 -0.23305862556961734 0.06739806971702346 -0.14095274580294634 0.20484875117352042
15 840 0 0 0 0.44703996675397395 0.1780148197982747 0.1907492956637922 0.2707817123104507 -0.17312485996061286 0.029862285717000156 -0.0833670125146396 0.22014428330848676
16 896 0 0 0 0.41683452855108266 0.198509050622031 0.17925286689928444 0.24068634770968306 -0.22053573125239329 0.022969173017693245 -0.07065609608057345 0.15034405673473467
17 952 0 0 0 0.37032730026695604 0.2014764967846694 0.19540353601189753 0.18760085945078597 -0.27621634200431294 0.0361712241879826 -0.08091817337551889 0.19929426981588869
18 1008 0 0 0 0.381303182741915 0.20347469995494047 0.24105391070736443 0.3675269192610813 -0.2620768792788618 0.024830470163159823 -0.04088204361368232 0.23580090507447998
19 1064 0 0 0 0.3738134330717145 0.19364955839507236 0.25818009381700546 0.4067434815483519 -0.1852309027296645 0.020353262863057556 -0.04464201838506516 0.2736044373843471
20 1120 0 0 0 0.36880313681328675 0.19379325765447444 0.29173353465489 0.4085272598977665 -0.1421164248216907 0.02429074380465453 -0.04151975281085616 0.318320294719391
21 1176 0 0 0 0.35179765647144384 0.20111183208768665 0.3215611256964389 0.518827907650315 -0.055857637218012735 0.00573521948970784 -0.04426776608687739 0.34593197947892323
22 1232 0 0 0 0.39345374280340567 0.2046907996269155 0.32183797781132023 0.5820790404767945 -0.049450023473249664 0.0012383530008706154 -0.1004366681507719 0.3710156566938957
23 1288 0 0 0 0.4111930244027089 0.2086856321138704 0.30238828950735297 0.6169753474664186 -0.06290351755735149 0.01468069083071465 -0.1475142922270834 0.3753570571713527
24 1344 0 0 0 0.4260820311720338 0.20317083240630054 0.28525138462352967 0.6643742515329587 -0.035158586358225864 0.002296014864446 -0.13762970628061313 0.33927829524834213
25 1400 0 0 0 0.41568455310880215 0.2074923745421032 0.297832347374722 0.7969746064201191 -0.03431531129369035 0.006318477743603517 -0.16499171605285815 0.3662726809804504
26 1456 0 0 0 0.39604530331144777 0.19815500666086305 0.3061399124689695 0.8194868086287304 -0.04638326165990117 0.006987857403852778 -0.20215412286614345 0.2964602977538528
27 1512 0 0 0 0.4732623742909346 0.19886649190350308 0.2636984927117426 0.8283559313513206 -0.06076901095374669 0.01732867887690919 -0.20999099629536994 0.2829408904874318
28 1568 0 0 0 0.4290046127768904 0.2025164880290131 0.28394749392721913 0.8251163980792876 -0.0770330146210177 0.002870312901384231 -0.14662880586151797 0.2541193344624413
29 1624 0 0 0 0.44253184984571375 0.20057227816814624 0.2664071394271318 0.7982243452770192 -0.10025114480931131 0.015619143131634707 -0.15708889140275772 0.2414703787329048
30 1680 0 0 0 0.4058674804895913 0.20467925609172544 0.29513451324702566 0.9016352488694228 -0.058071596928494236 0.01451494305263138 -0.1727803232971093 0.26383462265322505
31 1736 0 0 0 0.4144329592005079 0.20636368655321913 0.28957467445862156 0.879365551993366 -0.06605700622753753 0.01702776471014677 -0.17765294364792147 0.28411506545076043
32 1792 0 0 0 0.38003918453337693 0.2062385446463339 0.32594036229615064 0.9260916695380528 -0.07135922570792959 0.01479553512026145 -0.1811594796304619 0.26939675057574736
33 1848 0 0 0 0.34169070134202884 0.20131921860896912 0.3542197563073359 0.9119055616884948 -0.08057987345052021 0.015792958332297633 -0.17940264599975478 0.27849977059453174
34 1904 0 0 0 0.33955317872705715 0.2026318786251931 0.35942530928634153 0.9280221183239558 -0.061423393739062186 0.012261503585453054 -0.16345046717410164 0.26078719075888906
35 1960 0 0 0 0.33704868351035655 0.20400313512915194 0.37217205014978305 0.9572967982273044 -0.08054172820271696 0.012484632563747005 -0.13850685889742007 0.2498186645862098
36 2016 0 0 0 0.32350409345399495 0.2010868234517312 0.388818476723857 0.9628374641374644 -0.08960785306368396 0.014531056450486622 -0.12958507087735868 0.2298282739441749
37 2072 0 0 0 0.2869175901241395 0.20261299451446468 0.39799338840408005 0.9887532177064922 -0.09325856538146766 0.011964739063330409 -0.11237214384530575 0.1937862633331957
38 2128 0 0 0 0.2792872402612831 0.19899966393711083 0.4016702852940735 1.0144829460947804 -0.09134322812412143 0.010761088691338525 -0.10074205405683552 0.18280399453394022
39 2184 0 0 0 0.2846285999472544 0.19895865735920834 0.4052417340190396 1.0637826115740792 -0.07193081925747581 0.005586483555626309 -0.08448453591230534 0.1696379844850756
40 2240 0 0 0 0.29519425660995047 0.20449608093530688 0.39934836430899684 1.039378629861229 -0.0897288073150188 0.00850618695509585 -0.09079887584647399 0.17164202903688835
41 2296 0 0 0 0.30795995690651673 0.20345698441078902 0.39612805914023574 1.0254030554290554 -0.09642521132444005 0.011779359335300957 -0.1034326480740395 0.1868095393665381
42 2352 0 0 0 0.2968349468044846 0.1986391662381671 0.4087889885163908 1.0403994739114713 -0.08457252880756203 0.009317788433217294 -0.0915823737160498 0.18190614182550102
43 2408 0 0 0 0.3177892507285399 0.19789446574514136 0.4199871276645356 1.0504206331349315 -0.09053309810297384 0.009417398481940792 -0.09649314378169686 0.17828730106140922
44 2464 0 0 0 0.3260953465548807 0.19682650784506925 0.4227919588327274 1.0654343735389789 -0.08980683477088186 0.007078524197910944 -0.08070376383420444 0.16285412663132334
45 2520 0 0 0 0.32704517619219636 0.1957429265257981 0.4258707806715009 1.0974775871072482 -0.09247762491184752 0.007614675315039287 -0.07108548829467592 0.13776045330146958
46 2576 0 0 0 0.3351769893422921 0.19475625401269633 0.42615661456237935 1.101374351893 -0.10244186806719498 0.0050135461246187145 -0.06197227809401626 0.12328833038983635
47 2632 0 0 0 0.3386511086240077 0.19115534810468357 0.43371266516614615 1.1206736996013325 -0.0986304813508804 0.005054438165382588 -0.07552804848555197 0.10883022805308906
48 2688 0 0 0 0.32632996132901676 0.1916505612094719 0.4312209107268657 1.130416166378685 -0.10445115506321385 0.0022740888763949267 -0.047041595583804864 0.0956595972731044
49 2744 0 0 0 0.3252798299141522 0.1931609964860405 0.4290727857630304 1.137671805114657 -0.10936512023394541 0.004285196763369579 -0.05143178849093197 0.08928318049248136
50 2800 0 0 0 0.32783095290709596 0.19357387601537446 0.4321049117284398 1.1582891896174838 -0.10660514830448105 0.0017906449736667922 -0.034686526858793955 0.07241568812614949
51 2856 0 0 0 0.3325415993166791 0.19528476977441028 0.42559244417339154 1.1726926582088688 -0.10594260325312464 0.0002481540015010996 -0.023396085004630175 0.05089029215949849
52 2912 0 0 0 0.33012631309154467 0.1969542000401031 0.42328099704142236 1.1523561753407983 -0.11268206068399148 0.0030346928983927815 -0.04113492025396491 0.06768560245953555
53 2968 0 0 0 0.3398593324563621 0.19717779335473593 0.43226330109360306 1.1815470661295613 -0.12045799963421036 0.001634962982834791 -0.03310616431895941 0.039074574759979636
54 3024 0 0 0 0.353029810670625 0.19812662631204625 0.4235222076477781 1.1530045614992162 -0.10964949168941626 0.004458787402068085 -0.05942973961229068 0.07215022117505333
55 3080 0 0 0 0.34309617934713793 0.19802363918067806 0.4259273826936591 1.1631546141622813 -0.11140013920121315 0.0035344984859134614 -0.046431728237528974 0.05935000736420293
56 3136 0 0 0 0.3374688221191325 0.19896590009831705 0.4171571328515369 1.1808276116942167 -0.10891522604895766 0.003537919686862209 -0.0434519008448302 0.045667417210407096
57 3192 0 0 0 0.3499264556011989 0.19801404862427355 0.4154350544840862 1.1762240894076261 -0.10733951542044176 0.0037520554869908927 -0.05088780488495451 0.047608031067886095
58 3248 0 0 0 0.3429495550703112 0.19933589992664932 0.4149648324014543 1.1813862398214279 -0.11188935103061391 0.0037401879455245014 -0.0450278046081645 0.041010862003964636
59 3304 0 0 0 0.34321075396238837 0.1989360096197289 0.4160392610573689 1.18027703913998 -0.10794071809243826 0.0038195070044041127 -0.0424795608542319 0.045946235512088734
60 3360 0 0 0 0.3502249538510484 0.1999229038325944 0.4171838755288095 1.1778014750956056 -0.11214176199219289 0.005167809685143825 -0.04774622748301309 0.04659324941193781
61 3416 0 0 0 0.34543010622810055 0.20067997026519613 0.41750620158827656 1.1786779601495376 -0.11500025258160004 0.006017488918830409 -0.047326363420165565 0.04443014253202839
62 3472 0 0 0 0.34673182001666725 0.2011930385847017 0.41901783312259355 1.1746718782034766 -0.11702552494801449 0.005008641572978035 -0.045272495420596456 0.044784657994528
63 3528 0 0 0 0.3453478288745891 0.2000368507880317 0.426461450877661 1.1805218667785844 -0.1214052703408256 0.003013142261773571 -0.029654003933853375 0.03479771458766833
64 3584 0 0 0 0.3430474168148034 0.20055655675149117 0.42423276899930945 1.1786113427541625 -0.11524731203795786 0.003636359756609786 -0.03435450767428526 0.043144581172603724
65 3640 0 0 0 0.3480951239784342 0.2004183075865118 0.4228335648100195 1.1755506455020668 -0.11690096617853105 0.0037700291442140646 -0.042792885129543455 0.042854262044568145
66 3696 0 0 0 0.34586608895641613 0.20076194167221872 0.4238086062412342 1.1771749226544934 -0.11991298001920404 0.0027520392174759513 -0.04218425633151162 0.03969398757478199
67 3752 0 0 0 0.34393026146867867 0.2010931696570309 0.42454694320260344 1.1758570955158134 -0.11806773670624406 0.0037916966563457614 -0.044839832145372134 0.046156170621111776
68 3808 0 0 0 0.3408827193211418 0.2009976046701499 0.4250158351613892 1.1810694478822719 -0.12161578375990029 0.0030065081968942515 -0.04041844469149355 0.03678816182225146
69 3864 0 0 0 0.3462333438236661 0.2009855642586893 0.424043395314574 1.1785676925710467 -0.12221304623655643 0.00387176209072746 -0.04675875700029366 0.038026228243675846
70 3920 0 0 0 0.3388218597196639 0.20111559468862072 0.4245677668049226 1.1858728918488195 -0.1253414646847907 0.002620444282916663 -0.03712494719628299 0.028430329340432277
71 3976 0 0 0 0.3383441798366557 0.2013408533315043 0.42310212229513916 1.1850004613373668 -0.12358933327740444 0.003000046002442503 -0.03741028443118327 0.031028121395624268
72 4032 0 0 0 0.33780859627264304 0.2014188172532627 0.4225211794630037 1.1853378637466376 -0.12314222389191957 0.0034849972383498256 -0.04096146716605816 0.03366685959421939
73 4088 0 0 0 0.3383829755815498 0.2014478454327913 0.42154668296352465 1.18456665626764 -0.12232765229365848 0.003911314355234693 -0.04392540824703057 0.03745792819654207
74 4144 0 0 0 0.34339081158176304 0.20120510044401124 0.4216729423743937 1.183271334810898 -0.12374352237461662 0.0040310067930386375 -0.049025504850152564 0.03679692936581289
75 4200 0 0 0 0.34213827953754655 0.20124916026952802 0.42017824269315157 1.1848395234656108 -0.12387548804211819 0.004294478294760011 -0.05071087841326483 0.03585204840621025
76 4256 0 0 0 0.34001894845092506 0.20139574272231509 0.41948072947190956 1.1849077151169878 -0.122651204503062 0.0043106653826584795 -0.052320493033245 0.03843140906790461
77 4312 0 0 0 0.3391434307884541 0.20133935938093814 0.4193457606890818 1.1867470628043042 -0.12370686361417664 0.004373654515200084 -0.05205423013205287 0.03626997489316997
78 4368 0 0 0 0.34000078780079857 0.20116141150843275 0.418793021655725 1.1879978140686676 -0.12483881285685272 0.004100226367758954 -0.051451832267045895 0.034794978823804175
79 4424 0 0 0 0.3375857867630237 0.2013101282354302 0.41780751680881495 1.1889691374023998 -0.12436812114570747 0.004251872421746263 -0.05169063573423973 0.03670943681261035
80 4480 0 0 0 0.3384767503209999 0.2013244657223584 0.41823285026182466 1.1876025177869707 -0.12376714869944859 0.004230244168405183 -0.05220102837350152 0.03953704077693092
81 4536 0 0 0 0.3354629041180563 0.20142952191107813 0.41697025037276847 1.1898779874274268 -0.12390852084285396 0.0042537795412073195 -0.05257632381662099 0.038611988028768036
82 4592 0 0 0 0.3344366995077808 0.20144449695460862 0.41570341428204 1.1914582417968484 -0.12426664132428956 0.0040538174476457125 -0.05255276021135038 0.03692510028595689
83 4648 0 0 0 0.3343308465160689 0.20150175777115278 0.4158506906863414 1.190168959734065 -0.12305980324809376 0.00402449065565595 -0.05245114505822417 0.03884414433284955
84 4704 0 0 0 0.33299002186289584 0.2014914615907416 0.41437703274944937 1.1917926353006476 -0.12322521466998829 0.004414360756595483 -0.05522382492916591 0.039523231725426926
85 4760 0 0 0 0.3294886969211647 0.20175367256427743 0.4121732065943768 1.1926999076800948 -0.12157696106927941 0.004653441481142294 -0.05722082393128808 0.042779657548515884
86 4816 0 0 0 0.3292466587457119 0.20186736935384583 0.41030468027162265 1.1923942021053093 -0.12056474402353393 0.004879702359559277 -0.060010238214021544 0.045727949612443766
87 4872 0 0 0 0.32947360870574055 0.20187936041835655 0.41078834844423434 1.191949579077971 -0.12056339841023492 0.004916297210616211 -0.058096854447428015 0.04426352616695703
88 4928 0 0 0 0.32698488604571735 0.20192629704312381 0.41014355417035725 1.1938756697374397 -0.12088536892950519 0.004955800814004486 -0.05760316263058214 0.04348659648436194
89 4984 0 0 0 0.3231588094262357 0.20204301341848424 0.40858067183019414 1.1968485223866319 -0.12100242344068941 0.004737678896826063 -0.0576576745783791 0.04161738333456489
90 5040 0 0 0 0.319006728808034 0.20219797394450809 0.4065133716108839 1.199690897788147 -0.12070258567985565 0.004587588349875585 -0.05624742244495145 0.04022066612110308
91 5096 0 0 0 0.31837873634264896 0.20229915188991704 0.4051230783923296 1.1995281442948362 -0.11975772748786498 0.004591851850011121 -0.05680752043395763 0.04051347159135007
92 5152 0 0 0 0.3169004002820166 0.20234084687211606 0.4047650493152459 1.2002664660037372 -0.11950163382984845 0.004660003124787027 -0.05683726900730697 0.04081453596038071
93 5208 0 0 0 0.3156905632809613 0.20236378140554698 0.40409788150633086 1.2012648675406488 -0.11939408712223536 0.004487294343118672 -0.05587171227864861 0.03919306760188787
94 5264 0 0 0 0.3146823034218986 0.20243359377185377 0.4029994703442222 1.2018192397033194 -0.11901194406041667 0.004706186777429176 -0.057851204163012725 0.04051532508263335
95 5320 0 0 0 0.31492174783221427 0.20245161502573492 0.4021696711476357 1.2017289025402598 -0.1187325080762494 0.00465902741224039 -0.058282571657244285 0.040493286378976145
96 5376 0 0 0 0.3139797649695962 0.20249086075452363 0.4019966448263392 1.2022267696589246 -0.11856976603316557 0.004586534823708404 -0.05797167120316221 0.04039149979196621
97 5432 0 0 0 0.3135506280372374 0.20254354021939827 0.4015334790894732 1.2021482582407383 -0.11804592246326086 0.0044014214620803314 -0.05727084374153482 0.03999473278577553
98 5488 0 0 0 0.3120436929075226 0.20260335391917159 0.4012369864768225 1.2028933805458355 -0.11786648080701902 0.004478949788646772 -0.05792911307264693 0.040457586234255404
99 5544 0 0 0 0.31296807615204303 0.2025378881841023 0.4019172537786001 1.2026023126799512 -0.1183616407421375 0.004574824894079812 -0.057940600096078564 0.04084921937439685
100 5600 0 0 0 0.31229498181693466 0.2025335689686662 0.4019884926191646 1.203302407618803 -0.11863959042066465 0.004314365716429953 -0.05609607412750457 0.038792822019235236
101 5656 0 0 0 0.31150976445038003 0.2025757884851257 0.401624727151847 1.2036533425110498 -0.118442280109344 0.004449056666196755 -0.0566225053090746 0.03918309566479861
102 5712 0 0 0 0.3111687651083434 0.2025908414962063 0.4013852195951517 1.2038999848851366 -0.11840928277998619 0.00450108879431966 -0.05701586820107051 0.03945406785292347
103 5768 0 0 0 0.31157765499982143 0.2025658193533577 0.40139114774504886 1.203807104598876 -0.11853154899347441 0.004581817124450187 -0.05755234319245382 0.0396779337351479
104 5824 0 0 0 0.31191661381751606 0.20255733793373923 0.4012363538798747 1.2036908577479444 -0.11850770760033164 0.004721108241501663 -0.05875721570039522 0.040542497912017916
105 5880 0 0 0 0.31164001204319614 0.20258727566677145 0.4010534900527953 1.2036584490978657 -0.1182910051719145 0.0047550434517208 -0.058968749242005396 0.04100763735148253
106 5936 0 0 0 0.31142895762378486 0.20258320072277056 0.40110624424373464 1.2038606017960134 -0.11837153461750377 0.004701812418200685 -0.05863108269261535 0.0406090222102636
107 5992 0 0 0 0.31156843200332857 0.2025682275607156 0.4012346153634829 1.2038717545338338 -0.1184802956783052 0.004606277914626139 -0.05796648552504139 0.039766242083642434
108 6048 0 0 0 0.311441896857096 0.20256431715513903 0.4011167442067181 1.204082714736156 -0.11853253062417442 0.0045472733267171795 -0.05768788124470265 0.03919363191370489
109 6104 0 0 0 0.31143835032271616 0.20255668421754358 0.4012016961930534 1.2041724870702764 -0.11863707419237891 0.004491217117420358 -0.05739638627911452 0.03893907056359865
110 6160 0 0 0 0.3113743696787689 0.20257488633932016 0.40105471046303814 1.2040746153768247 -0.1184699788940356 0.004544855574584827 -0.057729189056125334 0.03921851047394842
111 6216 0 0 0 0.31145634935571154 0.20256236344998038 0.40119628533179685 1.2040864264531732 -0.1185736632760779 0.004530237100646592 -0.05754641550499019 0.038977669449618474
112 6272 0 0 0 0.3112740389808686 0.20257172399875356 0.40108051997667143 1.2041925885800644 -0.11852343198933037 0.004492935948262722 -0.057472304079192696 0.03891890438266958
113 6328 0 0 0 0.3112152472345637 0.20256956746780921 0.4011017203304723 1.204268844202661 -0.11857616752439502 0.004558997681435395 -0.05780451169479314 0.039188770302209186
114 6384 0 0 0 0.31134460626017413 0.20256459470512214 0.40117564005888273 1.204179746146091 -0.11859643221289509 0.0045835222139010215 -0.05796923935918903 0.03940455527695976
115 6440 0 0 0 0.3113021759556429 0.2025658832065337 0.40112619881038036 1.2042265451374716 -0.11859344868657548 0.00456836995126753 -0.05795743589654305 0.03937853719001782
116 6496 0 0 0 0.3112699905295138 0.20256702968490936 0.4011343218668334 1.2042381798950965 -0.11859285884613376 0.004608958571835775 -0.05813026342003396 0.03948988764005095
117 6552 0 0 0 0.3112645116764913 0.20256463043907896 0.4011480794364928 1.2042651389795413 -0.11861720780487542 0.004604236160639205 -0.05811609796004388 0.03945247415440779
118 6608 0 0 0 0.3112606512224172 0.20256625326733207 0.40111544322593135 1.2042620996846556 -0.11860191789527888 0.004632433483487914 -0.05828747291466179 0.03960096575293863
119 6664 0 0 0 0.3112896806432425 0.20256216314887132 0.4011494437683972 1.204275137834507 -0.11863853431016413 0.004630343503467736 -0.0582717787048285 0.03956110450629806
120 6720 0 0 0 0.3112757246956172 0.2025639107970674 0.4011454477640609 1.2042677219398192 -0.11862483635081011 0.004628609623925878 -0.05823337972930671 0.03954529085724051
121 6776 0 0 0 0.31127805046402396 0.20256171716321036 0.40116413882212826 1.2042843494114854 -0.11865198148138788 0.004671715832374321 -0.05845702923139761 0.03971173255608578
122 6832 0 0 0 0.31131592399582375 0.2025597979019995 0.4011710004901724 1.2042703586940826 -0.11866080351302306 0.004664255699204502 -0.05843688422793198 0.0397256622557236
123 6888 0 0 0 0.31134568812354685 0.20255717893323744 0.40118517235033785 1.20427336921945 -0.11868395038213438 0.004674514785766483 -0.05852710718651197 0.03981048585644707
124 6944 0 0 0 0.3113337391188807 0.2025573355163408 0.4011821841640985 1.2042846593034253 -0.11868498556139388 0.0046647240364801 -0.0584765940437232 0.03975112164100439
125 7000 0 0 0 0.311348219749491 0.20255671304289452 0.40117717157666016 1.2042824750153842 -0.11868956694948819 0.004677084199796129 -0.05856234248988488 0.03983817404005938
126 7056 0 0 0 0.31132586170760285 0.20255798966140934 0.40117593583648625 1.2042868302966643 -0.11868051337799558 0.004653350813245899 -0.05842472539571072 0.03974620664954059
127 7112 0 0 0 0.3113278071955628 0.20255834470247236 0.401170872734536 1.2042813660071368 -0.11867406527588319 0.004651687756397002 -0.05841054650784663 0.039727506803867725
128 7168 0 0 0 0.31132984220133675 0.20255664675953802 0.4011786278289353 1.2042984278296875 -0.11869054505565887 0.0046420728583180405 -0.05837379689549007 0.03968680745095458
129 7224 0 0 0 0.311325714401518 0.20255718228949973 0.4011787866267374 1.2042958025519899 -0.11868695297722645 0.0046482258809396795 -0.058399001308244734 0.03970141415044708
130 7280 0 0 0 0.31132273618241196 0.20255742107039798 0.4011765318382235 1.2042964583182985 -0.11868587059855559 0.004652255954729762 -0.05841721742390035 0.03971427424418556
131 7336 0 0 0 0.31131589922124425 0.20255785709135846 0.4011753856450437 1.2042977086376268 -0.1186829624941751 0.004649047059940292 -0.05839808726209349 0.03970036584885943
132 7392 0 0 0 0.31131994380925715 0.20255749639502665 0.40117560418668885 1.2042983742023603 -0.11868621001788282 0.004657451929141866 -0.058446856485016976 0.03973858860770143
133 7448 0 0 0 0.3113119339984358 0.20255872119968624 0.4011686923233627 1.204292638074664 -0.11867597604846318 0.004666950696533517 -0.05848485588899861 0.0397662918699139
134 7504 0 0 0 0.31130682540732846 0.20255886784929894 0.4011710466313368 1.2042943643321107 -0.11867605902147742 0.004666883970667716 -0.058477035631749635 0.039754015754399664
135 7560 0 0 0 0.3113033102752851 0.20255890517601685 0.4011724008103969 1.20429693089998 -0.11867600530788641 0.004657039324420974 -0.05842960453125531 0.039722334541442854
136 7616 0 0 0 0.31129696526780876 0.20255892917856438 0.40117506803677516 1.2043015471105256 -0.11867640186038288 0.004641106133725816 -0.05835077950122839 0.03966895461402916
137 7672 0 0 0 0.31129081893189453 0.20255912521031316 0.40117587656226283 1.2043043361054868 -0.11867521065720016 0.004632931388834088 -0.05830306773096206 0.03962628456453686
138 7728 0 0 0 0.3112990181023198 0.20255935188155275 0.4011723574797271 1.2042951519715273 -0.1186726546525108 0.004657078193608852 -0.05842789656971012 0.03972782284069523
139 7784 0 0 0 0.31129728189797495 0.20255966857710414 0.4011704617188318 1.2042935024762222 -0.1186698191887282 0.004657857584604572 -0.058432596162927744 0.0397365107366325
140 7840 0 0 0 0.3112958319299859 0.20255973569865143 0.40117009671682063 1.204293981642486 -0.11866943495739214 0.004659149733549263 -0.05843355426971861 0.0397283334490719
141 7896 0 0 0 0.3112932728449427 0.2025599242217084 0.4011703871005523 1.2042939313449934 -0.11866796859462533 0.004654896028396732 -0.05841276179127456 0.03971754898094398
142 7952 0 0 0 0.31128353178139967 0.2025601403379245 0.40117158838627565 1.2042995396796252 -0.11866717562422983 0.004643399077480557 -0.05834533840073948 0.03965350149992488
143 8008 0 0 0 0.3112812441030225 0.2025605779733235 0.40117099250413046 1.2042963727253164 -0.11866363078965499 0.004645093373660093 -0.058352500106903474 0.0396659030195246
144 8064 0 0 0 0.311282281251362 0.2025604893381067 0.40117054527611423 1.204296668053021 -0.11866435888134498 0.004647956041999354 -0.058366644392542424 0.03967275699136876
145 8120 0 0 0 0.3112812394866766 0.20256062605567923 0.4011702872871785 1.204295964633438 -0.11866319130246178 0.004647497494461082 -0.05836332525597388 0.0396715361071422
146 8176 0 0 0 0.31128156623423503 0.20256077817384308 0.401170010046505 1.2042938676074544 -0.11866189325114408 0.004650396773236962 -0.058378192288217605 0.039686826389571404
147 8232 0 0 0 0.311282448095921 0.20256055547596666 0.4011705478190591 1.2042957075968967 -0.11866377746780309 0.004648822277338502 -0.05837171243088705 0.03967913014461821
148 8288 0 0 0 0.3112777685704223 0.20256076027888217 0.4011710151193509 1.204297169136131 -0.11866238465059532 0.004643026396373317 -0.058338991103880466 0.039652511290853044
149 8344 0 0 0 0.3112757362996216 0.2025609852914047 0.4011704558580616 1.2042963724053006 -0.11866057677262945 0.004642994357940755 -0.058336512782421406 0.03965072521213856
150 8400 0 0 0 0.31127833519407533 0.2025609999711514 0.4011704640082562 1.2042938143293667 -0.11866019376260051 0.004646819878915515 -0.05835797788488725 0.03967288399070735
151 8456 0 0 0 0.3112741139753517 0.20256131774343555 0.40116981301055077 1.204293851893915 -0.11865782431419375 0.004645506680805023 -0.05834703455066727 0.039661485308368875
152 8512 0 0 0 0.31127345678417867 0.20256125021090746 0.4011701590022888 1.2042951938674569 -0.11865847562708286 0.004643002714613158 -0.058334605362359536 0.039651065996968465
153 8568 0 0 0 0.31127528151437184 0.20256111476640698 0.40117043481201725 1.2042951640622575 -0.11865946961549557 0.004643411248084246 -0.05833866544008753 0.03965557064157143
154 8624 0 0 0 0.3112764951546833 0.20256100360594653 0.4011708575773257 1.2042953282461353 -0.11866033087521889 0.004643136283079573 -0.058338689147461854 0.039656843518116
155 8680 0 0 0 0.31127702636950705 0.20256102925983627 0.40117072418240934 1.2042945794118667 -0.11866003828993153 0.004644084745740228 -0.058344116887314834 0.03966274253503869
156 8736 0 0 0 0.31127653990779897 0.20256107797875506 0.4011704836078642 1.2042944792243466 -0.11865967429337113 0.004644586254000242 -0.058345905765508285 0.03966337741131046
157 8792 0 0 0 0.31127608336752305 0.2025610330886046 0.4011707794498169 1.2042953621238057 -0.11866012515440741 0.004643014226867177 -0.05833780888173008 0.0396561162901837
158 8848 0 0 0 0.3112756125945128 0.20256109178315954 0.40117089808910394 1.204295008149808 -0.11865961858967851 0.004642321474601783 -0.05833416742510969 0.03965468568700493
159 8904 0 0 0 0.3112745890513904 0.2025611414356221 0.40117083171336987 1.2042953314469487 -0.11865927887292486 0.004641467986523361 -0.05832896535349365 0.039649807898353366
160 8960 0 0 0 0.3112760806887279 0.20256103973679157 0.40117092024350937 1.2042952393764872 -0.1186600469843266 0.004642525168452843 -0.058335625364776336 0.039655424989571045
161 9016 0 0 0 0.31127591165835145 0.2025610255097251 0.40117089753770063 1.204295584300143 -0.11866019601113699 0.004642240925622154 -0.05833406917073069 0.03965345336288544
162 9072 0 0 0 0.3112767212648262 0.20256094495762136 0.40117097553539843 1.2042958491929667 -0.11866084150114144 0.0046425473373043445 -0.058336391953638496 0.03965498754465515
163 9128 0 0 0 0.31127656325633996 0.20256089690445972 0.4011711745731135 1.2042965335611204 -0.11866127956740469 0.004641449948963788 -0.05833093134350427 0.03965002216974376
164 9184 0 0 0 0.3112771704364744 0.2025608715446264 0.40117116612458814 1.2042963077066513 -0.11866144792425126 0.004642111225150437 -0.058334747392523166 0.03965337757339323
165 9240 0 0 0 0.3112767426436608 0.20256088101468042 0.4011712665317029 1.2042965436981332 -0.11866139205174336 0.004641227913485249 -0.05833010387908402 0.0396497857864462
166 9296 0 0 0 0.31127684316530435 0.2025608514590815 0.40117129204071195 1.2042968197729058 -0.11866164814832483 0.00464108185442975 -0.05832948090229757 0.03964878466772772
167 9352 0 0 0 0.3112769854610985 0.20256084773398111 0.4011712421453969 1.2042967547303807 -0.11866167199983557 0.004641397743957881 -0.05833112913871155 0.03964998256733236
168 9408 0 0 0 0.3112769030500073 0.20256081247848665 0.40117141275313206 1.2042972197600594 -0.11866198746380503 0.004640551107295025 -0.05832698454733526 0.0396464438180867
169 9464 0 0 0 0.3112766859015531 0.20256082937561348 0.4011713205505963 1.204297235030506 -0.1186618687281722 0.004640683778435655 -0.05832736376698045 0.03964633551722905
170 9520 0 0 0 0.3112772666351571 0.20256080367630522 0.401171373570007 1.2042970154701065 -0.11866203283577227 0.004641077432100849 -0.05832991132590094 0.03964901489526308
171 9576 0 0 0 0.311277494559381 0.20256075588438024 0.40117142858265425 1.2042973970185877 -0.11866243964386505 0.004640897226144793 -0.058329241959686334 0.039647842692419465
172 9632 0 0 0 0.31127795142952175 0.20256073148829787 0.4011714750096015 1.2042972766050115 -0.11866260735713267 0.004641173520071067 -0.05833107201599446 0.03964969004628257
173 9688 0 0 0 0.3112777238715225 0.2025607577090641 0.4011714579556915 1.2042971558038054 -0.11866239451380711 0.004641103632781439 -0.058330515425989715 0.03964948181417155
174 9744 0 0 0 0.31127771670645826 0.2025607404419027 0.4011715526655755 1.204297350059499 -0.11866254145236227 0.004640660666805173 -0.058328401372876953 0.03964783730982168
175 9800 0 0 0 0.31127812178655656 0.2025607163154706 0.4011715144353876 1.2042973008335331 -0.11866272278992704 0.004641164649536502 -0.0583312198568856 0.039649925197008704
176 9856 0 0 0 0.3112780698241175 0.20256072422736052 0.4011715087420435 1.2042972494808175 -0.1186626567542453 0.004641166395845179 -0.05833118030178937 0.039649987628241574
177 9912 0 0 0 0.311278025639359 0.20256071569178433 0.401171586827348 1.2042973719444905 -0.11866273052852952 0.004640794455733894 -0.05832936686289185 0.03964865240460595
178 9968 0 0 0 0.31127785707973676 0.20256072776342376 0.40117155820645645 1.204297381448673 -0.11866264232720763 0.004640753074331712 -0.05832898332421467 0.039648223042038556
179 10024 0 0 0 0.31127751939786286 0.20256075041851976 0.4011715208169732 1.2042974134040163 -0.11866247667510724 0.004640586719493744 -0.058327822673048584 0.039647122565954936
180 10080 0 0 0 0.3112772673915701 0.20256077816084475 0.4011714578709619 1.2042973110758013 -0.11866225745915941 0.004640645124464443 -0.05832783135487082 0.03964710303198242
181 10136 0 0 0 0.31127718637275503 0.20256077232588784 0.401171468296729 1.204297455607603 -0.11866231856324738 0.004640467466092847 -0.05832688112987669 0.03964609901815795
182 10192 0 0 0 0.31127706720977993 0.20256077411669235 0.40117144643100455 1.2042975487040648 -0.11866231786010935 0.004640397293742742 -0.05832639905142798 0.03964543143780367
183 10248 0 0 0 0.3112771469942225 0.20256076962127112 0.40117142553377133 1.204297540276739 -0.11866235289758378 0.00464054389712235 -0.05832717396338321 0.03964594797014448
184 10304 0 0 0 0.3112770268500541 0.2025607774905179 0.40117144291661555 1.2042975435640566 -0.11866229208167739 0.004640383846953714 -0.05832629045277135 0.03964533804089827
185 10360 0 0 0 0.3112769599579764 0.20256077667298336 0.40117141879448837 1.2042976229760178 -0.11866230996752167 0.004640374374208546 -0.05832615433781149 0.039644954753253116
186 10416 0 0 0 0.31127704309997645 0.20256076595333106 0.4011714212219562 1.204297682966447 -0.11866239882781372 0.004640404979010115 -0.058326378988233465 0.03964500036544021
187 10472 0 0 0 0.31127715982830534 0.20256075912556473 0.40117135564409345 1.2042976857595586 -0.11866245661383489 0.004640733614192462 -0.05832804299417157 0.03964598328649262
188 10528 0 0 0 0.3112770547330319 0.20256075476750832 0.40117138060930496 1.204297828466254 -0.11866250515184963 0.0046404871912871255 -0.05832674490965308 0.03964477688664718
189 10584 0 0 0 0.311277063104332 0.20256075138000212 0.4011713887122077 1.2042978612320012 -0.11866253429079003 0.004640449165255468 -0.05832656969603036 0.039644602163985895
190 10640 0 0 0 0.31127723130065016 0.2025607415369336 0.40117141850334087 1.2042978233108415 -0.11866260247537856 0.004640505184739315 -0.05832702901799733 0.039645158333888764
191 10696 0 0 0 0.31127734547921415 0.20256073054756615 0.40117147052656177 1.2042978415610917 -0.11866268449269349 0.004640410986792278 -0.0583267148642539 0.039645091382499685
192 10752 0 0 0 0.3112772860799716 0.20256073114968964 0.401171454779809 1.2042978933237043 -0.11866268748624552 0.004640391228407172 -0.05832654511288562 0.039644780661825134
193 10808 0 0 0 0.31127733667150737 0.2025607308802489 0.4011714520481826 1.2042978516001166 -0.11866268465965917 0.004640463638520773 -0.05832694839439237 0.03964516955461756
194 10864 0 0 0 0.31127727580012776 0.2025607322980807 0.4011714521132791 1.20429788897517 -0.11866267842818361 0.004640394247152185 -0.058326548417540404 0.039644782023058746
195 10920 0 0 0 0.3112771842283592 0.20256073489534568 0.4011714447111269 1.2042979418056508 -0.11866266553887696 0.004640316368038883 -0.058326070446606766 0.03964426968027611
196 10976 0 0 0 0.3112772291746433 0.20256073073265377 0.40117143655660115 1.204297956616998 -0.11866269978587247 0.004640376134131848 -0.05832639696035855 0.03964444910217233
197 11032 0 0 0 0.31127735539928747 0.20256072375169615 0.40117144047705683 1.2042979292145677 -0.11866274941454805 0.004640481984629086 -0.058327039255449256 0.03964501440672887
198 11088 0 0 0 0.31127729967051293 0.20256072775309067 0.40117143655731347 1.2042979303673595 -0.11866271932977751 0.004640448123795228 -0.05832681809504363 0.0396448283614131
199 11144 0 0 0 0.3112773533073028 0.20256072637420633 0.40117143193814025 1.204297900645171 -0.11866272662290857 0.00464052417490902 -0.05832723969910299 0.039645196504031074
200 11200 0 0 0 0.31127741002155923 0.20256072100599554 0.40117142927422655 1.2042979182284057 -0.11866276992854503 0.004640572766364216 -0.058327526587574556 0.03964536207198389
201 11256 0 0 0 0.3112774701476466 0.2025607146828019 0.40117142931328537 1.2042979439410324 -0.11866282134911006 0.004640611215929103 -0.05832776846962391 0.03964548627404391
202 11312 0 0 0 0.3112775458837035 0.20256070955155236 0.4011714380940894 1.2042979373181948 -0.11866285899002119 0.0046406472602352885 -0.05832802358872846 0.039645730743984184
203 11368 0 0 0 0.31127751666514875 0.20256071138426934 0.4011714345620145 1.204297941795939 -0.11866284582643447 0.004640632782542196 -0.05832792211344213 0.03964562927239403
204 11424 0 0 0 0.31127744685233294 0.2025607176487728 0.40117142435940034 1.2042979290919789 -0.1186627972933188 0.004640616034126015 -0.058327767869499544 0.03964549972901228
205 11480 0 0 0 0.3112774191023387 0.20256071921521152 0.40117142180402116 1.2042979352916159 -0.11866278629630125 0.004640598527903868 -0.05832765361226723 0.039645388729298764
206 11536 0 0 0 0.3112774794542531 0.20256071347332172 0.40117143099730695 1.2042979502977957 -0.11866283120649578 0.004640609818262087 -0.058327771218982555 0.039645481075761886
207 11592 0 0 0 8882949.866779562 37235634.12271526 5993906.756731227 14268991.564282343 12551404.58449595 5403556.2913596155 1297221.0113344814 690460.7906024448
208 11648 0 0 0 8882949.866769983 37235634.122730374 5993906.756746259 14268991.564279426 12551404.584495813 5403556.291356435 1297221.011332312 690460.7906157239
209 11704 0 0 0 8882949.866773795 37235634.12273324 5993906.756752747 14268991.564282032 12551404.584513623 5403556.291357686 1297221.0113306635 690460.7906151838
210 11760 0 0 0 8882949.866778253 37235634.122741416 5993906.756736993 14268991.564289868 12551404.584511805 5403556.291373405 1297221.0113261628 690460.7906041505
211 11816 0 0 0 8882949.86676757 37235634.12274952 5993906.756739705 14268991.564293018 12551404.584510753 5403556.291373258 1297221.0113226757 690460.7906175461
212 11872 0 0 0 8882949.86674913 37235634.122752056 5993906.756727695 14268991.564280398 12551404.584515305 5403556.291375328 1297221.0113084721 690460.7906283584
213 11928 0 0 0 8882949.866759408 37235634.12275756 5993906.756737008 14268991.564273473 12551404.584516507 5403556.291366779 1297221.0113237766 690460.7906214449
214 11984 0 0 0 8882949.866765551 37235634.12275765 5993906.756737702 14268991.564279731 12551404.584515493 5403556.291367737 1297221.0113172191 690460.7906153871
215 12040 0 0 0 8882949.866762612 37235634.12276256 5993906.756734581 14268991.56429024 12551404.584513698 5403556.291372886 1297221.0113098247 690460.7906123525
216 12096 0 0 0 8882949.866753526 37235634.122753404 5993906.756731093 14268991.564294143 12551404.584511941 5403556.291377274 1297221.0113034535 690460.7906048706
217 12152 0 0 0 8882949.866752299 37235634.1227525 5993906.7567276275 14268991.564293565 12551404.584514149 5403556.291376744 1297221.011299893 690460.7905882793
218 12208 0 0 0 8882949.866749806 37235634.122752056 5993906.756731711 14268991.564294502 12551404.584513243 5403556.291372997 1297221.0113037725 690460.7905901822
219 12264 0 0 0 8882949.866745979 37235634.12275629 5993906.756730742 14268991.564292425 12551404.584516425 5403556.291377297 1297221.0112958774 690460.7905894807
220 12320 0 0 0 8882949.866740378 37235634.12275638 5993906.7567277 14268991.564288812 12551404.584519135 5403556.291378922 1297221.0112936464 690460.7905896977
221 12376 0 0 0 8882949.866740491 37235634.12275735 5993906.756731296 14268991.564290693 12551404.584516589 5403556.291377483 1297221.011294705 690460.7905927527
222 12432 0 0 0 8882949.866741203 37235634.12275851 5993906.756732616 14268991.564287685 12551404.584518868 5403556.291375324 1297221.011296123 690460.7905943706
223 12488 0 0 0 8882949.866742287 37235634.122759365 5993906.756732761 14268991.564288221 12551404.584518831 5403556.291375576 1297221.0112992944 690460.7905956121
224 12544 0 0 0 8882949.8667448 37235634.12276161 5993906.7567346785 14268991.564289061 12551404.584518213 5403556.291374806 1297221.0112971843 690460.790595952
225 12600 0 0 0 8882949.866741523 37235634.122761056 5993906.756730035 14268991.56429013 12551404.58451916 5403556.291380562 1297221.0112931684 690460.7905935092
226 12656 0 0 0 8882949.866745828 37235634.12276346 5993906.7567327265 14268991.564287262 12551404.584518837 5403556.29137846 1297221.0112964313 690460.7906030632
227 12712 0 0 0 8882949.866743492 37235634.12276147 5993906.75673016 14268991.564287521 12551404.584517311 5403556.291380107 1297221.0112967638 690460.7906008111
228 12768 0 0 0 8882949.866743516 37235634.122762315 5993906.756732002 14268991.564288378 12551404.58451744 5403556.291378451 1297221.0112951815 690460.7905992701
229 12824 0 0 0 8882949.866745876 37235634.12276353 5993906.756732317 14268991.564286578 12551404.584517336 5403556.291376174 1297221.0112995533 690460.7906051641
230 12880 0 0 0 8882949.86674509 37235634.12276407 5993906.756733302 14268991.56428628 12551404.584515793 5403556.291375032 1297221.0112984825 690460.7906053995
231 12936 0 0 0 8882949.866743155 37235634.12276148 5993906.75673139 14268991.564288322 12551404.584516129 5403556.291374271 1297221.0112999263 690460.790602275
232 12992 0 0 0 8882949.866743866 37235634.12276168 5993906.756730553 14268991.564289736 12551404.584515382 5403556.291376935 1297221.011296627 690460.7906011494
233 13048 0 0 0 8882949.866745101 37235634.12276175 5993906.756730929 14268991.564289076 12551404.584513353 5403556.291378205 1297221.0112919563 690460.7906019595
234 13104 0 0 0 8882949.866747506 37235634.12276239 5993906.756732868 14268991.564291349 12551404.584511735 5403556.291380623 1297221.0112888564 690460.7906042372
235 13160 0 0 0 8882949.866749363 37235634.12276226 5993906.756733153 14268991.564289533 12551404.584508639 5403556.291378564 1297221.0112867728 690460.7906070605
236 13216 0 0 0 8882949.866749242 37235634.12276345 5993906.756734619 14268991.564290194 12551404.584510319 5403556.291375369 1297221.0112922464 690460.7906055431
237 13272 0 0 0 8882949.866750387 37235634.12276064 5993906.756733594 14268991.564289456 12551404.584508425 5403556.291376518 1297221.0112882545 690460.7906084165
238 13328 0 0 0 8882949.866750218 37235634.122761264 5993906.756734178 14268991.564288467 12551404.584509498 5403556.291377833 1297221.0112880287 690460.7906097863
239 13384 0 0 0 8882949.866752129 37235634.122761995 5993906.75673589 14268991.56428982 12551404.584509192 5403556.291375993 1297221.0112918157 690460.7906115537
240 13440 0 0 0 8882949.86675289 37235634.1227619 5993906.756737505 14268991.564289633 12551404.584509006 5403556.291375861 1297221.0112925067 690460.7906133104
241 13496 0 0 0 8882949.866751932 37235634.12276327 5993906.756738967 14268991.564288553 12551404.584509283 5403556.291374987 1297221.0112929915 690460.7906174605
242 13552 0 0 0 8882949.866753362 37235634.122761905 5993906.756737267 14268991.56428944 12551404.584509403 5403556.291374774 1297221.0112954315 690460.7906150495
243 13608 0 0 0 8882949.866756056 37235634.12276317 5993906.7567387 14268991.564290686 12551404.58450893 5403556.2913746415 1297221.0112967864 690460.7906161242
244 13664 0 0 0 8882949.866756177 37235634.12276248 5993906.75673906 14268991.56429172 12551404.584510334 5403556.29137522 1297221.0112998353 690460.7906152077
245 13720 0 0 0 8882949.866754103 37235634.1227627 5993906.756737977 14268991.564290844 12551404.584511492 5403556.29137728 1297221.0112985116 690460.7906156434
246 13776 0 0 0 8882949.866756653 37235634.12276511 5993906.756739599 14268991.564290464 12551404.584509509 5403556.291378062 1297221.011296684 690460.7906199702
247 13832 0 0 0 8882949.866759531 37235634.12276614 5993906.75674164 14268991.5642907 12551404.584508127 5403556.291376266 1297221.0112985177 690460.7906232858
248 13888 0 0 0 8882949.866758091 37235634.12276586 5993906.756741892 14268991.564291019 12551404.584509544 5403556.291375708 1297221.011300435 690460.7906208733
249 13944 0 0 0 8882949.866757736 37235634.12276584 5993906.756741118 14268991.56428993 12551404.584509194 5403556.291374911 1297221.011300889 690460.790620914
250 14000 0 0 0 8882949.866757097 37235634.122765355 5993906.756740477 14268991.564288173 12551404.584510056 5403556.291375264 1297221.0113019971 690460.7906213654
251 14056 0 0 0 8882949.86675808 37235634.122765236 5993906.756739929 14268991.564290415 12551404.584508155 5403556.291375453 1297221.011299118 690460.7906185561
252 14112 0 0 0 8882949.866757447 37235634.12276422 5993906.756738937 14268991.564291293 12551404.58450838 5403556.291376568 1297221.0112987563 690460.7906193257
253 14168 0 0 0 8882949.866758239 37235634.12276436 5993906.756740291 14268991.564292291 12551404.5845085 5403556.291375782 1297221.0113003722 690460.7906203687
254 14224 0 0 0 8882949.866757425 37235634.122764654 5993906.756739931 14268991.564291067 12551404.584509045 5403556.291374605 1297221.011301969 690460.7906207556
255 14280 0 0 0 8882949.866755743 37235634.12276427 5993906.756739761 14268991.564291028 12551404.584511738 5403556.291374601 1297221.011305553 690460.7906203977
256 14336 0 0 0 8882949.86675605 37235634.122764304 5993906.756739828 14268991.564290851 12551404.584511457 5403556.2913733795 1297221.0113057485 690460.7906173595
257 14392 0 0 0 8882949.866754131 37235634.12276446 5993906.7567395335 14268991.564290974 12551404.584511302 5403556.29137427 1297221.0113021303 690460.7906155091
258 14448 0 0 0 8882949.866750436 37235634.12276384 5993906.756738129 14268991.564291665 12551404.584514515 5403556.29137416 1297221.0113034325 690460.7906106359
259 14504 0 0 0 8882949.866751984 37235634.12276433 5993906.756738523 14268991.564290024 12551404.584512819 5403556.291374265 1297221.0113021878 690460.7906122024
260 14560 0 0 0 8882949.866753586 37235634.122764446 5993906.756739221 14268991.564289663 12551404.584511828 5403556.291374288 1297221.0113005934 690460.7906156017
261 14616 0 0 0 8882949.86675468 37235634.12276333 5993906.756738498 14268991.564291107 12551404.584512344 5403556.291375194 1297221.0113016362 690460.7906162784
262 14672 0 0 0 8882949.866754608 37235634.12276296 5993906.756738028 14268991.564291438 12551404.584511338 5403556.2913757935 1297221.0112993855 690460.790616422
263 14728 0 0 0 8882949.866754983 37235634.1227632 5993906.756739004 14268991.5642917 12551404.584511736 5403556.291374687 1297221.0113011673 690460.7906170501
264 14784 0 0 0 8882949.866756946 37235634.12276353 5993906.756740139 14268991.564291416 12551404.58451135 5403556.291374025 1297221.0113036728 690460.7906201549
265 14840 0 0 0 8882949.866757099 37235634.12276411 5993906.756739903 14268991.564291926 12551404.584510367 5403556.291374452 1297221.0113027128 690460.7906205937
266 14896 0 0 0 8882949.866755227 37235634.12276356 5993906.75673817 14268991.564293152 12551404.584510952 5403556.291375127 1297221.0113000963 690460.7906153814
267 14952 0 0 0 8882949.86675312 37235634.12276332 5993906.756736649 14268991.564293217 12551404.584511431 5403556.291376484 1297221.0112978902 690460.7906132505
268 15008 0 0 0 8882949.86675377 37235634.122764 5993906.75673747 14268991.56429401 12551404.584511414 5403556.29137706 1297221.0112976334 690460.790613619
269 15064 0 0 0 8882949.866756424 37235634.12276403 5993906.756738226 14268991.56429405 12551404.584509736 5403556.291375269 1297221.0112990644 690460.7906157057
270 15120 0 0 0 8882949.866754893 37235634.12276324 5993906.756736308 14268991.564294565 12551404.584510125 5403556.291375407 1297221.0112979864 690460.7906129169
271 15176 0 0 0 8882949.866753595 37235634.12276344 5993906.756735394 14268991.564295892 12551404.584510287 5403556.29137625 1297221.0112961377 690460.7906088453
272 15232 0 0 0 8882949.866756905 37235634.122765385 5993906.756738353 14268991.564295545 12551404.584508957 5403556.291377068 1297221.011297456 690460.7906160569
273 15288 0 0 0 8882949.866755696 37235634.12276596 5993906.756737825 14268991.564295197 12551404.584509924 5403556.2913773395 1297221.0112980918 690460.7906159861
274 15344 0 0 0 8882949.866755366 37235634.12276636 5993906.7567375405 14268991.564293934 12551404.584510555 5403556.291376984 1297221.0113000718 690460.7906175352
