% # columns="iteration, evaluation, void, void, void, xmean", seed=967114, Fri Oct 20 11:21:35 2023, <python>{}</python> # scaling_of_variables: 1, typical_x: 0
1 56 0 0 0 -0.22005942576579918 0.008160168516635098 0.013919157025775649 0.00364709246811266 -0.03000334277873253 -0.03824456221877998 -0.2096732772929024 0.1664486632596006 -0.032391971180141206 0.10187753736774842 0.20952262978047873 0.02472257755604833 -0.07692068283092414 -0.0020303267172540013 0.08357530165780663 -0.0015030541307260391 0.06046895851295778 0.19126085751762822 -0.1831700897502033 -0.052197815654709254 0.04154469136456975 0.0507468352323781 0.046460630890930846 -0.07369775399970264
2 96 0 0 0 -0.2659859220227406 -0.06786806864849224 0.16677678372630886 -0.19027994818180288 0.040297041417521606 -0.22398249478110752 -0.24832469191064196 -0.19434039273201142 0.2063465321772285 0.07188458560908355 0.14407970035827486 -0.06545472388849011 0.08319851232341426 0.11541759841628903 0.04955480923788843 -0.17594690063740615 -0.331534965855313 0.11060300340052967 -0.028813988370009033 0.14813261466352923 -0.4228685408149135 0.10204007768193002 0.025344431792293932 -0.09008424473259494
2 112 0 0 0 -0.3429093701770814 0.057459677834338314 -0.14814603553585926 -0.05347702966761505 -0.036497646965074335 -0.04754348030239106 -0.20909131531936767 0.1505931557857015 0.10182729399545526 0.1497021541565057 0.2872839580913663 0.042340413006978196 -0.1398822408858898 -0.07608378783906544 0.11423795987138217 0.016201329690704525 0.14281869016246362 0.1522554464492464 -0.28705014994546313 0.08660027694171561 0.14480806196585394 0.005899537816419588 0.15536747728896919 -0.06741285737116441
3 144 0 0 0 -0.38265488264945613 -0.32073486353559566 0.26456328338782265 -0.06206328874829056 0.2949304804389496 -0.18901488271694616 -0.3537133224704709 -0.042108334752153365 0.18574751862757496 0.14536392829512063 0.0773937601037046 -0.23248043700759374 0.3779579896660259 0.01883042384147708 -0.060021068500009454 -0.42050180816360755 -0.31412376210197174 0.45372286450419663 -0.18215691938464473 0.18274799988656004 -0.49310190906983703 0.2995296555889792 0.11960036945500802 0.02699999748720991
3 168 0 0 0 -0.30000271578974835 -0.058496522715161585 -0.23810730276637135 -0.039991512600950685 -0.030072599940456878 -0.21971337727353135 -0.12385771388828035 0.17109176864772377 0.08770800426518484 0.13039374658848038 0.41609121402978 0.04921709764041042 -0.14816039044492843 -0.03826978304931589 0.2299841463345435 -0.11219525826469244 -0.0018656315910941523 0.2189385394883976 -0.3704284694570703 0.10189365030531944 0.1032346066755697 0.046442357538902856 0.35752461247162626 0.06831140416288041
4 192 0 0 0 -0.2860159464377642 -0.5080834146211323 0.21032168357567801 -0.05324390173690746 0.15533640617840425 -0.2775489038040132 -0.6096042376676175 0.0379309947704328 0.20548999530805015 0.26922055377095905 -0.024602357400536318 -0.0018127949912895291 0.43783089147358817 -0.15933943769384712 0.05061710971064349 -0.36039140869785036 -0.2383382790227755 0.3956752214485329 -0.16206366003078998 0.06933300101269922 -0.5744038062697489 0.3140063842021814 0.24415078012727928 0.06090982463798031
4 224 0 0 0 -0.47437061628135363 -0.1267936180567515 -0.39694610193666796 -0.10470941485728563 -0.15188677416149635 -0.18775297820512216 -0.16389231634565404 -0.03168111850697397 0.02199703634457853 0.08057907072027005 0.6041001294754962 0.2621421655723166 -0.00921724884858341 -0.025166447511732484 0.2582200573119119 -0.12289251235546154 -0.046412344707234036 0.3450871674063311 -0.5784438994772098 -0.06719993079309233 0.2760640345082784 0.23728314219495572 0.5363835572686161 0.3349352255156889
5 280 0 0 0 -0.7013667142006826 -0.21804036773282368 -0.32914215754191994 -0.16905760587427687 -0.21141713147366967 -0.3137131409137991 0.06455777769848586 0.21762776648733947 -0.09381843982729676 0.20152382815025033 0.6758485138790944 0.35814843450734296 -0.21420874901622688 -0.0924556864675943 0.2505082377619255 -0.22396867595814524 -0.12272209662809974 0.25847468395970136 -0.5581329391824265 -0.06873872594685154 0.1258533032504388 0.05429248760738453 0.5526223348186936 0.27178309563305963
5 240 0 0 0 -0.31546774770704794 -0.5306908848178481 0.48540558636453934 -0.26943008072301455 0.015342891973982337 -0.12058747576269946 -0.6335419733685813 0.03678194545534971 0.16708240558685686 0.3942205759652721 0.14860314574129335 -0.04769776384341775 0.3469980167890204 -0.18218735519120513 0.0397169370782711 -0.336314251039738 -0.5481086755246667 0.5757213966601905 -0.11228352749730398 0.13894777386564214 -0.7820921068330571 0.12130231447330644 0.2232823645343327 0.245598186814671
6 336 0 0 0 -0.6551936998948622 -0.31455784868990355 -0.2680873194886498 -0.020533746044502255 -0.08951830196154541 -0.2544470834618946 0.2072125161042167 0.35784277231505024 -0.03982501465382325 0.3341680240619524 0.7895429539848433 0.4203967007450626 -0.32284744690870687 -0.02258879631212954 0.34952653042173565 -0.16319141660894104 -0.3173757560778584 0.17748824363447843 -0.5341831796951627 -0.0629489144869842 0.17619163836810645 -0.005631205627039004 0.4867896620609459 0.2477742390704161
6 288 0 0 0 -0.3434817345574491 -0.3743453969350301 0.6295868573484756 -0.2523151313339831 -0.13478882103047687 0.08310676007553544 -0.7527769524826255 0.0402546553192569 0.1353483269698253 0.6097020126161844 -0.017022440907697667 -0.20258507499912973 0.4065148226171674 -0.11608781531513739 -0.003505665933822018 -0.22644363984023588 -0.5522273886352345 0.4669651139511192 0.04583410269716372 0.2248666191952456 -0.5940210527849986 0.17950224606369247 0.46187166563181997 0.2034175410834978
7 392 0 0 0 -0.6669431357123965 -0.4077870154524438 -0.3188261359600617 0.009676543388987078 -0.1674617384505688 -0.27283347440295175 0.3565730435945989 0.4384851939310108 -0.08864172052553193 0.38924451066444093 0.7636884939107108 0.2589699426606253 -0.343368621150194 -0.09948001399624629 0.4645046767038895 -0.037544195740901176 -0.4083341729077889 0.2627932033354665 -0.48481859026109003 -0.21036938637588165 0.42635681308642437 0.13257992729781967 0.6935906772914797 0.24994668491513192
7 336 0 0 0 -0.498584298093096 -0.44376008661912575 0.3796404112613431 -0.08545047913611731 -0.15141302970000417 0.14791741818667803 -0.9186203827055093 0.14317551810944115 0.1635311653080029 0.5581658053548375 -0.10459499881293266 -0.2648468688559167 0.18547124655002173 -0.4467246897528246 -0.057082999393710705 -0.17509104513589271 -0.43316222224300743 0.3551444365483273 0.09600868170291096 -0.04153733712182389 -0.6165204127430379 0.2627272584667715 0.5760957494920139 0.07629234991307471
8 448 0 0 0 -0.5310695488276413 -0.5879778239277561 -0.19910952031792079 -0.02727703686886612 -0.26057417757291534 -0.32528690196087423 0.49622974036214584 0.5062355382604125 0.035174888997386605 0.5048901904374525 0.8810094227099371 0.1381243878806887 -0.2065893504633214 0.005043152487314115 0.4965693300080431 0.006484823033170342 -0.5190465604720846 0.38583560212518564 -0.34221959042979017 -0.19956254887382988 0.676857416553777 0.0828920461987803 0.6663379679837464 0.12027615023987379
8 384 0 0 0 -0.7797635218020349 -0.3918511087881037 0.295205556750341 -0.09362154929992357 -0.023330678199106475 0.04752577786653331 -1.0396135440871308 0.1617051228643426 -0.06585806286816512 0.3715947048456565 0.13511675052435512 -0.34795314685013323 0.25195517078168134 -0.27500805389565625 0.045206818132502234 -0.2516306370314776 -0.36535179180360927 0.5349367512151167 0.16568425639771747 -0.023459357918540993 -0.4732523783635219 0.5000791991774969 0.6478062359216371 0.08242498405839768
9 504 0 0 0 -0.8236280908289719 -0.4420321219418181 -0.33080186315705973 -0.006333761911155717 0.05745785549622362 -0.5196353885616458 0.6853590866924147 0.8311463753682312 0.08192662008902155 0.6818220915081301 0.893252278278063 0.38311153197409864 -0.06682859209410694 0.13418902304540192 0.5983863052908417 -0.07746800914648079 -0.6215546788889417 0.36113715781648237 -0.24612418780766546 -0.4023218248919135 0.26788010744331137 0.15953606297956416 0.8244702846806337 0.24160654878914004
9 432 0 0 0 -0.9364992935653498 -0.27890509451198225 0.38524322463503147 0.030599919215893903 0.09354381016027334 -0.011322181752096996 -0.9000864252951997 0.3738336990600927 -0.13589896661724626 0.5141646151181212 0.15945224215967885 -0.4178153369464752 0.14438036644480323 -0.42790703427578763 -0.04514310840686484 -0.08936475370120453 -0.4640323121220221 0.5590773608359461 0.14741792973243364 0.10962712701492895 -0.3049258824225428 0.5875070850388161 0.8201379328027766 0.1836558705151671
10 560 0 0 0 -0.7466568571042216 -0.5498570287141502 -0.17945093000049608 -0.061015976045789524 0.28893021240998584 -0.5575455100148339 0.7670719966284663 0.7581543641747558 0.08802492233539952 0.7315543913202003 1.009962457275648 0.5855072682829202 -0.1993317592733843 0.4274779350958277 0.5546098077855844 -0.19031475958150962 -0.6701888535547279 0.44169004012107993 -0.09173043112630283 -0.5081800777310843 0.36367554409792474 -0.20953497072155938 0.8028298004021122 0.1561477352985329
10 480 0 0 0 -1.2904169392550913 -0.36440191875005584 0.19832614687291372 -0.10375671227323922 0.08791428834963533 -0.0915587129219473 -1.055442398206141 0.28777135673013626 -0.16519212538227557 0.4929909782966134 0.15577270543474517 -0.5675886717367086 -0.19108911225604386 -0.30281919337940477 -0.008844531873421983 -0.07365500421834556 -0.4929002674648561 0.6393672234264857 0.08886804531571121 0.0577260208848307 -0.2690776166579189 0.6124660191599023 0.828671491453414 0.2011064532756047
11 616 0 0 0 -1.0816032129477806 -0.49669132178350645 -0.195895886491341 -0.26797715665247157 0.018574455721263372 -0.36758760691815956 0.8354768874755634 0.8162846987257921 -0.04874023799860405 0.8677833695276452 1.257155854839559 0.2845063065234168 -0.2355715292205233 0.4369109657388775 0.6121477014794939 0.004432443254115237 -0.5950529831585202 0.568034693900224 0.1762624396075894 -0.5148625120054675 0.29020725202718856 -0.3630775742809485 0.9766891759915903 -0.11872618862600656
11 528 0 0 0 -1.4082277665630056 -0.5456009849873174 0.12875433845818546 -0.10208890900251712 0.3082185502814695 -0.08076478863696007 -1.1966794899573427 0.44550888330530436 -0.3059559339576872 0.4333010944305874 0.11442799001234007 -0.6774053556633822 -0.007743428030023064 -0.250196190322169 -0.03159376062377557 -0.26910953087035694 -0.5948950686833587 0.6325887249876762 0.05632178599270586 0.04090970536960624 -0.21027015743241373 0.5900132413848876 0.9371009923714693 0.047867580887210937
12 672 0 0 0 -1.3156321235445467 -0.7224095116409779 -0.27468778724526094 -0.16799428215014697 0.07310319396460065 -0.5026275858571533 1.024550142353365 1.2524931106383663 -0.3162774246360278 0.9674978771426443 1.1879856677400058 0.6527332365409007 -0.28208313460569145 0.4165813224025742 1.1947340052579736 0.058319693528043066 -0.7026026345156259 0.6109959376329341 0.5276018749199488 -0.32782831962981873 0.4604937390877921 -0.5192539957729098 0.8140431351988819 -0.19976379425334234
12 576 0 0 0 -1.5327751879250304 -0.5954403653198986 0.3886575010922881 -0.27599655987934707 0.11744825080415394 -0.051771275561578234 -1.2682531014033696 0.46497594323638486 -0.47028504829622464 0.42757258664854625 0.02384494406099487 -0.6230201593192783 0.04197014311863751 -0.33921893323328406 -0.1479742718433546 -0.41731170554642644 -0.6262834652041199 0.6591069002527961 -0.15555162766547587 0.21542206221975801 -0.20763157567104962 0.7512715414338391 0.7616508589435816 0.05254053915675417
13 728 0 0 0 -1.584951339173084 -1.1123949923331031 -0.2724552620259369 0.30082090031720676 0.17010837835343284 -0.5655117659417516 1.0694729966003382 1.352564461545918 -0.1624837287238462 1.062658195311815 1.3475188958898603 1.1599850543532944 -0.2479377657847017 0.2937657421061655 1.3016214685860896 -0.1539728711390394 -0.8114228746084875 0.6650490897203148 0.7858657745194897 0.05710466458669816 0.48674408071681174 -0.38882815340342347 1.0627591009022401 -0.2278075068275099
13 624 0 0 0 -1.6757551109299584 -0.6877433481096267 0.6076314225641943 -0.2207733134063818 0.05525303684120602 0.07189421109152476 -1.3924279924186205 0.4277761074664417 -0.5294448658341091 0.5886963439865988 -0.03041328949945772 -0.6596642906936121 0.2072229457261736 -0.3039899770413062 -0.30022515369629443 -0.5604069700683773 -0.5307750971355093 0.9294236052884001 -0.141638176389607 0.5178941222432348 -0.08273367682683545 0.6958628054589319 0.8737810776614939 0.3886459051914739
14 784 0 0 0 -1.6396053194111564 -0.9657939247873111 -0.2627463237296224 0.5228372210938227 0.08526253297070449 -0.4115395829825643 1.0574472001824615 1.8218255141451258 -0.2991388895416599 1.223162031977409 1.8072728597497776 1.4389088311834117 -0.10220765983174143 0.3802475464749333 1.1099149343771162 -0.2611759737493721 -0.9119685458637589 1.0210327368973904 0.9600652685026232 0.31574493723274055 0.4593956196946597 -0.5305825112824992 1.0142650345089712 -0.2360403062983262
14 672 0 0 0 -1.7760560598884458 -0.8039105838753222 0.4598760952424385 -0.09041147899809404 -0.039644821604886644 0.20676382794313064 -1.5153856631906464 0.47444688132752155 -0.7226051856580965 0.6092945602756853 -0.16784633651792308 -0.790910671898809 0.043928978937428254 -0.439193540629687 -0.5237482582048985 -0.7728207706219612 -0.3966610790387059 0.9602260835095265 -0.2615539878857241 0.7277314527787484 -0.04335566288229321 0.7106854026288867 1.2178319274606826 0.1047093713954998
15 840 0 0 0 -2.3215330276417316 -1.2144001874697359 -0.2073810294856001 0.5201782068010067 0.14824138237856246 -0.8538311333199294 1.6626919386266101 2.401585311141531 -0.5041715020901197 1.3124779464541876 2.0988772719678366 1.8115526515338953 0.053824108304342894 0.4020351970447715 0.7961790379016793 -0.30567675848834586 -0.7593399239441374 1.1482317312626724 0.9481823377325217 0.8214004329146809 0.7581666748202256 -0.6640333749421744 1.2249334987598985 -0.6629420097330402
16 896 0 0 0 -2.6525124140387213 -1.2142315813886457 -0.34042051237631404 0.5053240156549677 0.00699488676960483 -1.143596633104082 1.9285556821426744 2.876061025750099 -0.4985575199370795 1.7176582180158493 2.51413874277528 2.6013719986376573 0.5452455364528972 0.5594201518449033 0.6100613367289247 -0.7033163600217819 -0.5778943692969671 1.2035350513598686 0.9448220539674166 0.7560695540007333 0.40384545957043716 -0.862111737191831 1.385279949163544 -0.592017395851526
15 720 0 0 0 -2.2257511874845037 -0.6330219640293413 0.8559818573594882 -0.23446290351776397 -0.5398538423358228 0.0888420503162504 -1.1868533125048915 0.3786706183396989 -0.95633320803049 0.7627486390994554 -0.243817132214735 -0.760732639930459 0.26437853170164993 -0.39694057098512303 -0.41287204659049 -0.702772078905282 -0.41466315378235563 1.07151406361686 -0.45664522957684095 0.7683391338431605 -0.23402542440569526 0.5003102930869472 1.1975065508976237 0.10274248830312734
17 952 0 0 0 -3.07458949156428 -1.5913495642902151 -0.3596302020974422 0.6916047684887164 0.005255534453003787 -1.6166933496518983 1.7790200421255178 3.1725579410302855 -0.8828187660265806 2.1731199126695726 2.5668109341565604 3.0724930078490087 0.628632507436773 0.9150369314634444 0.972578107058552 -0.8574726865452694 -0.7548745043763113 1.2013356556789492 1.4692338515525258 0.46323646121869577 1.2826249249264712 -0.5632277792647252 1.6661530552472112 -0.35616271533791266
16 768 0 0 0 -2.3383636211969194 -0.9760345698018764 0.7038581770714325 -0.2763205400207207 -0.7012904824462136 0.19057876773710958 -1.1438902872421113 0.3505892017593341 -1.394279934027889 0.8473195722432089 -0.4797044938727156 -0.6562701714413972 0.38305431829384484 -0.6570290444030439 -0.6029187026162368 -0.8061564547880918 -0.5024747435152164 1.2217756104053124 -0.2510178354465521 0.7980044262079079 -0.12834772667527744 0.7685541468512146 1.1952810687143378 0.15304739421275382
18 1008 0 0 0 -3.43989166205469 -1.8541687070936284 -0.45161187528135094 0.835203080788754 -0.4988917199768656 -1.7234421872924381 2.0543725293749855 3.7351647532621204 -1.0799546122499148 2.999836152219553 3.473849208029399 3.121033038957489 1.826337583470374 1.0956833805819555 1.1460302850209811 -0.6037486256183626 -1.467646782708471 1.3852499696282097 1.0846763638275048 0.8933188254369794 1.6012083015666532 -1.1651208897924346 2.360055611481026 -0.39175504215725565
17 816 0 0 0 -2.85607921047827 -1.1557254936893187 0.9376319620908454 -0.49451565263768477 -0.7916569441288166 0.14733108157716715 -1.2577621323382235 0.5990269404812386 -1.4435013724974843 1.013035300578875 -0.6231827444239264 -0.8402172844209167 0.16081762019867288 -0.6001615040274108 -0.605261484919163 -0.8897661026637463 -0.514184718703822 1.3884358362279723 -0.3631593880362845 1.3132175415087943 -0.0422253097501927 0.7688131243825617 1.3220973030720649 0.11767064830996625
19 1064 0 0 0 -3.972473483662261 -2.016195652614785 -0.6439707868642591 0.6779881618358017 -0.6452544260349088 -1.335632226650364 1.7987218119008763 4.337885164423478 -1.4645324731373899 3.301302398864252 3.837779115982446 3.6395488288789277 1.3134336807512412 1.3465003760509762 1.088763982609722 -0.5887937859107437 -1.9274645056181854 1.9979563025557636 1.5376029236647106 0.734415048887013 2.5345393700310805 -1.5327492780108718 2.09986684397188 -0.3681609377370707
18 864 0 0 0 -3.0070280808383236 -1.089413503635131 1.0908394624853701 -0.856871666771198 -1.123324374642603 0.07778528151954787 -1.1492149787294996 0.06623302963073885 -1.474247669800657 1.2392055185985928 -0.6635683279708307 -0.9133360056679316 0.0198952153605082 -0.8201837237559069 -0.44900106504479526 -0.9160836203744643 -0.8287464454032342 1.5204107817617332 -0.34430253785037235 1.3652304228706325 -0.28324626501102457 0.9877977901066436 1.0069128494720327 0.14002253914865584
20 1120 0 0 0 -6.2492286231789045 -2.539124246187583 -0.7458166627211172 1.8981869202831319 -0.5310160886864024 -1.8395849269025262 2.237329082266143 5.150836145317066 -1.708468973625721 4.005096252836222 4.901350301327694 5.1472455037231875 1.3077867737613542 1.1957441546181407 1.1184741322396037 -0.7225153318515881 -2.1280067185757194 2.2476160551747744 2.3766880732649995 0.7160334179547144 3.2170517999712183 -1.7477643310373427 2.925359559467396 -0.09855423048576595
19 912 0 0 0 -3.56931853861541 -1.5078213059353627 1.6038632804303197 -1.1743150479078772 -1.061202398418855 -0.009566329971046575 -1.141066719580613 -0.18604478942527514 -1.5814922275346808 1.4672757989681615 -0.6694773387852644 -1.2999158997809224 -0.4599267045498448 -0.9068243489465672 -0.33804128857923055 -0.8531181764847333 -0.552742700389061 1.6161880817638392 -0.6058307915383179 1.1763836638634557 -0.5121857282659228 1.1896744913310158 0.9672647576681358 0.6224385906413016
21 1176 0 0 0 -7.557544137006131 -3.0763914697831254 -1.1900908996819417 1.7013286724640806 -0.12677585349916531 -2.11297924987022 2.4662516529767284 4.732937910407317 -2.075053125810332 4.423531338512542 5.536983060123118 5.798045352399969 1.4221132393740197 0.5075957738781106 1.2343219497342939 0.058335514879103156 -2.1605469559018444 2.618489034726189 3.89974402077092 0.5378474046590435 3.5221686213082473 -1.7495836644072997 3.49140860141884 0.08884078762963571
20 960 0 0 0 -3.8991755740314 -1.625802242833695 1.6073139983919305 -1.0472306202304758 -1.3661265312784445 -0.21106859937669836 -1.0441444747975213 -0.3471953533398398 -2.127216196378792 1.5556275945101605 -0.9518688051010223 -1.7474015756449868 -0.6142470208749752 -1.2516792325813284 -0.11704247389652511 -0.7229808351161378 -0.46324531006579744 1.4640267275211354 -0.5650164531292389 1.1511141778739633 -0.4413346966764752 1.5398445664438336 1.1137347210051274 0.5307907126549783
22 1232 0 0 0 -8.073189449415128 -3.2216953093662726 -1.4327186449581322 2.031550720867492 -0.42803260527295606 -1.2575985450782092 2.1741566851237417 4.201457254354343 -3.1037918382135063 4.360586565332568 5.373127140356963 6.593232488353157 1.4719906275296106 0.5583485620132366 1.1502967211054573 -0.13305509289978612 -3.4896429837136 2.970674868724693 3.346861397792605 0.7520879480917294 4.23096042284876 -1.7727741452091579 3.343808580191375 0.3916231788876829
21 1008 0 0 0 -4.5469934991184635 -2.0558788552050054 1.891587274219739 -1.4111570767566435 -1.8812505471920993 -0.6737512529242166 -1.4369784791552622 -0.8455418862747134 -2.5656252583304995 1.9145488902813137 -0.8453391224870219 -2.0152081572999174 -0.7675873831225335 -1.0558852788420783 0.3071291846613877 -0.8424728321477833 -0.7461369998922902 1.5353575805820072 -0.7973174208013689 1.1952582538534735 -0.6503248318567036 1.8507096316696339 1.4734880898899312 0.10966832274460958
23 1288 0 0 0 -9.767203264305289 -3.636790771827374 -0.8202058163839424 2.764418444271273 0.5476978434820593 -0.8880522202518583 1.5152877621570737 3.982480445401312 -4.276673777626227 4.764050183564879 6.066262879629945 7.692059408280983 2.1945150010638814 -0.739165443888467 2.2755907141996596 -0.5169910743843308 -4.068278582567107 3.742639312322721 4.007311374391605 0.7990803108801354 4.4392256661492455 -1.4078639282808998 3.7620318185487496 1.2108318530391364
22 1056 0 0 0 -4.643317669865945 -2.507676552693244 2.2686506951994465 -1.833523784233909 -2.269073502926903 -0.9996971863471938 -1.9026566206065885 -1.0336087614434348 -2.83851435309843 2.1495985689865886 -0.7744627999385351 -2.4997046835129986 -0.9587352601297782 -1.5206939190319653 0.4246633058413921 -1.2770594877966122 -0.7610479871118173 1.9167628746561607 -0.5198584778720549 0.5215913738582488 -0.5667167265952469 1.9258560616827893 1.8599903823099677 -0.40361248225897894
24 1344 0 0 0 -11.368517846136246 -4.669987311206189 -0.3198228952377814 3.1458799008683678 1.2520443974741156 -1.2190979516608544 2.6501655499029693 3.9098767716561817 -4.758760473041021 5.672278767442933 6.856343144460351 7.380638855489284 2.451642018588576 0.09360354824022121 1.4405609598011033 -1.3950750131527831 -4.579107383704828 4.242995673429976 4.4663286878431245 -1.7788809525748697 4.351673680201812 -1.890340308106539 3.5947204798317163 2.3167537865721677
23 1104 0 0 0 -5.826259203403682 -2.4511849188600463 2.7003867897276903 -1.7611058855220976 -2.0997646546272084 -1.1112333955724787 -1.364880636132948 -1.301089780038884 -3.7040421739546217 2.6424999396964677 -1.0357246659869832 -2.88876287785364 -0.6469271791058698 -1.2076114145815238 -0.03906441801456295 -0.9995120890963982 -1.101332522363754 1.8860912921838018 -0.08440135036072982 0.9297137800211597 -0.9888326637703179 1.6010929756276215 1.920299841076984 0.19330190722975182
25 1400 0 0 0 -12.335715861422013 -5.5650668901728055 -1.2646290641972595 3.949232189074803 1.7219264765522493 -1.9178685397948798 1.8061967812507147 4.5181619514152835 -6.575996689049881 5.8850982813916906 7.724962925268316 9.778297639124343 2.1578999398470624 -0.4030511081847332 1.4452825944000416 -2.2904251183404005 -5.50399873542798 4.911464701421891 7.4298461792044375 -2.584898144470862 4.23930938126639 -1.2936431761683511 3.6168012510167182 2.375114503837811
26 1456 0 0 0 -13.641877015243244 -7.020456727397776 -0.10400522680349344 5.463100847290856 1.0857317649305984 -2.1378762871970856 0.7195814460893883 4.96850727593472 -7.5772580164217604 6.000941964760705 7.198121855123694 11.320563327388786 3.7925041656047584 -0.012899862058722844 2.251410963131862 -3.203321036762988 -7.438079564256528 4.7636258104929885 8.776626803249018 -3.6440077748463096 5.781053090012903 -1.2272901486171792 4.360334645187934 2.60880980018893
24 1152 0 0 0 -6.835898953303757 -2.397403825287784 3.119673503841032 -2.4735007382394496 -1.8473045887043544 -1.2667492529680706 -1.6734681859844873 -1.9311572889652908 -3.6844851211120626 2.793692474343955 -0.8044521559829071 -3.4469263508341212 -1.2987842446106945 -1.4248873839499532 -0.299701338759037 -0.7046156731452703 -1.4889591945095788 1.805904947097162 0.007979909905865668 1.260658849419111 -1.118895493711056 2.188784298115877 1.884561716034045 0.051602463733207066
27 1512 0 0 0 -15.646081431654252 -7.788108586794 -0.08842111784320995 7.742081709820611 0.5248420410394806 -3.064011952138266 2.0023535939044863 4.998007397124036 -7.858894935250942 6.63185871836376 6.150475493248912 11.016708096250792 5.524733440417381 1.8474179747654227 1.757099436700745 -5.121728137871261 -7.4925637376551615 5.286802120503488 7.8472643389972365 -3.1014348745396414 5.04480276381859 -0.4722364093030744 4.642269124923143 2.8764398771706663
25 1200 0 0 0 -7.451056395098798 -2.5325343491967427 3.6744633474296666 -3.004632859726894 -1.115532077400503 -1.9135686836657488 -1.8152153327505978 -1.3233382698762621 -3.598549239019841 2.756291628428344 -1.0750918636664135 -4.249536889269562 -1.0013629223118814 -0.896240790230307 -0.7178199231341634 -0.8495770076794601 -2.036438962989342 1.7052096718720788 0.3820932447853978 0.8020463857579281 -1.278585536320664 2.2091463280444636 1.9301618291245022 0.8223627351662134
28 1568 0 0 0 -19.339327124776837 -9.875629018926842 0.3168966012043817 9.053772961911108 -0.3208017132763127 -4.098828333122145 2.720930955347236 5.916117477632658 -10.061261124655827 7.7198365264167785 7.983140519959397 12.590551431360945 5.808517784024585 2.8321705530413976 1.1302885230210338 -6.807279312006036 -11.404681338531976 7.8477193507145735 7.9507444946734225 -4.41459831923546 8.162579255340344 -1.2065638484541605 4.588769761305952 2.6977469651062647
26 1248 0 0 0 -8.342791012233535 -2.859336866404704 3.561107753679928 -2.9665491838582443 -1.3632573388231184 -2.026495445315112 -1.5752198452598047 -0.2649510068390608 -4.021348682850477 2.715047237871761 -1.4927802499638858 -4.71590059971645 -1.3891581865057145 -0.12024778871780029 -1.518312506383633 -1.599683208866457 -2.1475619106430752 2.550857522302133 0.745884168016903 0.27607830036161907 -1.691303670417792 2.247976982887696 2.0591222724784135 1.0758376776921208
29 1624 0 0 0 -21.000778041448147 -10.697606042687976 -1.500434566501294 9.21166542126047 1.6714660792696185 -3.6636997358808316 2.7820474442817824 6.309598442230721 -12.56733007191464 8.582899749517006 10.678704146838438 13.59981386429727 5.892003804442545 4.075615960705425 2.3906803335151587 -6.625345870736293 -10.524645074420091 7.367590430876043 9.252792786812844 -2.8382533529800016 9.742219402766192 -4.118102880039734 4.531063358379519 3.228204560374856
27 1296 0 0 0 -9.058149446681236 -3.5248080125112917 4.016939498193107 -3.8939991609360627 -2.1933593816434613 -2.039228178963976 -0.7261068854008758 -0.37283412856520065 -3.7585039628141135 2.279671058707994 -1.750888427949473 -5.329961907370564 -1.2989505403344708 0.1957876304206535 -0.9808594517272773 -2.3170656239362986 -2.1167584140740603 3.334107415817345 -0.15722316530082048 0.7132119325808198 -1.338771337024903 2.23495324612347 2.20423846017054 0.6982610990798955
30 1680 0 0 0 -23.226733791000093 -10.811166444595258 -3.2346067182323153 8.466639132105689 2.0334350586487675 -3.0619326330937087 0.6805142822529757 6.311892789647931 -12.659866585120815 9.268300504783905 9.249677594423865 15.23937113689662 2.1168536214340965 2.8570147615553623 2.2088507812359675 -6.219827049490738 -11.895875519834847 9.438738353028597 8.610138643790247 -3.5766567867224155 9.94108677209518 -5.639911358706422 3.4604523370777245 3.7186530176542627
28 1344 0 0 0 -10.43341203191116 -3.9905226485533234 4.0615661297347225 -4.384932266935688 -2.3598000494302824 -1.9076876366571156 -0.6105897782874095 -0.9008248937437362 -5.137945448315364 2.836374056377376 -1.9044995764704444 -6.115680969871074 -2.5665394931185643 -0.46830183492743693 -1.6604541527732661 -2.920000758177105 -2.9156525778170423 3.6900774935549787 -0.5091772502192609 0.9534400036839964 -1.739554216063147 3.712284980666961 2.4724727982842105 1.5807251744956021
31 1736 0 0 0 -24.628794745852655 -13.300686818805769 -5.245659407031838 10.424437865292987 4.872219177802059 -4.585841249562921 0.6836098968420873 7.645243800597858 -13.133229489946267 8.09330034318891 11.314237591797392 18.856550684287754 1.1326650270669454 2.7185351664732997 3.409996183906861 -9.91557976869205 -11.804991585520757 12.438171240205365 9.772901099588474 -3.543365358652044 11.679050402928784 -4.183654836110998 3.873350199033536 4.903486567007196
29 1392 0 0 0 -10.773693747042726 -4.786909131008595 4.032155237089369 -5.310740959142245 -3.116632814269962 -1.549866394010717 -0.9965250846588015 -0.22394216282487023 -5.777874445648553 3.2303283958534696 -1.9927272348089908 -6.109005317550656 -2.3014114354141033 -1.0177534515762965 -1.8935734270655866 -2.5098232480941567 -3.771869887975424 4.45306584321354 -0.34800888916033407 0.8737719721980839 -2.50781892557672 3.2354176614973493 2.2071249616262785 1.4636213005393206
32 1792 0 0 0 -29.040222224397507 -12.776216902193033 -4.632269838422076 9.357659470844839 4.584772596289789 -4.436900389481601 2.0075713457606392 7.4316448145170595 -13.04704017892612 8.986721696131616 10.268883249517177 23.888891835632464 1.2667114656521787 5.454068295268904 2.9395902558932683 -11.471316797886457 -13.049407379901881 12.461700058240162 10.818211118282488 -3.1000930009362437 9.68199607088234 -5.550401817898395 1.9358655233290287 3.53569114308576
30 1440 0 0 0 -12.281409985106382 -4.934441095318534 5.464347701713171 -5.358100445997367 -4.554255437100534 -1.292599159478578 -1.2013265197364948 -1.1399791196731008 -7.043379252133265 3.986393218430291 -3.1372354916621887 -8.291569008203304 -3.102512884406935 -1.150449331553733 -1.8173145989057944 -3.054769662406562 -4.259426616340819 5.756444745571292 -0.834333544884348 1.8869709292739747 -2.5213195978282568 2.917661345985322 2.7678532483218112 0.8139039220088091
33 1848 0 0 0 -30.316921012423688 -13.470320642463532 -4.627970926637401 9.021503027501984 5.293889382116705 -4.883645835857397 -2.428934617358471 5.087105578454733 -14.588395074930387 10.388639904648713 7.878503633670287 26.328991617432788 0.44471682134128854 7.634494677248337 4.741572534248198 -12.418053558177451 -14.874474584523089 12.935196856867023 11.54640466826672 -0.9429555040117124 12.229773854272484 -6.0166786435164 2.0702594150864884 3.272411324182874
31 1488 0 0 0 -12.406031867798271 -5.111527554512613 5.697612164783963 -5.574094947591375 -4.372191890298371 -0.8957898386544371 -1.8340000728067918 -1.3404103219917556 -7.187930078126146 4.979097360668557 -3.2026694020883664 -9.440790522752426 -2.9434843767392076 -0.776584948105652 -2.14169267115199 -4.129013890434311 -3.823840073514188 5.542252995979869 -0.43446779455061135 1.4411169547467537 -3.0467534352963535 3.7284934716176665 2.5977032645389038 0.6717239756423639
34 1904 0 0 0 -30.244607346002567 -16.437088347652217 -4.067873326929509 11.715809217900663 3.9013409665850465 -5.154646986533141 1.203395421916749 6.256165241857926 -15.716926253611113 15.783009496083741 5.576754936953183 31.071318528442305 0.41338454479876535 10.62394203756683 2.7702026178637045 -16.572652135544743 -19.830695594311454 13.132501825962247 8.587471303455537 -2.1326738572972497 15.17743184777809 -8.709139539451003 0.5712662001978 2.836465915391102
35 1960 0 0 0 -31.107277359153098 -20.804872438951087 -6.474030748337967 15.350004195348824 4.586611104074618 -6.956837709887705 1.3881088772079444 7.154747249123894 -20.18717631465837 17.830763865912083 6.12130742195427 34.613210052052814 -1.3490934037410016 10.924208397763676 7.238761409984762 -16.59535025644423 -19.431794487362065 12.924356401082944 14.049248273006548 0.11057844509427817 20.335599196103324 -6.355429526134815 -0.1710964070235378 5.4847020942063285
32 1536 0 0 0 -12.326380354984664 -4.902062529129066 6.74184543505305 -5.767508890856486 -4.856475113435996 -0.918047665695031 -2.602481147423573 -1.0014115345668448 -9.96475095193433 4.665821349244735 -2.413763391991615 -9.604155957764469 -2.5363464739228263 -1.4443542513175904 -3.15957187184311 -4.445600450128501 -4.080302186142103 5.971377930453799 -1.463920631103476 1.1489288245997995 -2.6460754916408433 4.387063964893098 1.8010945360595336 -0.33333478279203965
36 2016 0 0 0 -40.72282707712656 -25.100515720779025 -2.9145395147913975 18.86252725194168 9.091886343603626 -10.65183907692369 1.668340854156069 5.248312935018345 -27.779138778792174 23.95693122253452 10.196900804855066 42.67074463245185 6.287816872446387 15.405893495610789 6.805427381100396 -12.860473078077002 -23.258830572409554 17.895275018248313 17.58525229267092 1.7250825227192554 25.991684012554263 -8.220549014329814 -0.09967466450438561 4.764347608730651
33 1584 0 0 0 -15.055382662642502 -7.283035441595589 7.146683720579382 -7.480600064213637 -6.247367243609352 -1.1952370066188056 -0.9032426480627904 -0.7985594865282124 -12.350758804358925 6.457955681308205 -2.5065695917599866 -11.787314120557102 -3.582650634472964 -1.9886730800409012 -5.329048625567918 -6.292941784724484 -4.610238043138477 8.926815914799768 -1.0991316158551951 1.9049491099779567 -2.720985156520488 5.015072845445926 1.7798340567371136 0.2548639661026071
37 2072 0 0 0 -42.125156902039954 -32.026335168393146 -10.674190066807421 19.94726199794522 7.494290018948178 -9.044178838777515 1.9249799494575455 4.159372823581576 -31.2309070565589 26.813902009580612 8.120589094903206 47.8836327997135 8.414102367717344 19.062337810069796 5.299515422813938 -17.654626411950712 -27.229446859465202 26.54032349231983 20.97054598592906 2.1845003799258484 29.69806240919036 -11.14830644500748 0.4138451587655147 7.281785431644134
34 1632 0 0 0 -16.512794374308225 -7.018676259831495 8.566963517739122 -7.431632381971924 -6.709206950768803 -0.984735712537232 -0.9497951987468911 -0.595436348187256 -13.706120339743181 7.080757467404958 -3.3374284497685083 -14.593894585424826 -4.912590554516602 -1.8015920571541366 -5.47378966511352 -6.476616342361608 -5.080617220633722 8.810214239820636 -1.072172793141573 1.2805905341157666 -3.6327463266377964 4.9539693451094875 1.7634142726719826 0.8826991171787113
38 2128 0 0 0 -39.901548555627585 -30.145898808308928 -6.163179984906115 18.99606186901438 8.084971762053446 -5.226959021801192 -2.3317130905066397 3.0387565254065554 -30.494995108360975 27.68845714236313 13.772520158057183 45.5909564141293 8.497086602746911 17.424769025453998 5.618626494335667 -14.976756163499308 -27.815672962329376 28.422727934998054 21.534770610370348 2.1966538363854853 29.727537637614166 -11.786491949803576 -4.574803554390194 11.912524738607766
35 1680 0 0 0 -19.475198799963557 -7.120068027058624 8.721940029201372 -7.791558204378108 -7.090253276519967 -0.7268696139645113 -2.5377626755010607 -0.6659280535822111 -14.614960107331811 8.392446784550419 -2.1456093309201845 -16.479625973992253 -5.029124652606837 -2.5348782291805376 -4.947106979879371 -7.045626199821776 -5.2811191666317745 9.129483372703753 -1.1863882077495846 1.6434475561898798 -3.7716105171377134 6.19446941384228 1.3907329757281508 0.3245030551840866
39 2184 0 0 0 -45.45725304816849 -35.20705581962476 -7.593818760564165 24.84807443946789 6.776926483783746 -4.840581318745595 1.4573027515754364 5.798507991249378 -35.02607390102861 35.31597932597331 8.869828099834422 54.773887302083985 8.60420941852869 21.099986326172463 6.563986829778444 -20.06134207588809 -31.062813957439555 30.753282956764497 25.361362675803914 2.770508373602738 35.08627897744433 -17.843476766186942 0.6659664000197472 9.497348553713257
36 1728 0 0 0 -17.72615684361638 -6.903006398917276 7.511676295467905 -7.569744701653033 -6.958512407628096 -0.4356783686977834 -2.378392610502397 -0.2086569521331234 -13.030536175342682 9.009417455040559 -3.2836357193992667 -16.1228177578286 -4.5595653308634265 -2.933376476645436 -4.594767609824461 -5.149342386034559 -4.125100434343488 8.190860453611783 -1.5614540471375389 1.564918491128941 -3.32969340427228 6.207883370608338 1.779992120426396 -0.12837099587048773
40 2240 0 0 0 -54.75334158494684 -37.2807376813973 -7.409230019397813 28.148204138510913 5.722603653237271 -9.323923909519978 -0.219658389492418 8.597067107569762 -33.48194474709554 41.25497807545734 0.9132671423694054 62.20476119341086 12.695657897389761 21.802528188949587 5.651451706237871 -21.116517022472195 -29.851797412465537 26.617067347042898 29.989219674827275 9.692503623629548 35.090405393352974 -16.89371479208985 -3.885228061995467 11.274109695950889
37 1776 0 0 0 -18.997231465033927 -7.80717400233166 9.617202388828863 -9.481192403153495 -7.775324452113941 0.6584698865948324 -0.8437372739433902 -0.8194265540747773 -14.124995064011028 9.132329017613062 -4.254995905249874 -17.330357951831438 -4.349956449435269 -3.2179196998569926 -4.383135327113533 -5.126644232848829 -5.071354113053085 8.544695128764202 -1.8562735404296988 2.776847172419678 -3.831308057205157 6.006304902012906 2.3100486611067472 0.4326702555983668
41 2296 0 0 0 -60.82634298879807 -42.59392685045962 -9.080322858922438 31.28168800469799 9.73836776255272 -10.525929211009888 -1.3859221057748212 7.8717908350490235 -42.2807703316898 48.58333699737921 2.1033769489767926 67.55554639147533 8.629849191217277 26.22899984526776 14.971945947556453 -20.97429708098532 -29.996006235110897 31.423890843820466 33.63100968497044 10.76362456858581 41.479698625134986 -19.794619690742643 -2.1808632865490396 14.95632762498865
38 1824 0 0 0 -21.81207160632981 -9.748346972207075 10.441381192968729 -10.756433394232774 -9.23329435231806 -0.012105271129742912 -1.9223740520467685 -1.1287702060821185 -16.41263636225903 10.248076781730608 -4.2461283424596035 -20.415741971247105 -5.541580925711551 -4.048866880650847 -4.998333514301941 -6.073223727885929 -4.9299606282283035 9.63681479694669 -2.9119876973795797 2.7024915610496913 -3.8205216179550243 8.375560458835915 2.0661882015977735 -0.01959703777745231
42 2352 0 0 0 -66.7063685690834 -47.02840344185431 -5.305122547204518 35.30236555407139 13.057102497916045 -16.536895325438916 -0.3427336557309628 5.991696510698531 -41.64833160232552 52.2888094283326 -4.155043907642428 72.91431167101683 11.172308425125442 25.39004916817726 14.610665519083481 -25.075590289972347 -32.590485168913325 33.60262499218631 31.648616833683807 11.933372014469866 40.73628700494339 -15.825158627052035 -1.557453957704508 11.640997111815702
39 1872 0 0 0 -22.371161873803217 -9.693391613949712 11.005174692226248 -11.026126816595951 -8.172362225278647 0.5834511184431478 -4.227849464800996 -1.897784122045977 -17.34168975692079 11.68818752926217 -2.590961076568341 -21.541252723371045 -4.432468104731687 -5.367086455145576 -4.605365220631784 -5.8505153918022454 -5.235288158558197 9.578754457734734 -3.6025230379200552 1.2287190470717069 -4.491523122316831 9.899174849696436 2.7012625917839626 1.3398216775363785
43 2408 0 0 0 -75.4660063572088 -50.331914121169106 -8.996998358377047 38.23155473372135 9.078992777414 -18.251626855253893 -1.2329105842196553 9.302829932055202 -47.155708477852166 56.61087618731097 -9.368062232536978 87.59076035876784 11.714716977898421 32.3815362956692 6.431093557928678 -36.12184518096181 -41.94400413150836 35.45365554877093 34.84725922626648 16.274484540284746 48.991817008003515 -14.009582486442287 -2.0851058852570334 13.781624322936581
40 1920 0 0 0 -23.53023203851087 -8.516805013308296 11.908210328265701 -10.975412598347814 -7.59311938055582 -1.359230438464306 -4.483996449322001 -3.0757826272887363 -15.512736133444436 10.41759701854475 -2.253280731034934 -22.71224666867497 -4.865125792197531 -3.914507171849066 -3.721184705374731 -6.080428010002678 -6.4681453058906815 10.187465374001077 -4.902168458261816 0.10105987824866958 -4.513898813782331 10.638630329956996 1.9263492041641088 2.0764977024988434
44 2464 0 0 0 -84.00556566485342 -60.14805129639794 -12.965537471335546 46.82841748988749 10.114809347888563 -17.57304128717542 3.2049355968842876 12.769166522538312 -51.790214985530625 67.66263518583281 -12.128908417428688 109.41407100588572 11.49712072231604 40.15092942484377 16.081043801399822 -42.89632924567315 -50.33395765394833 39.40965118386254 31.690428815945875 19.040428818561658 56.03750626677527 -24.897717354099655 -1.2749262069358516 13.787336261346818
45 2520 0 0 0 -97.2110176421431 -67.5018271582447 -20.490934639200876 51.30745249822153 17.36022777205149 -28.15792239095927 -2.6596117543189477 19.230864346626156 -65.91343757453092 84.14141725863018 -15.322150195833597 131.69393750192003 12.874991728140364 55.62327389111989 20.070176290719896 -50.15273022014533 -58.141169449048675 42.157849428900526 42.58816095801793 26.079376603716845 63.54104568276922 -30.20039781843209 -2.813781812004302 11.824828774278625
41 1968 0 0 0 -25.322728220534223 -7.889219293218385 13.962933164097224 -11.298898638206778 -7.982187540489781 -1.4275710588747683 -6.902128678798431 -4.999864144563196 -16.63647231166645 10.500040674799651 -2.527657097584854 -23.606019599080334 -6.402573145388655 -4.363008432035893 -3.217969451416883 -9.298984399459744 -7.479162059658104 9.343843541935183 -5.318213764918579 -0.12665470503566914 -4.328383346743363 11.13710245372033 2.60881674020862 1.8278066561930109
46 2576 0 0 0 -112.13833559194927 -68.13478127702955 -19.09914461211206 52.77928496987531 23.47379744424486 -25.964033076427658 -5.811194878487935 27.059421785430267 -66.56749071173941 91.53260736204332 -10.422213035918263 141.17245620535212 10.843278491897594 53.62554609423588 15.510960642901388 -50.22677763936568 -52.173371216725826 43.96567739782318 44.81356298241042 31.27958845926008 59.58665242511338 -33.77999528772209 -0.5068739725350215 7.7633838728822635
42 2016 0 0 0 -25.72661485668478 -10.05868738110917 14.671784295232824 -12.43296045366594 -8.291144015655984 -1.7551316281553895 -6.676171349063413 -3.718347531943112 -17.556666671657098 12.344029980804763 -3.8474073858583653 -25.331733299411226 -7.227601869663373 -5.270172064005703 -4.2173204446774575 -10.691168411507501 -9.008552582150537 9.937517123873889 -3.962128834604972 1.4766127246608118 -4.79961509019474 13.81330477997895 2.149061109323052 4.279790769151495
47 2632 0 0 0 -122.27172324157539 -72.33371818794876 -14.817650557591882 55.99338111730536 28.217415878446502 -27.0102440605797 -7.9670761748293595 21.743722473445718 -82.19870737019997 100.15542398698287 -7.3026883744963635 160.988815101289 11.07144332151445 51.56723754609674 19.53193238752696 -62.933297238590505 -62.29166743314394 52.25377893269439 45.673953824060774 30.60430873049563 70.8568827522125 -41.41228992312152 4.1407179134334235 15.074689590497432
43 2064 0 0 0 -29.08688118269348 -10.172243398518653 15.648571870628002 -13.046578232563586 -8.345811309481572 -3.4345887118190195 -9.48470944344182 -5.162512649109033 -19.107167124048658 13.55331694790864 -6.003624926413854 -27.411034560747947 -7.427816613429587 -4.989925217522072 -4.179080706631535 -9.976577737883924 -8.836860427112619 11.32211582030571 -4.090207003472625 2.400465601546595 -4.966287748178671 13.995625742016603 3.055800452637988 2.0125697992513065
48 2688 0 0 0 -137.95003428370558 -82.33165197576069 -15.983829517682732 65.11400016054314 31.758681762184878 -25.46020529442423 -8.302918483512313 37.82792660180686 -93.00732869893316 119.65252109240069 1.0208762288107271 183.12964981138035 11.410376159394975 62.727492107826826 18.063728036792114 -66.8832688134102 -70.41782421461176 59.850920909412935 48.97719807504279 32.516986932109916 82.82716576673427 -50.597056600748274 5.69050794332266 17.484207536716763
44 2112 0 0 0 -26.543717029697003 -8.743852746001116 14.297688389239394 -12.101512048060158 -8.785319258158403 -2.4086531328731153 -10.81360335536566 -3.4595680775718107 -20.27563492093698 12.414200012658956 -7.712706677989092 -26.973654007228003 -5.336275717504772 -5.201664314726322 -4.857091270941718 -9.117097483320718 -7.125522242633952 11.437115089966902 -3.787107959242293 1.7804835782152346 -5.720010700391105 12.848039269284346 2.656622935340226 2.1139099810865813
49 2744 0 0 0 -156.07271567836918 -98.5837743161067 -22.689067993172706 73.80674021888444 36.86500353793146 -30.465737923379255 -0.5889432025363233 39.243295002320096 -105.69171805131727 148.41364275860636 -9.461533887623148 217.490425184213 5.796226040433867 79.90145015794788 17.856131625031928 -73.97722071132216 -86.50906428186319 55.00993050032996 68.75447072475706 47.06958216492913 100.31884506011632 -68.9733902923221 4.713946663051027 14.620289556305108
45 2160 0 0 0 -27.21944276409673 -11.345564638935121 15.193066668726715 -13.896484120982773 -11.24959489499236 -0.8028296240504225 -11.41203059013666 -4.046524846239062 -21.454420577332286 13.321361789488552 -5.609822168639981 -28.859244423470884 -6.247384008062477 -5.596533628841542 -5.4419219870054 -9.664553077799589 -6.939387356914425 12.07060099211773 -7.385013816101481 3.18578356806472 -3.683175437503213 12.761636150722 3.0318215744897246 0.7439064890359699
50 2800 0 0 0 -170.61544320057737 -109.22788726580828 -21.472329268334086 79.07060170632938 36.390642064560616 -30.38314423602736 -22.660528509623752 44.649975679800264 -114.677420316945 168.27693947276927 -9.709531719016818 236.9298726489675 -0.9648286179093857 83.95586382113547 35.59498209896005 -80.40035491927011 -85.33773960474682 61.124940395369535 62.514192602945606 46.86644121944116 108.53896865939403 -76.3193608325257 -5.506545220068212 13.72684195427873
46 2208 0 0 0 -26.559655485684672 -10.846139403478775 16.050468044351867 -14.011403640038221 -12.043209663530432 -2.574316478805657 -11.490668239865602 -2.6308962895428465 -22.79461462697466 13.529815757586217 -5.891541904753559 -28.912134460135174 -5.177919339960713 -3.7976092495109253 -4.090354308025294 -11.886496131666247 -6.307030846162695 12.745166696868294 -5.858676484503268 2.619781509304057 -4.0257510538447585 11.79349854433303 2.1322654386583655 -1.2614726046554487
51 2856 0 0 0 -204.1025413466003 -116.24148593459012 -25.136532057140773 88.45795828704915 48.64260950432984 -32.5636842016912 -15.13570320839391 41.06086979561373 -120.56753559597325 172.7576740198852 -23.386834863405294 262.6577485640347 14.411910825579366 89.27585060693289 29.091628549536452 -105.90904740927436 -85.93454444702421 67.02257881884248 67.3047433160926 51.391774125577115 115.15075252047734 -84.70564818292065 2.50946892991948 -0.6134000894690192
47 2256 0 0 0 -27.97911102280735 -10.517306400075995 16.585933030462925 -13.882821646042064 -10.84861785371085 -2.7648183564954554 -11.298102229045707 -1.0075039941152502 -25.228384190740993 15.39680768877809 -6.565380947445149 -27.940533030479806 -5.97930079711973 -5.734684961889833 -5.651159147203227 -13.561849115521046 -5.112698523395629 13.659618333721571 -5.8655967237925655 3.404432815345718 -4.1673050710319295 11.111648907062742 3.0018446246591877 -2.434700002770038
52 2912 0 0 0 -230.66703877714232 -128.10743927533275 -29.681730037554345 90.10451270164387 54.137810098560344 -24.48808374729002 -23.145015465982436 56.385453306695894 -148.91966471804562 180.1459769041045 -26.69194256808478 298.4745255564509 21.37879560406871 80.93148414963298 25.956583510433077 -110.76364765526117 -102.35273444533262 74.06545944380453 75.65283985891278 39.763787619087445 132.43248677825815 -91.33873490826963 7.769869089086764 -5.11238175330628
48 2304 0 0 0 -28.53268227792646 -9.103464913926903 16.100521468282512 -12.787555681181455 -10.952217069118616 -2.651388011975509 -9.362162976200688 1.3733117628571325 -24.249661060114143 16.22628723968214 -4.897831485464197 -27.586012060851324 -6.89257375108994 -5.911017673407123 -5.267799812450834 -12.761409269195704 -3.269243459926935 12.746834410380806 -7.26331497355334 1.2893510218990523 -2.8785731462017607 10.65312263365877 3.5373853105300768 -2.00829252329156
53 2968 0 0 0 -244.29279627820168 -137.49293343207938 -33.77261867800504 105.19207950738942 47.300783101835975 -22.625667229124723 -28.74992398926595 65.93056659850781 -160.43478616112048 197.45205964324646 -33.28833459692631 314.30124574771753 22.620302043604394 89.29658008124426 28.531074173653593 -126.63483204773307 -118.65188512141731 83.73182621983854 87.08859162277986 44.548394708168225 131.83712646904618 -102.67047951415553 25.90557939179999 -13.99297340023437
49 2352 0 0 0 -24.976342747995677 -9.028324736108573 14.701115022568146 -11.810755909428979 -10.743002059964585 -2.8869927649865605 -7.964722777570932 1.1064662425514948 -23.49870160073256 16.74917905284142 -4.62240620734684 -26.76584951763479 -8.058377000467846 -6.126315019363062 -6.422517335658077 -11.413658093870822 -0.330843834798936 10.834541225068218 -5.8349808634505305 2.5686419266161336 -1.0701758505043946 10.318384057302751 4.504645014597206 -2.1891578452125997
54 3024 0 0 0 -260.5342405289866 -167.45264380219714 -36.63132370201269 123.90391116154792 38.40015401465684 -19.583116314792722 -35.342234435614856 79.0237781223205 -186.35514081641682 229.55663761355498 -36.413641752299775 347.5831029079649 19.792623082989042 102.89641852183574 28.621949187649303 -141.78372771780286 -142.11842304914975 88.08178832924186 112.85734107482493 55.123026382817834 151.01229904984655 -106.0583139183832 16.11761991549719 -15.706201759162647
55 3080 0 0 0 -285.3552824238153 -182.1534684137126 -41.72776431350575 132.97488218018978 35.69602934075529 -21.62122974524572 -42.01510226620831 73.05497660344295 -215.04669904733296 240.2915527804161 -45.294122827788016 382.990030961412 7.901969574748804 121.10780729290173 12.337466113036765 -164.52901275810817 -165.6206890926343 98.18259154683864 123.00725268210084 63.84932057568026 157.1848824685024 -103.28567356880782 12.127857233868832 3.376715208039128
50 2400 0 0 0 -30.375409688372407 -11.150893570948536 17.09341360766636 -14.027492967745047 -13.672723102433537 -3.575454591164002 -7.168082449148909 -0.5937679415949508 -27.47579316959733 17.606775502625414 -6.4576158887763215 -33.43891459668423 -7.858755744265334 -3.772402433550438 -6.177051430465759 -14.262223005590016 -0.3150231852377925 13.672181764105705 -4.664684513557878 2.5147931959611194 -2.676638242984851 12.387360287937534 6.626993242687448 -0.9360516304292004
56 3136 0 0 0 -309.2624950615248 -194.79394226916912 -30.957313330045764 152.77812246650933 41.51522882357142 -30.46858764797534 -32.00014082862801 87.89483457947401 -237.86958874546883 280.8451137397437 -60.04815156186059 411.6292200297094 0.5425488479917737 141.47881833843977 13.665584474287648 -185.2426553942777 -178.24635591293904 83.73800261354212 126.18591751159644 75.48115597418396 176.41131898550557 -120.68256605722075 1.8839308315069605 -15.191739617018856
51 2448 0 0 0 -29.096144587197156 -10.83106993314201 17.583717696703314 -14.012463848994695 -12.883572481695479 -6.249268305075429 -4.797377640682226 -0.8181863699124887 -26.62024283061485 16.95598827839095 -6.1294089229330675 -33.06265343864205 -7.686322294522031 -1.6457025865732806 -8.571934684857307 -12.9669687360648 -0.6173446450271393 13.809231446141155 -4.290508569806969 1.6419752870588324 -3.50306111151245 11.181119186978508 7.566125144097027 -1.124613296319112
57 3192 0 0 0 -324.12723346901885 -201.2174664926111 -24.107300564390776 156.6356439785745 43.04457170715972 -24.34632134649277 -32.74310159317302 98.3118848276862 -243.85556428520218 290.7803718046548 -51.700785048328555 432.0076419759793 5.206361161857734 130.65818261115604 2.0033184815524976 -190.04872012038473 -193.02858175781626 84.41865831574134 117.18182771290282 75.62845857058153 193.31684653243227 -113.48938899994816 -2.8380393631877636 -30.357499725613508
52 2496 0 0 0 -32.00038923120515 -11.410828066649707 18.436579909641647 -15.342641021271273 -12.980186048028623 -6.8894409356380555 -7.456197484879949 -2.0364485165736443 -26.995055517141143 18.865286812939743 -6.513069873554447 -37.138595312452054 -7.08885870621446 -1.3233531754948809 -10.32407932279279 -11.322784441433093 -2.1782735202310595 15.447301532412363 -5.533854157229676 3.6265489706932827 -2.978241079672402 11.29692838248978 7.537428819390815 -0.1474985813549924
58 3248 0 0 0 -361.85502701350714 -219.89435764959063 -30.959381142093168 170.2117953734418 40.72628910798139 -17.143790815564298 -21.836994950702834 112.2077178399691 -254.4573529438937 304.6243115950607 -61.123796083264466 494.5580049817457 -3.2055483303973684 126.3776876946077 16.17509756393859 -227.30402194476488 -224.57711170489216 103.01038987115135 102.78838713133356 91.18626849044394 201.67102103002773 -120.00913989316683 -3.0265273538085062 -23.033921070171814
53 2544 0 0 0 -34.29992534446518 -11.311970586424266 18.597759349796018 -14.577282566764216 -13.50934314437698 -6.495592845806256 -7.780638181669547 -1.3575452766856069 -29.611630507504923 17.74610062763721 -6.803576760399086 -37.30301434732119 -5.258171467196576 -0.7855222438179155 -13.1434604350473 -11.025145519656851 -1.9093473265677814 15.562350933106131 -6.480403501287493 3.110054530282254 -1.9916844791002406 10.484087580076828 7.168909661160725 0.277094059602123
59 3304 0 0 0 -373.1456909077371 -240.1204030367806 -25.90665295266213 186.31233788879885 45.973410776775964 -19.925303795839 -21.51989248605601 109.38141045420608 -278.2171365556872 322.7721153991827 -86.96887662264606 520.2376081199573 -13.700773357244197 137.51031302503375 3.4919157807527004 -222.71072136163355 -247.3226718936951 128.60327685453578 103.60658424308444 85.19715841145508 211.87689879082367 -118.59582415073011 -14.368862348532913 -47.29651955615195
54 2592 0 0 0 -38.78816052164616 -12.42046781903161 19.918072361833282 -16.055800184966767 -13.041754444428047 -6.11373758048385 -9.537068900646387 -0.9161492830029446 -30.87378007372222 16.948516329816925 -8.504261414118986 -40.5432631693202 -8.346414863919712 -1.6122708210611667 -16.73526478720243 -12.541236375957242 -3.938913670361548 17.41220571000822 -7.559234600554635 5.146832584204815 -1.6016763016568003 11.81120548466462 9.152126563306224 0.9836926399118548
60 3360 0 0 0 -417.36928648759766 -263.6073245490154 -35.757897772368224 204.87151650842947 40.63980698807486 -15.176171530251235 -1.1799316444130703 126.77309385812303 -315.206648789506 367.14798576327325 -100.56396769289196 593.9674620222286 5.061714112729964 151.11730342324108 -3.0156338613271227 -256.501115156155 -277.0894726310295 140.70307340899018 123.68144844379027 92.43705663857595 240.57899747062336 -141.12398286706065 -18.71023072276455 -57.49815693460782
55 2640 0 0 0 -41.28936921370297 -12.985302724986177 21.5653729704593 -16.08739280615931 -13.239557553795796 -7.434668831783052 -9.854053028639171 -1.546104233241047 -33.58660243657224 16.81710889214273 -9.557858951077739 -41.7571607033551 -9.920726862864484 -4.179740235861611 -16.054059683708555 -13.140804404714949 -4.528160259510391 18.98243345491932 -8.890960567526655 5.987625349162327 -1.6691394895170775 12.644018753563826 7.891640898115401 4.117991649512933
61 3416 0 0 0 -420.55931625021003 -278.5125846074393 -51.090426851703356 205.0461070911673 67.44798486126318 -15.897942740065751 16.29491188621559 129.8080074645903 -320.69841095057023 377.1604426689585 -98.49276554816592 619.4503704783339 -1.4550350466305915 158.57801904935516 -42.2599973325219 -278.3238717053972 -290.1695249003049 158.98680357608515 132.9683700640268 106.14649471593938 232.91919829643717 -139.4646960946664 -8.662863273715118 -75.3949459770447
56 2688 0 0 0 -42.715256337996614 -11.743109313306181 25.039638242624264 -17.074819289811195 -13.179451000803077 -5.537952670358101 -8.32987103619744 -2.8826337434474762 -36.92961208632954 16.48215551173886 -8.794726581759356 -42.52988486218533 -9.204472318808563 -4.28955732864486 -16.571952194890343 -11.506771090338859 -3.117916299912965 19.426890004023253 -9.149135312287324 3.495681741744774 -1.4494298197100497 13.502647291835148 6.181944425524816 3.522058739330125
62 3472 0 0 0 -441.55295164159674 -289.772641116498 -38.250573966899694 218.92859935227133 73.57283928795171 -14.874586731920576 0.6653812834295625 132.13079491322438 -347.914829930003 406.48865261713576 -119.12777734911023 662.9372932297706 -1.9361802854851866 166.30151790767553 -28.182244677049795 -295.08049811906585 -299.17674300463347 162.6287248713896 126.08916572577475 113.70159366560385 246.12899770678254 -136.30198640293946 -13.415521492639309 -84.8335130144951
57 2736 0 0 0 -45.514301491010045 -12.10556128123314 25.721029865741993 -16.59826681780143 -13.973115142138623 -4.753922660436356 -7.8430425632164855 -3.0763429049859887 -39.338862448916245 17.030797037792812 -8.210442460716694 -40.7623679841617 -10.864078129360523 -5.601018168236722 -13.590169248321352 -13.942417554060349 -2.9364040104835967 17.655566844005378 -8.57991678365653 3.7082007180610623 -4.97714147618225 13.276988859984296 6.331597008531649 1.6610693145104174
63 3528 0 0 0 -456.03641310256904 -313.73901515394186 -51.100629168461225 234.2398400829546 75.43203379810964 -14.867333173997116 1.5129871690103212 148.36916505889315 -367.4596379352272 437.0074857525324 -114.62511886581773 700.0110073610059 -6.346991059488083 182.03590763345764 -36.87895933649859 -313.09149517965346 -320.234453558803 188.60500199359626 152.54026951142293 111.4364497512607 290.2866935399251 -163.57017784147308 -9.581526224271233 -82.1276461020832
58 2784 0 0 0 -45.283517114358645 -13.351744006760176 27.08116576886757 -18.564680532885063 -13.325381238036897 -3.064146756855387 -6.549487266568432 -1.6479627272394688 -38.9726472093126 17.284130871370852 -5.314625503206542 -45.49054044448582 -10.528634112199198 -8.029576029993175 -14.480942420520217 -15.04651418219576 -1.790373176829394 18.050445964721874 -7.451322596493396 4.56834241216065 -2.8621762893209333 14.229194913044598 6.445466576923039 -0.5510341654961481
64 3584 0 0 0 -472.7986812992606 -322.25897933442263 -67.98052890381274 247.75105948910704 84.49898655258897 -18.47804698137515 -21.174380972480975 174.4741468267923 -416.2069616622959 445.85498139087713 -114.96693346842746 736.7039855735618 -23.952955952396326 187.53533855361943 -44.01162145062217 -324.316718290014 -311.3597476474349 207.2102206810918 170.87467885422646 144.55676568435112 296.83895353611007 -167.1522207894481 -21.628899898834224 -93.62164121102334
65 3640 0 0 0 -519.3642390781406 -355.5191401785509 -66.85089092958643 266.27037922050147 101.13259235147335 -30.46055622749043 -15.524202667430414 182.89923357240343 -430.12874884550206 481.39260469881935 -132.9620584984687 822.2191689332301 -41.119894778053286 215.74761170558656 -72.26071487716082 -351.2234957287496 -335.3818034639069 228.27852052585752 188.7793793170257 155.61232426507692 302.942815600542 -170.52032209539956 -29.904417526762487 -91.09430798951566
59 2832 0 0 0 -48.41541093944218 -15.97693336115672 29.84850384297198 -22.100583854425768 -13.83878540822199 -3.1663231390793283 -8.543717444471957 -2.208439490442061 -40.59940439363987 18.92968716439233 -5.722998089722478 -48.61790036122684 -11.036863601948651 -8.939675455574449 -15.748386540570875 -13.871154616300249 -1.4625625314681827 20.598876387652563 -7.50559128785216 3.3822109950252788 -5.5082918070640385 16.545380846863274 6.835093728138257 -0.11908294212578452
66 3696 0 0 0 -487.87556506670893 -368.31697512975944 -76.55449120804168 274.1178303135615 125.86808352916633 -32.939124228655004 -16.204208855409732 190.53394036851859 -451.2228430238244 490.3410181295777 -157.1246996030583 825.8127665006449 -44.00248778387766 234.9827554695969 -91.87101536662445 -357.63848547503227 -334.99667670662666 236.09761309227844 187.16278877152098 178.52115671537032 280.9844843598573 -185.6941291254505 -28.95863820600231 -106.30236063726154
60 2880 0 0 0 -48.57173766421376 -17.186836418462747 26.19982116938447 -22.090001792908442 -14.371024894148658 -1.5785530836754107 -5.836599791719229 -1.6129435386852724 -40.20774073364231 17.93822662187427 -5.0124983374391565 -46.4324653170819 -9.344922281985838 -8.890206817011345 -14.835145152426012 -9.841201936210743 0.23160388883591043 19.18093422420942 -8.823340068938018 6.60196680042365 -4.969848215767705 16.452961675480616 6.372371814144062 0.03602036099028155
67 3752 0 0 0 -511.5785699827925 -391.8685270137978 -59.865789960810005 292.57286585386953 159.64776961017677 -53.69866164476207 -13.54390540860288 177.14050195135198 -470.0014595563962 520.3095804235567 -180.7154905167797 832.2450200718871 -65.05772168146828 251.21976752924942 -76.29055097644121 -387.3459151918279 -305.76048826826985 244.5378850293918 155.59767785483555 203.93363571501212 281.51147274466433 -198.766774498349 -34.44709071735426 -95.5008860300267
61 2928 0 0 0 -51.79248874693203 -17.419775508539097 26.04271128828347 -21.522192769045198 -14.453680858960029 -1.8285629802645946 -6.576059551056627 -0.9345276459104173 -42.32344366414844 20.640272356962754 -4.198072207326451 -50.36556881680001 -12.96845680218487 -9.422826001782157 -13.378141822414987 -12.493598681192424 2.1681901698734167 17.427572680592448 -10.4729579597862 6.11856255956851 -4.017122163231742 15.319300501181798 10.133435407252607 0.05763126745182712
68 3808 0 0 0 -646.574633926009 -447.0242324850686 -52.1246966491363 342.93335449149464 168.04012069114563 -55.29285461820391 -19.547855838098105 218.30182159332577 -535.200963660789 588.9260829529331 -204.4433237352019 1005.684983940089 -76.03618478839195 271.2342365934365 -72.06880799109395 -482.3085707562094 -399.64093244212444 292.25230325162624 194.0035577936424 206.946794317814 337.57987569197945 -236.3486678064165 -18.031498005126508 -106.02504145245358
62 2976 0 0 0 -53.10066005826673 -16.208806432277697 27.37339014105881 -20.824141746444106 -16.368769579473188 -1.5919915506647049 -7.074044071728493 -0.2991202714678205 -40.61892450422329 19.91483322817923 -5.688748927551037 -49.901800712675005 -12.245576201726896 -10.064679396126946 -10.280629278154377 -10.91607158224285 1.8202100645694554 18.87135881587629 -9.594263106774719 1.7549465239072903 -5.667595979934276 15.502039267167204 9.870676155347025 0.36412585563069305
69 3864 0 0 0 -717.3356286379029 -504.3955253524996 -86.91859370318329 382.58056656511434 185.38894919457437 -77.00149190555828 -47.7671017547701 249.87924885529213 -590.4044862898783 671.3418813468911 -222.10375541754257 1126.0511936825424 -60.79778358623158 334.462608018115 -58.05100533853781 -539.2301094160756 -470.9417774211482 327.96211069148137 237.14693321430985 210.42249814070507 364.09537011056284 -282.3934760246751 -4.893842515255054 -126.11119256481429
63 3024 0 0 0 -55.35733902419228 -16.60446399415281 28.7679494006938 -21.223682497766642 -18.359697591599094 -1.51560542270198 -5.909651603896725 1.1724839493068648 -42.09102736870456 21.58213110350376 -3.7813931938030496 -52.09326449487544 -10.111508697935788 -10.325918966973067 -8.272152175991922 -13.368247319275502 2.6499166493134267 18.667488807955625 -11.188168274187575 3.080209669075889 -5.123211823295988 16.8026883420301 8.751762365836038 -1.6807749863668224
70 3920 0 0 0 -824.9400083310095 -591.2703808338784 -86.07657592511296 441.82442444804406 197.15820385338017 -74.74962250157853 -45.61814764680308 271.2481327787768 -642.8359426155087 733.8342056012358 -242.06461241789813 1291.2783176936352 -100.22798358925552 349.4909239780086 -65.24085378005019 -631.2198324951627 -547.6989369654075 408.6680500927995 273.9162278911639 234.54149964630042 421.62191459810646 -323.44948173099766 -4.2379512628773535 -151.5468054774569
64 3072 0 0 0 -58.567496488019906 -16.734234800460577 31.01723887579284 -22.353366226831586 -17.689634141622996 -0.4201443746580802 -4.874040211653382 -1.558208764898481 -42.49854407676694 23.396772244175008 -2.0760150822749868 -56.36476820704551 -11.20729223694504 -12.365370396445352 -7.829115841334157 -9.645713172041503 4.558353898980752 17.856915249685905 -11.78237352378337 5.6305838080487005 -4.1505765561206 16.221875444780505 10.07999293208255 -1.0812452964891048
71 3976 0 0 0 -917.8667693145575 -642.6430951744834 -117.92708681943897 487.388682930625 247.55330739481866 -97.99246404868542 -38.576533024309605 316.33488482537916 -698.112979308179 806.6106104647852 -278.1941475089484 1435.7455599096993 -116.72134890188039 403.43558442900394 -81.87925226998277 -687.912756786438 -587.4725907439791 446.0647931848942 301.96888841155595 299.024494525285 455.15644597013477 -362.2644314215124 -33.03541167709884 -188.7496548552461
65 3120 0 0 0 -62.846666455465154 -16.44371418222277 30.577051487454288 -22.552709055825243 -18.863881032765192 -3.8098998577073604 -3.6661991160296314 1.3561712667474022 -48.07278310968255 23.41592454416873 -2.0348947762707836 -58.47135194980164 -11.73140214934295 -11.941755223273772 -9.649637300002961 -11.115417602249707 6.86447221284931 19.62897284599683 -11.354393440897717 5.8392282591719304 -6.301439347318433 16.667913731314435 11.030978246806233 -0.5710423212140295
72 4032 0 0 0 -1024.6066044206152 -698.9785180684099 -118.36002749017081 527.085761494612 234.66488202523186 -91.26567760705582 -31.771937526443516 354.2671758691128 -717.347603746927 846.9573035787366 -260.5506243559017 1536.8429425899863 -142.99963667110703 446.6079491454915 -85.44840716402575 -757.0808812689188 -701.3960309234618 507.65682105051343 302.23079645723726 314.3187570644238 504.6193903490892 -395.6177455296451 -40.83151822910621 -179.85515618032287
66 3168 0 0 0 -64.84168690853676 -16.57434661281128 29.296373345325676 -22.214264632440262 -17.769097129016494 -3.690634219428114 -4.915200529570244 0.4695995169675975 -47.97311278364555 22.60734074870601 -1.1879531087182376 -57.73445176408634 -11.96214782831541 -12.242794416370792 -9.802684431425776 -11.280920353603062 5.771002378929383 17.58026758240179 -9.689901051017815 8.516416459106265 -5.842600577308493 17.568663300754633 11.95003613129816 -1.5103005333501307
73 4088 0 0 0 -1223.069711636639 -831.7725198156945 -123.51028441517896 633.7116557620652 269.51702972476124 -103.92665156005778 -76.65208213222522 432.4052041737612 -860.6671509212326 999.03885786321 -356.26797478263427 1841.1365358691487 -173.2751462092589 534.3232400722188 -68.82986630430399 -864.2070987155463 -810.5011095875012 622.3921242126526 345.56173772790237 376.5996991154277 617.4639273386083 -480.57347887220595 -73.35558298965651 -184.10362624456783
67 3216 0 0 0 -65.45907917015336 -17.183657322350673 33.44120015933914 -23.699024206487994 -21.258190364082296 -6.527070241246163 -3.887482058736941 1.2792401899337247 -51.74739324691062 22.888492022582305 -2.672427965812834 -59.06738422655557 -13.371193055330263 -12.171288898218744 -11.201809515572968 -10.647937947742264 3.6088903403009533 17.622328756266977 -11.96891684193491 10.36035478768237 -8.32438593196415 18.77525474018551 11.487830339923411 -4.528073666322839
74 4144 0 0 0 -1308.0949231370564 -855.3810296091985 -131.61986821707328 645.8978005378241 313.68957715507577 -136.07073621689003 -98.89171544862789 421.8509514571857 -923.7211391635449 1082.2167295379727 -409.3305613730121 1998.1263668569109 -207.78292071444406 546.4401714156005 -37.91266127227009 -900.874018499447 -789.5348601012037 631.3799968065074 356.5051915355584 402.6939275596334 665.6664891301713 -530.1815880834325 -91.36141952157995 -158.80514927424906
68 3264 0 0 0 -70.47712667460677 -20.887963720664967 34.83104875111207 -27.02483302334729 -23.174609343305626 -5.9419392656228425 -3.781874941348671 -0.48052880558663547 -57.258019934656716 24.201274223062413 -3.242678210724241 -64.0148426856575 -14.079024239015576 -13.665160351821918 -13.439259371876 -12.751427196513685 1.9832108267776876 21.021807624880815 -12.869358923483656 9.572970139220072 -9.234613668333603 22.474230314362988 12.529981475066972 -6.451532438860224
75 4200 0 0 0 -1423.9218470388446 -930.8320247012698 -148.85796074600856 692.543073776321 301.11105690235354 -130.4266591396085 -130.65857983292992 425.23441784512687 -927.7512732272321 1177.779843857429 -386.52938717093707 2146.0699939044116 -152.9137154605897 580.1887670202319 -8.553417750715177 -943.0827614046901 -917.769161529342 696.6309294349464 328.805872627751 414.5756874392239 704.4147220389654 -596.5639216043214 -40.28786555195891 -173.90460317162825
69 3312 0 0 0 -73.44965908590468 -20.732290852410593 38.95941395412086 -29.067928856398844 -24.041381743642933 -7.277369259201363 -3.8811962541779006 -1.7250236798768368 -62.01453173948116 25.167688338706988 -4.456472419305689 -66.47613481273763 -13.93181329643106 -15.478741876067046 -14.453366205357515 -15.223689127513575 1.070413188577194 20.29297647093093 -13.727016515877102 10.481570065720744 -11.178411363155224 23.756106998133962 14.135986931044327 -8.213373861743186
70 3360 0 0 0 -71.24256521892768 -23.83964509642052 37.09896138725884 -31.163818822231146 -23.499916322961905 -8.552571725440709 -4.451325142332854 -0.35173617823544756 -64.0185963811982 27.39051825789444 -2.1564028183156285 -65.52225464188652 -11.928164544853631 -18.568550896220547 -12.349576790873188 -14.276385169468965 0.43894454689461115 21.474292403696307 -15.196213110578444 7.912368226646746 -12.719519126876348 23.562788181371893 15.281892742297702 -12.553294942511977
71 3408 0 0 0 -71.52704035499136 -24.62201548769569 38.2761721835144 -31.968520256883913 -24.03009104035576 -7.862157485449054 -7.014685259702271 0.3656929646001512 -64.9068210919297 30.662347562791787 2.1530744881467854 -68.9737320445361 -10.066875106424945 -18.214843312917907 -12.07538417443031 -14.945528944890563 2.1432803278216275 23.67667994284989 -16.18969118282775 6.7265494496729605 -12.708894892989834 22.1187092770479 14.167712607130955 -14.518303755284215
72 3456 0 0 0 -71.55925104041914 -22.094967068624594 36.994579677214865 -30.545379160063007 -21.797108797063068 -5.460407639895386 -4.132865486860209 2.8508405382419966 -64.06204059873538 29.19473660286224 -0.19934724787113245 -66.36821402218045 -13.764577320268385 -20.829990488062712 -9.071194478042427 -13.986690538625135 0.6901574545224884 23.548892599436527 -17.032013800685146 3.8017498172399424 -9.783151917437113 20.784423106408976 13.408153879330268 -11.478035884449973
73 3504 0 0 0 -76.47019349443099 -22.256309277759172 38.36356106071002 -29.706254613131343 -22.264883152584744 -5.69991480258358 -3.770771292529094 4.769090382036253 -66.59221560905726 30.17072690964887 -1.0377306646829065 -64.38138525284947 -18.00992600632761 -21.302417172660135 -11.08581967324028 -14.013967605031548 2.193453196959489 23.832895690922545 -16.49086243289486 5.175836047811825 -7.358167195548502 19.70546974382139 17.444128393779483 -11.164787114860752
74 3552 0 0 0 -76.67017526900808 -22.68577491694945 41.10314180544113 -30.79314514673207 -25.414407732040782 -5.829798327321397 -1.3669591801219436 4.02140415985435 -68.2690988963852 30.02344919079317 -3.969133364746055 -65.2231571961434 -15.483122742673457 -18.54591599723547 -10.688471961699209 -18.0370175368762 2.020903911223279 23.485057957152016 -13.775271348287449 4.350163078021951 -7.066367921723401 20.317288860852116 17.756945095648874 -11.239407365391235
75 3600 0 0 0 -75.95829725949137 -22.758616006713538 40.64846618833495 -31.165306045029826 -24.76107404848897 -5.80837516885509 -4.222042574226135 3.0994621657553343 -69.07016192955312 28.952426431154915 -5.744910686585471 -65.78693738829446 -14.158532993016474 -16.93586949305932 -10.139180363871779 -18.672992295513506 2.3312860301214564 24.133626033749746 -16.018801443821623 4.4295024926582895 -6.5380672917197895 19.519141386098227 20.005302120326768 -11.364150558194929
76 3648 0 0 0 -73.84254707903989 -22.530647069799222 36.55907764899795 -30.21353780754927 -19.30899168076892 -4.830538251922944 -2.8803200991777183 4.937193687566189 -65.1604421392515 30.791197413989924 -2.9526724813433223 -64.64373618125207 -18.395044170288003 -17.750466104409057 -9.640581834191105 -17.634118751476027 1.6629276260126542 21.800229316248036 -14.024781193164081 5.714172919716868 -5.434768657527299 17.305238878325994 20.23308776071283 -7.595512616442371
77 3696 0 0 0 -76.49714904239366 -23.16097043001065 37.23442437977752 -31.00322397365284 -19.922138500010036 -7.065742457457821 -4.517795702660304 5.169207402627882 -67.66039343292367 32.72031783781489 -5.590594248478997 -66.89382343793476 -19.3649857216493 -18.352236297509638 -11.31568356503729 -16.12649615868394 -0.2478219457445492 23.693278126138505 -14.67467539438577 9.048109426130297 -4.066402644839956 19.449377006621933 22.64656924518688 -9.39754608173755
78 3744 0 0 0 -75.43054406240799 -22.571337562140112 35.33510088258494 -30.70868473988231 -17.85720102985503 -6.114634178060118 -7.606525683813825 6.577261742190081 -67.45018159517838 32.81405287325552 -4.23203519487231 -66.7487421859359 -16.58505485520654 -18.521702514164446 -11.031416176523317 -16.763838850499983 0.5263578360329539 22.792144489300146 -12.105322964202616 9.518676283093905 -5.946099552921757 18.39258412161 24.369160388189236 -10.665204295918375
79 3792 0 0 0 -74.73461738719637 -23.661168111866857 34.41376934609354 -30.935578100164236 -17.109811358876488 -7.212007620556748 -6.515407362044125 5.249592213164634 -69.74999924172799 32.43035193428423 -3.6242051137386917 -66.103670421802 -15.219129601254265 -16.81282341466974 -12.286356431793424 -18.991715320894333 0.5113971656742815 22.89695146688984 -8.016397903970617 11.7591953456961 -4.649484339819417 16.397795926403028 25.227016075752147 -11.813430455403259
80 3840 0 0 0 -76.00361096156088 -25.442121236345674 34.46929157603096 -32.81799211333277 -17.870602645610713 -9.070474590350406 -3.3695261893323205 6.654868208624937 -73.13591818229716 33.56228993000556 -4.786966479823187 -71.96241012608542 -17.618500776158346 -19.463105108533597 -11.152167016441581 -19.44763213036624 -1.4021285857692578 22.46768015755748 -9.180109302465032 13.052415682650494 -4.457368603702956 20.00310837052027 25.359094582757283 -11.577564282391025
81 3888 0 0 0 -80.5477774017436 -27.79745454456207 36.747601585953724 -35.12378445656079 -18.379563048719053 -10.460370755318753 -3.6098478087913737 7.523406944477222 -75.85129114997784 34.55267248181488 -5.44888313920829 -74.03699329557978 -18.130763182110776 -18.70457934520526 -12.695593495578976 -23.655127831020692 -3.3177762641368345 25.00378882700687 -11.434825631797956 16.632149176301727 -8.40544891532037 21.84222370422425 26.8682093321341 -11.582246219042034
82 3936 0 0 0 -77.93252370585694 -25.822633011813455 34.953969897627545 -33.152905855283855 -17.058507071595102 -11.324786765112382 -1.4473925191108323 6.281444308303011 -71.49631538115699 32.87255135115523 -7.498661601139884 -69.64250240235715 -17.2701699703835 -16.55968692334988 -13.41585929127773 -21.71211206170325 -4.4007573914905835 23.159593728812734 -9.584825414770414 17.722265188853992 -9.775917605862835 19.839925968134136 27.328314033143904 -9.594294098225605
83 3984 0 0 0 -82.8354087869445 -25.90245182123997 36.825215620733736 -33.93719638842438 -17.659813217569173 -10.213592156260972 -2.8950181461102296 5.862614199739995 -72.29001609773091 34.0106954088804 -8.896965068099465 -70.75520187527653 -15.628094986223676 -16.31212908332869 -15.090213450078242 -21.849182071598758 -2.23913285220297 22.859413020726965 -7.858772544398468 17.62498629630555 -7.890441393550672 18.988917409583706 29.087940642453976 -6.729103485541816
84 4032 0 0 0 -84.24429150917712 -25.49292609301404 38.14129921621256 -33.72931354827492 -15.633714011822487 -10.25158576736735 -3.723539974312852 7.49936124827418 -76.55308433576992 35.48232861407435 -7.558466054502261 -70.84698395042268 -15.686407302216656 -18.242787468289336 -18.343049152324294 -22.171663759939648 -1.8325612949833736 23.618453570673424 -8.954148576249189 16.72944419238035 -6.434344103609509 16.676555355559334 28.83171423858276 -7.030813462601595
85 4080 0 0 0 -84.18046954005638 -26.346821600155153 39.47902908757559 -35.15194451454641 -14.65071612702768 -9.782302331900476 -4.301248834024415 8.002096549083822 -75.21317830484367 36.22303108616578 -7.737539287330164 -74.29200343280799 -17.86690506464259 -18.408675762016717 -19.780866223345697 -21.1421339360872 -2.6583821343187974 23.040936279525106 -8.836371935095332 17.398183930368294 -4.312986564810664 17.96328568249695 29.23677444606649 -8.705062956524554
86 4128 0 0 0 -85.21349579211642 -28.22937144536129 40.886320705755324 -37.20440954549058 -15.500313862482507 -11.248478384176122 -5.135937608083539 8.44009064579632 -77.56399605315715 39.1451653792831 -8.146605026433901 -77.19979826372358 -18.27540663180913 -18.194414974993304 -20.722420853929446 -21.103840002467777 -2.568948558916547 23.479452871308958 -11.248743556058574 16.063320986169195 -5.82409945145217 18.40130159595389 30.677423419992106 -8.903627688209701
87 4176 0 0 0 -83.1076500187435 -27.912811480947877 39.62980302629341 -36.26809853401517 -16.91718659097806 -10.208739460272803 -4.7806731554547435 8.400821943473456 -76.22843643589891 38.27131339714085 -7.732703286114414 -76.48353034039307 -17.435583812322907 -16.49380880283433 -22.52981954849619 -20.086823950880177 -3.2824945550332005 23.353519848919426 -13.372566125562697 17.23438644987085 -6.360620779372023 17.566255211386775 30.86933530380768 -10.057082258891517
88 4224 0 0 0 -81.48872791796583 -27.366528353115395 38.35506172278215 -35.25780274977169 -17.292873460274034 -10.606687508603217 -3.3101557062084286 9.723868890214817 -74.86919187476998 37.33650034922246 -7.8407620067970605 -75.44828901119986 -17.950430313946345 -16.148210577404523 -23.23233039993737 -20.303744288615903 -3.258805305621802 22.50207142160504 -13.280055685800347 21.293060282879814 -6.804872195660534 18.146226885475382 31.771009686926202 -9.928336477539347
89 4272 0 0 0 -78.50647833972383 -24.756904449937 36.42061552060293 -32.33804349958757 -17.047600815421823 -11.365725322823927 -5.917024828975025 11.243521116293968 -74.33597284629403 35.94038038534702 -7.536374288217988 -72.20117470311094 -16.75452375518364 -15.805439186074969 -23.461400073756405 -21.46889108504281 -2.4276013331546267 20.852919708927782 -12.28788708000321 20.7352883551037 -5.093129661277545 16.085375940859322 31.578602535816984 -10.030352338867187
90 4320 0 0 0 -76.15204287983597 -21.944852974648047 33.793213764947126 -29.18608911689782 -16.322841568623538 -10.802414549269189 -4.31455020190875 10.480643226975964 -71.96545118831564 34.611265689848715 -6.366184549880627 -68.20408091235915 -16.708011061867925 -14.804511848279432 -20.48105980612089 -22.39058841741557 -2.6553123861454115 19.71251075785129 -10.690124511165788 22.804369160082064 -6.414303993026172 15.247834238059179 29.849124062524044 -9.433938313841606
91 4368 0 0 0 -77.88902273426945 -24.483677743077596 34.21181326821284 -31.867633483212778 -14.973539198001141 -11.64111361991587 -5.996700040295696 9.270687461087014 -72.4991722982918 37.02942957099668 -8.100328991517756 -69.86039683417671 -16.223885887206904 -13.16034611659236 -20.908033356357528 -24.414805802926395 -2.6052116593089716 20.496282746502153 -10.07843907159055 22.92427031704188 -5.61629395460565 16.215612886350346 30.85416854046558 -8.46764669894108
92 4416 0 0 0 -78.27499238197534 -25.00719502728848 31.684753953511574 -32.19047429115333 -13.47960255548417 -11.595328323430975 -3.452808444861733 10.57196162658637 -69.52847205130678 35.53552881695783 -9.216536023237067 -71.81702187368055 -16.01625288353607 -12.721108323918083 -20.750178257013555 -24.095019688161102 -1.4940359284919855 19.852853057830092 -8.290321293673427 19.59821017623884 -4.150088598250561 17.462570775170953 32.36985701051588 -7.9797525201966835
93 4464 0 0 0 -80.19195451210987 -26.193417659162513 34.41896569790227 -34.011241921519286 -16.119183192857726 -12.668158883860864 -3.6768405274542624 9.48879970616708 -73.20302158004381 36.174668050814404 -9.575812251569465 -74.67493546142073 -15.53633455561294 -11.204834791671859 -23.858990669739413 -24.34688093325274 -2.418318530921246 21.08894083789587 -7.903470846395557 21.12434311528734 -5.890725527446319 18.009846355595073 32.06281868175035 -9.128120761021638
94 4512 0 0 0 -83.59795134483184 -27.81384479420886 35.86665475744309 -35.869339470176826 -18.208625475681615 -13.590910327841177 -4.579709427313939 10.350260496825861 -78.59254890407041 38.9378204252877 -8.01671471178568 -77.88861358014489 -14.783449119314414 -10.931749415419132 -24.509464293271932 -24.824947482547856 -0.4642239417477385 21.45091679632971 -8.58263400155055 23.81587034104473 -7.010914893700735 18.454074991432993 32.70855905182356 -9.123418958666818
95 4560 0 0 0 -83.6725907473594 -29.51191310355025 37.02399181538878 -37.68175391806247 -18.58062634470685 -14.10724552002295 -3.5004173561301637 9.658404995652218 -79.33148488397636 39.94285893175912 -8.242018165771805 -80.68076892465176 -16.294247717370716 -9.954806841933577 -23.6129382568014 -25.781531025397015 -0.7751065410285645 23.149264908167293 -8.655734521771123 25.268291754754532 -6.362255533557204 19.79343709682788 31.554101469442536 -8.594688244470087
96 4608 0 0 0 -83.63569663277175 -29.546168341463375 35.90125722539517 -37.11102471597169 -18.21369743984606 -14.944133013378204 -4.036543093356944 10.667164138661127 -78.37654297059645 39.66533802764211 -9.404355171927513 -82.07651829910895 -15.004897604570138 -8.86545457925313 -24.638215053604565 -25.84052314331904 -0.8185549877435923 22.484565721910755 -9.5765108153856 27.03027511845106 -6.957942785168267 19.60866806391303 32.93714230307042 -7.437537112291288
97 4656 0 0 0 -80.8478203037662 -29.56127123371144 34.03123853887059 -36.73133454506511 -16.892185804810143 -16.16333757073924 -3.2264470372776874 11.434215696868943 -75.8195911135389 36.82405958375751 -9.92131692391452 -81.5557776072992 -13.32612732539429 -6.968352684832693 -25.4162325530006 -25.2886258492925 -1.548031045458631 22.009709037551016 -8.653355519466999 27.327496329327058 -8.825688250032337 18.873296552161683 33.95346548877077 -7.755635571964321
98 4704 0 0 0 -84.47203097824685 -31.021113220811504 34.776444343241494 -37.736235067811876 -18.28916209559648 -13.813372717920592 -4.734859228151831 10.600440681523892 -80.4926960274668 38.450121561197484 -9.933989763886787 -85.56990043493495 -11.893746447975754 -9.068097919274138 -25.497401505314876 -24.929430451466782 -0.7186059046788333 22.843232568333033 -9.352271560027162 26.31760501416137 -8.503127102962498 19.543669644962822 33.97033164142301 -9.832597098321065
99 4752 0 0 0 -91.74273488879446 -32.44408262789188 37.77820869172352 -39.871084455686464 -20.141563357757583 -15.113016003212838 -4.309866663575646 11.68760426156291 -87.59234173310868 41.42082528471463 -11.865967830210025 -91.06907929961122 -13.902991977260932 -9.745484075749067 -26.669508480813523 -27.155217079654403 -2.2759810126720557 24.41641572040538 -9.800833698763807 28.5096774231474 -9.47111052634233 21.874647092653696 35.37936443121324 -11.095868552499427
100 4800 0 0 0 -92.0550321254004 -32.054948656695736 40.3406626187628 -40.226963713470816 -21.924422007125138 -16.746064099035557 -2.473256772980529 11.99397979027176 -87.31127761198908 40.55075231188269 -13.08466409065736 -92.2731116568688 -12.383525683568703 -7.4737910254683095 -28.242101082465393 -29.569771589670786 -2.8607240653190864 24.873867016838325 -9.110797481914723 30.5074981669368 -10.588263737339823 20.085318062627668 35.40245047649293 -10.64185528744405
101 4848 0 0 0 -94.96530004023961 -33.220030303776824 41.013977894801336 -41.29327548660258 -22.153245434002653 -15.585391823775767 -2.3207483343704 12.64044939137224 -87.11277919115578 41.49943321920088 -13.314905122979898 -94.02285302488667 -14.128042075626048 -6.873183903362499 -27.97447173032938 -31.183534482989625 -2.020175730857075 26.119274165539167 -7.978953223397623 33.11262076755205 -10.308280236956723 19.753544855542227 35.841665281341676 -11.289927051580097
102 4896 0 0 0 -93.59551535500017 -31.982252026949734 40.91386185982643 -40.13031140134009 -20.72797249303325 -14.624577402445464 -1.4742369362365983 13.003278597209682 -85.24267630813775 40.269417160197406 -14.197301847409989 -92.40542689663697 -14.812167571144764 -6.705433741878086 -27.57498842090406 -29.551413637003524 -2.530340369572858 26.428839055317987 -7.639720395772062 31.258163778844494 -10.13274789152415 19.669776498878594 34.81893947561282 -11.397949121307276
103 4944 0 0 0 -91.47649483643195 -31.780045534994773 40.35667309467502 -39.34844029779734 -19.814688479722257 -12.929691031674587 -2.5152817199714077 14.027824127796954 -85.94936395377631 40.02107635091847 -13.564974108373601 -91.14772406481744 -15.840722036824108 -9.225269638624345 -26.841978575174316 -28.88548660965501 -2.292223274416969 24.325181419142627 -6.640844367009772 29.647511710425228 -6.765701946437601 19.173835758998102 35.02597435570335 -12.541774884398446
104 4992 0 0 0 -93.79951894359279 -32.70141211440648 42.881203837848 -40.90508745629828 -18.993324528901216 -13.467200099076864 -4.325009314111477 12.742855466988217 -88.95121698979966 40.62951420102336 -13.919881886809698 -93.23623163923452 -16.903626069482197 -10.937762760500533 -27.69074150992031 -31.66769771348088 -3.7566466954137634 24.158347741369063 -5.818903331496351 30.57577497035739 -7.576995342887681 19.842771026394093 36.011539105858716 -12.046897001893353
105 5040 0 0 0 -94.95180472454966 -33.72658469660477 42.73541657398659 -41.91609250587082 -19.535103221290306 -14.904805408443394 -2.9544344991652407 14.271628134618295 -90.25133397605127 42.27247204485369 -14.524162932334871 -93.64866438361457 -16.888559279886753 -11.040274852494171 -29.252961338848607 -31.25101173133432 -3.7266658705825106 23.608795546922693 -5.084786648470793 33.4365765807204 -9.524460088516385 19.05843066244148 37.56011661927681 -13.45244277526333
106 5088 0 0 0 -97.07449280503037 -33.80516431064114 43.29622503825377 -42.34836328362642 -21.313389104688863 -16.00513628366362 -1.7458099020532964 12.601554924403091 -89.13987462206528 42.06689867306491 -17.212338021085593 -95.43610486103753 -17.47844147143227 -9.450649892115264 -29.77338136612454 -29.150211821297162 -3.3797673121632648 25.080038048047143 -6.5775276568023004 33.504657551668245 -10.022948569781333 20.653818981872476 36.45433013495063 -13.528813245561981
107 5136 0 0 0 -97.22303792571346 -32.96675190169961 42.479731919762436 -41.709192017656235 -19.47145384786181 -14.372049233088736 -3.3452290000328926 11.431548404479319 -87.32905590046731 41.125717957197224 -16.075022116819834 -95.30517864789284 -16.730051893630357 -11.048095104409724 -29.13837554540296 -29.472925178841678 -3.7773790096151125 25.165853531844547 -6.611363513842912 32.804455372789384 -9.94885833261284 20.482055224319765 36.45199129192437 -14.362256292635985
108 5184 0 0 0 -100.00982252524022 -32.72008417853897 42.710327266988294 -41.58135832952245 -19.507106198782285 -13.595205779306207 -4.5961167787211705 11.98414281641717 -88.12732665300199 40.294126746484864 -15.57665147556477 -95.17338868879618 -18.257448813700297 -10.345077657720003 -30.765944037988067 -31.017947224980478 -3.41940185695763 24.58724981463647 -6.458492856171659 35.38071942378133 -11.160510311987634 20.23967407316682 38.55600283189532 -16.2195461607538
109 5232 0 0 0 -97.58105861058466 -32.80516812353884 40.75269292614434 -41.45594014678025 -18.844881193315516 -13.010513591197325 -5.667083102378545 11.212084492528547 -87.7085071175734 39.35928121249687 -16.62985319821506 -94.26526216423834 -17.96371329695067 -11.59701689812844 -32.58770670194322 -30.448570687624102 -5.498533926291858 25.841712366149647 -6.3107027064438075 35.1525201188154 -11.027234354779601 20.620946078796702 39.03628997911128 -14.26008476145013
110 5280 0 0 0 -96.16733791360275 -33.72082394467022 39.497758335060304 -41.80242588190622 -17.613172706064773 -13.079133180028998 -5.484372753466834 10.59115051919575 -86.5436431297325 40.668450638888075 -15.279786586585264 -94.50673094001391 -18.90728088552811 -12.081921974860881 -32.127123071025 -29.53688535035251 -5.575246930616503 25.476876356554794 -5.681941729228099 35.26061277741922 -12.416510214293403 21.144258299221512 38.05417552396745 -11.52494551532923
111 5328 0 0 0 -98.80075780014197 -35.07403396129462 41.3851321052016 -42.87136133467105 -18.84448427604116 -13.033864854980399 -4.06583264475839 10.802371749904987 -88.90558454406757 41.247628188592 -15.749536554835126 -98.97564798703287 -19.154345730293013 -11.873156478325582 -31.0938731679935 -29.141703617320275 -5.780611448980251 26.818028920643915 -6.174348708849213 35.35564812640617 -13.41558613365877 22.883350808012192 37.067260655359085 -11.873161574584335
112 5376 0 0 0 -100.83742020048211 -34.94955058502737 42.9966932533247 -42.87160480750238 -19.835878803073918 -12.813871405325724 -5.03200240097197 10.81690473748985 -89.61163407789421 40.94905891264367 -16.84707863529014 -99.19213482968726 -19.33487367321002 -11.106524112189282 -32.06667890678821 -31.049644984570598 -5.611989796926883 27.953607828098175 -6.033517199242099 34.86968357888794 -12.788365928019024 21.517021614616663 37.6730563142297 -13.114181223786076
