% # columns="iter, evals, sigma, 0, fitness, xbest" seed=967114, Fri Oct 20 11:21:35 2023, <python>{}</python>
1 56 0.45752188945467537 0 0.935000273528001 0.07903696694521788 -0.3292029816564582 -0.2323178911749896 -0.8747321673987275 0.039409509437631794 0.817144319977612 -0.5554696979573777 -0.3420289907150078 0.5061564338837358 0.20170428703929122 0.24578954524367216 0.5594660393659341 0.18172287805578616 -0.20876442443425694 -0.037365059583436104 -0.1258372653031873 -0.45356052749295206 -0.05579669973190561 -0.3927128346852489 -0.19496884494277136 0.3780732964903212 -0.2999949983972156 0.49393177803584204 -0.19865992288894077
2 96 0.4681147316690756 0 3.3947160619461956 -0.8357337379532347 -0.01864326440183009 0.5511525599706121 0.3274246530976574 -0.12124022322497635 -0.3279982382102876 -0.38377561778946895 -0.27288160554365914 0.6710301492916666 -0.231190760515355 0.48296846084984085 0.4078457430342854 -0.7971981614235937 0.309043441786721 0.24688683253476384 0.4278744971518056 -0.6237920333776841 0.21324288550679468 0.21215202248942244 0.970430551499264 -0.82085079457099 0.14314976894560505 0.45414553606924557 -0.39903575151375664
2 112 0.4286165883988007 0 0.916811523855408 -0.21880620447614121 0.39524569459846587 0.8404235346618353 -0.17929456902100674 0.30356961890069406 0.13055334284600614 0.3773932706776605 -0.29407053169923225 -0.11746665142971865 -0.1589986970868173 1.1648164072789615 0.10607308866254675 -0.3415125374435574 -0.4563856618641476 -0.5068884635542512 0.3631289003947314 0.17719851708458007 -0.11927064864751896 -0.8839330816284422 -0.1397611819887563 0.2556544637068143 0.1549587214542165 0.39037224863773656 0.2056980664587908
3 144 0.5052098592201709 0 8.226257814628779 -0.7392469310653986 -0.4561122938619505 0.9886629781035161 0.08461930308838167 0.6340642810292678 -0.6111906657394754 -0.07279111233518964 -0.6371324642414405 0.7153124068123531 -0.19145115155439446 -0.2178157821789707 -0.36720666980177835 0.49604695899026097 0.5421406845468918 -0.7475111900755583 -0.42750815728744335 -0.8114444762294889 0.753267467387358 -0.1762569480738109 0.08461226065988556 -0.4134173940025548 0.2264459990244061 0.6676174477450837 0.5351480289072007
3 168 0.4138971676677361 0 0.9204009983939195 -0.08167519869771661 -0.220596942826917 -0.641535388372804 -0.21257139904142525 0.0025043398831494854 -0.08612438706672837 -0.002946205771783561 0.6249206515136649 1.0578100311484453 0.09112380068528322 0.38410592636789853 -0.4216779995069066 0.023101453259911864 0.08545936703475046 -0.5201260180215834 -0.45176486050638875 0.3842227093808993 0.9652944321153889 -0.7753129787021987 -0.2838013057126908 0.15636289681062215 0.0970717396994138 0.9586482821205424 0.32989410979998685
4 192 0.5112894002678109 0 2.3575511788437007 0.05240521226607647 -0.1964620147663163 -0.2733817382650793 -0.29468556219107955 -0.5231971056644458 0.05918734326028302 -1.1539440204581302 0.5046714385758074 1.0222160732188368 0.5717874389869126 -0.18510909403598266 0.0265678242706045 1.4581173264294929 -0.7443275376637853 0.2869361452536756 -0.38206633992580874 0.8321669488204344 0.45681020215261525 -0.4006453356544932 -1.0426484310422883 -0.14641287532371328 0.7158295169500981 -0.1991004071956578 0.10754215108091625
4 224 0.4673576902789441 0 0.9346091600650057 -0.5912403710488081 0.3835155161855493 -0.5996827681383406 0.04200715555555484 0.12336033656558018 -0.24804567618828308 -0.35624877365201246 -0.37964516235691737 -0.0473897376678465 -0.13964242148567982 0.2832688585138724 0.3289766025141249 0.18640147541098864 0.04666603720491711 0.27502810301158837 -0.11744691090914107 -0.4291239988480949 0.046521521110595876 -0.6642317666583168 0.33383102094737915 0.8090521845071235 0.4871804529094337 0.16210874559490468 0.6180441240421896
5 280 0.4885642618341139 0 0.8980144024656534 -1.263391581224325 -0.13776032762136403 -0.7560035255467734 -0.2289142047528213 -0.1293481443681342 0.36541546931167457 0.3088264107772872 0.15673494703880694 -0.31863000192648716 0.8186050654105779 1.1854903704324058 0.37644274549822443 0.062305059774773686 -0.5761296733354277 0.5953755952236763 -0.0651548846690878 0.01583161001209324 0.22863572139751137 0.3363091783098856 -0.18157737242563998 -0.7702594124007405 -0.4187812459773377 1.2449921350194926 0.47431709148052287
5 240 0.5202972195207227 0 3.5593392525777587 -0.43920885499342704 -0.8202443024418768 0.5957123714281515 -0.6592385328538024 -0.2839654044582658 -0.7590404439171843 -0.6630623812908907 0.3723786586299178 -0.827822726508577 0.6484319899320222 0.25454188682382195 -0.29633683176279113 0.36656200440872133 -0.29595378699424557 0.7901743009566857 -0.10105984001884144 -0.9820203117304817 1.0942296006930954 -0.34617877713078415 -0.3441256603217603 -1.2027809605533215 -0.04641685826268288 -0.027655923630206497 -0.2745328716186135
6 336 0.4875002129305997 0 0.9363171149278057 -1.0646627401590005 -0.16919451931835383 -0.5148050464841692 0.11114159510590399 0.511628483210392 0.016921424591946843 0.5748560623784942 0.8064839980273405 0.5196922929785275 -0.20128032044281952 1.3688182609289128 0.951011444191795 -0.7476462255116892 -0.8406730859354679 0.605338805602503 -0.5999191534828665 -0.6333795697108238 0.1987823335729636 -0.3852326554443961 -0.46764586672187175 -0.12241954253887205 0.07080911041678867 0.03632571058956413 -0.48531227979174857
6 288 0.518076247359954 0 2.5987319600494656 -0.5237165586758712 -0.22942119582315745 1.1242460733233433 -0.5569700382657797 0.08368500019455426 -0.13612119835771194 0.35254073510832085 -0.3658911469940498 0.25929486038619215 0.7413947107353751 -0.6115926142458568 -0.09597327083607057 0.3347928603208048 0.14146294644551485 0.21723608298015987 -0.7181431127889601 -0.29715084908641287 0.4845125585177354 0.35967797834672804 0.5661004680777014 -0.13966585064544979 0.2589468943856229 0.4298605208917179 0.5551858828254507
7 392 0.4924964093059355 0 0.961632651739478 -0.6463764922102593 -0.3956874798953187 -0.12401382271510103 -0.440507110165546 -0.43253678961335157 -0.29954513011776385 -0.5259194697424865 -0.10943592071546465 0.2716908935962394 -0.06663767358399542 0.40940176386777866 0.44938744801744684 -0.8788494407788794 -0.4726400066656944 0.9715696727236881 0.4222528250633136 -0.8122718743906212 0.5168222770442426 -0.9730121555656137 -0.21384413903253796 0.8794326681356459 0.2054228198195867 0.35492067508071834 0.5593975553908473
7 336 0.5102416513668282 0 1.9222521387580846 0.21338663678170378 -0.017838023500223565 -0.22298048099990508 0.044136887619655396 -0.785792968219367 0.1661252428008878 -1.7498233295566976 0.6467565884841714 0.5836768392633533 0.20320512604494112 -0.11138194799061936 -0.9932291279817993 0.24177965607772686 -0.5485861568106668 0.05057547493392662 -0.07446422656259602 -0.4208179467248765 0.0961724347780939 -0.004271792815753669 -0.17902406236149276 0.30744056149378374 0.22280851639007382 0.5179833867908734 -0.8142171336023178
8 448 0.515174481206685 0 0.9314503321914525 0.06482383839490002 -0.5699609870302619 -0.32545428596966697 0.339609785031164 -0.5497449140390824 0.15238519180152804 0.5452170051607126 0.8913380799195394 -0.327133031748409 0.6934528284134638 0.7170917628840554 -0.22136316845494386 0.21132442733166884 0.3399569897971143 0.5519607414910154 0.23607915439137062 -0.7049495409312612 0.4313610548648831 0.09009831905653393 0.12219240801059444 0.8495534595912596 -0.8356927430303835 0.14295187245035645 -0.6524819929145358
8 384 0.5031477579667738 0 1.0269900764147333 -0.8841162387479056 -0.42627199885852435 -0.2506863802471056 0.3799733856844243 0.6411272950344161 0.05996396622464269 -0.6415460931809776 -0.7027910412766949 -0.4981823994143548 0.09321411015774755 0.44178383678704014 -0.22701704614944454 0.08580631699409447 -0.6302120751630211 0.35862236649763346 0.01718786763163424 -0.6227841993643471 1.0641261508394695 0.30653010847125206 -0.4437933376641067 -0.7377820339555023 0.7864796314124012 0.48707521697471057 0.7593909214328274
9 504 0.5512413730308735 0 0.9189890035529098 -1.174537838714923 -0.9059294532292753 -0.36772849437173505 0.5404717320774615 0.6688322597553644 -1.2905182368658141 1.6237172248684488 1.3250893696984152 0.48475222679621266 0.8799879197803285 1.5162269993728166 0.8237490552499099 0.1443188964078575 0.0758210955856041 0.2782967906387711 -0.09319044517289497 -0.5533512013437659 0.16081615832153998 0.5517208382255603 -0.17198522445284403 0.1581089538319762 0.081775787593476 0.7836716546825226 0.9902450828823006
9 432 0.5101661069695539 0 2.6332997814006407 -0.0014828876617545284 -0.2216742037839462 0.16928971114238667 -0.19275462611763178 0.22974512783241716 0.047167325242433014 -0.9951604345770706 0.8519624161018704 -0.7032735613153182 0.10394711218863406 -0.03017780942531753 -0.7188333837165717 0.841634678475057 -0.9476285291649196 -0.04781067693566222 0.2925465928919575 0.2252495543429724 0.06173554185960961 0.0052200603329876916 0.10698379587993291 0.18810940526359415 0.567492853087208 0.11960252323622267 -0.4645673800417581
10 560 0.5860486275452467 0 0.9364821040842642 -0.900237433348599 -0.7703514950703343 -0.5110536493605574 -0.4162362606118359 0.3566362279591182 -0.09523847904625787 1.034836060824786 1.0977146103636914 0.037236287303444957 0.8749284253495341 1.6939951987430817 0.21382833133607526 -0.5574659551376264 0.45621524951930353 -0.17583936600098338 -0.4675877007577282 -1.1603544437370603 0.8257050892661819 -0.46074252166878704 -0.6732680324595063 0.8490060223847204 -1.098852000213774 0.24542837224769454 -0.81425975946355
10 480 0.5261594713014334 0 3.9612600613883173 -1.150759156535466 -0.10332445797957268 -0.591276299297875 -0.3569453096294064 0.002526706947780677 -0.40326488137750716 -1.47749307757381 0.6753203491986712 0.23016516083746558 0.22438709315985328 -0.2524971825359517 -0.7414924691984232 -0.008835472164501701 0.33088652042895356 0.31539797508945805 0.44891876668213715 -0.8000321712047599 0.28345888213221027 0.7330308575961045 0.07535951831669249 -0.42221134488724155 0.2942670335129662 1.2329414940235779 0.28518871652374655
11 616 0.6311730625546157 0 0.9374656108728594 -1.429829646906903 -0.7242767762742071 0.8302381461997674 -0.33247545888731456 0.058606554276270706 -0.2762772357802281 1.076907732590315 0.4660025291289846 0.7818092381091527 0.7605203694009275 1.4909337725189329 -1.3291526998991872 -1.2402463491488103 0.06519604369124488 0.6801924725431858 0.26414681105693494 -1.235054598649905 0.6112755499541352 0.41136370469169015 -1.0670150534728786 0.22911260654970522 -0.6817255980140248 0.8399530185274727 -0.7799497344938173
11 528 0.5298904887542567 0 3.686792192023016 -1.6341183684250669 -0.3137097241026339 -0.09916401917220191 -0.03990572123238971 1.0517820400464335 -0.6542046669081973 -1.2237775789898024 0.6784238094795557 -0.49434433446713844 0.7049129906546696 0.1374449961975609 -0.48296378383581123 -0.23639467846274378 -0.8125917294652223 -0.006723727158561588 -0.3206937431155298 -0.5857954826755387 0.056007707427177644 -0.13037154291020417 0.30582914447484333 -0.5941575808619535 1.106129277834751 0.41763362971320483 0.2044548894504516
12 672 0.7109372954796207 0 0.9354392005263001 -0.20165439288327935 -0.8744597477933873 -0.750314896071125 0.48511956047792204 0.8891088739061483 -1.1210925624792758 0.901661314071522 2.050669043043839 -0.007369861610825604 0.5800280479221762 0.8347949540978734 0.7410966748903702 -0.2346512787003164 -0.026041599430331908 2.0433866627543393 0.6081971393267596 -0.5490620989917225 0.21416240375421286 1.8026245768787157 -0.44388658821273697 0.1848793830060988 -0.07802697915561424 0.32706422226358345 0.17774243511283958
12 576 0.518451011948119 0 3.375132523945574 -1.7127271383076428 -0.11531332081257445 0.4528146788976571 0.009859324039233633 -0.23570013851394656 0.660621094223458 -0.5811298895579515 0.22290604612110665 -0.5944199120389131 0.23211263498906626 -0.21837090329775455 -1.0846835447295788 -0.6007596113612425 -0.2182642007532412 0.38005291887199133 0.2500994887347523 -1.025356657152908 0.13893232973339897 -0.2979126317992754 0.6267544179438331 -0.08068736912493293 1.1901035581657005 0.3649880862553524 0.5296077932645966
13 728 0.8031927014233414 0 0.9183787529228971 -2.0752521676454174 -1.1528992556698647 -0.07464912636990745 1.2752047111336664 0.7121135813450762 -1.1054310428396965 0.9020745840597469 2.190037597805933 -0.2729538442752521 1.0357138853279388 0.825849250916936 2.014955993839286 0.08401263464250808 0.2442410657989112 1.678480036974601 -0.7404987181480693 -0.7843972678267032 -0.26337578367069425 0.87118355134386 0.822626938107382 -0.20205661249273787 0.10723256334077202 0.8169688628476741 -0.13727299680486424
13 624 0.5377394608863761 0 2.3603541595860786 -2.354881513681982 -0.5419539541483842 1.1448895448464722 0.05970135916572511 -0.9701917925291357 -0.06731487779051001 -2.2405964738938366 0.7931892615341023 -0.8009337313228795 0.6541378982331337 -0.14528714110132662 -0.6846788245129506 0.1709563219491958 0.45003410857507825 -0.5976229450953664 -0.2845906826053803 0.05335397718514312 1.1511525104385552 -0.6045162990971632 0.5599433294138354 0.8883540492444573 1.3513261929316625 1.403445389968372 0.42760318317083745
14 784 0.9055324646702649 0 0.8837304094567052 -1.0184365285020394 -1.1414256877774096 -1.2130479143808761 0.6452383216617258 0.49222967566856046 -0.4289599066915523 0.9139012576048872 2.2105770254738353 -0.2153629501813875 1.0343254185148847 3.1013082573269544 1.556879781703607 0.7179703151463431 -0.34136095636043534 2.174645966460332 0.5686547411264404 0.08092107519618807 1.751633814404848 1.3724878795251274 1.059994345263007 -0.7802224592759417 -0.07409175535003037 2.430798640300411 -1.0783750511054435
14 672 0.5767741279515962 0 4.9265073538182325 -2.0405384082187146 -0.5541633882203846 0.034070237973717776 0.3548939399640471 0.3853375926066738 0.466375345442563 -1.7847482913306743 0.823415062024279 -1.162305660013736 1.0866164744407876 -0.2964117600718895 -0.5817468051982202 0.10151183290992609 -1.2253723184155914 -0.5261763750637934 -0.3918049548328392 -0.4488034886482404 0.8844498818794705 0.09085129601376468 1.5431585843333662 -0.39280797512688126 0.6868406764154795 1.8858444165710786 -0.9578464907234523
15 840 1.0731856155230297 0 0.9256482070854174 -3.6786559413571798 -0.2203999721810358 -0.635620554952403 0.2260349105227774 1.4458654064740382 -1.3510732583872 4.365712476687731 3.560766900808054 -1.4319758215762426 0.5458342316303717 2.4863220178731 2.190765880710195 -0.26457468706045445 0.7209657596399262 -0.06379862047034757 -1.405117469199217 -0.3538028020737597 1.0254309405199433 2.0733039804662665 2.121355137339682 3.257703672976439 -0.21240948305468432 0.07607004345511348 0.4232934989345952
16 896 1.2258226375090582 0 0.8555249679891237 -2.228510337494253 -0.8674839095349692 -0.13999021884142382 1.6552991436424804 0.24290777810944214 -1.0275600752280614 1.5547955704916017 4.420145154301082 0.12491826831364006 1.6648067703714746 1.7763951857304399 2.2234730427199225 0.9051306776482568 0.977588542631004 1.1584988479198768 -3.554758760850025 0.1151889442016013 0.534614605735834 2.726381885527205 0.7774831568918712 -0.4212074702209547 -1.3997517399446866 1.4898851998307783 -0.648575590087952
15 720 0.6364021645583205 0 0.48285664186694116 -1.4970088374135462 -0.8906581786153658 0.8892081845838598 -0.7224465637280533 -1.3996497705045077 0.07806521558741747 -0.5154666738186061 0.6919858557520324 -1.8193184446527524 1.053577741219585 -0.09426042457172168 -0.24840179810147434 0.18181005213324017 -0.37574166688064703 -0.461247608705325 0.017343074363678435 -0.36135515615496505 1.7095430631598876 -1.7385686253007746 0.6893442871467585 -0.5126645435091545 0.8148904229105842 -0.00028405616490290164 -0.30485036737926746
17 952 1.3177257410576004 0 0.8654101848453593 -2.42250767516735 -1.6039832948249075 -0.32681236425286103 0.7577852673528194 0.9875199031932144 -2.4720125958878296 3.005362155126693 3.3589192152707983 -0.37269912717813486 4.078187907348334 1.5368774589421914 3.9452467236455817 -0.29924081097782373 3.013042463156313 0.9222901533862713 -0.31548529599917285 -1.1197910020137283 1.0497110488546868 2.260825725317331 1.5471715500894576 3.464452349634618 -1.2412557802178317 1.1339229088835214 0.9155996398628388
16 768 0.6892402986712814 0 0.7044644126918888 -2.344709121827947 -1.154679115296703 0.07895845479897423 -0.45594839996049086 -0.8519384134262591 0.3213034976238299 -1.8165746056584666 1.4131794102076054 -1.9083676803638725 1.8400177962254416 -1.5233633301761333 -1.2172883763619151 0.47957525028785514 -0.6112519012643092 -0.9564558290836811 -2.35112248570962 -0.0710647314355417 1.081820858632179 -0.2600866777435788 0.7143916637202452 -1.1298413534768021 0.7005520530345074 2.0207409745791463 -0.5308844252619676
18 1008 1.5224135598397255 0 0.8604626853545955 -3.4252080878530724 -2.060132369002035 -0.719039131549911 0.6195234239789533 -0.4598723927929356 -0.6688470179494186 0.6980473769587041 3.1548349791752637 -2.0722718630925994 3.1177065205753647 3.1526115838198416 2.9334102196384952 1.9986799269477182 0.4734073244906458 -0.40154855720583593 -2.077066920469566 -0.6900053508689237 1.2827801864407102 2.435223120872063 0.26441906667176296 2.7547879324749234 -1.6911627423585407 1.672017035073691 -1.268483262925746
17 816 0.7394233478189666 0 0.612807981087161 -3.8800023136412185 -0.567902453359296 0.37272582252790193 -0.8700740107210668 0.1486492655882905 0.032436001032009526 -1.7638615011143393 2.731736203228769 -1.3068646153688748 1.063818571149526 -0.38093816058555996 -1.0167466263192269 -1.200221692321142 -0.8441170664117804 -1.5189114005051316 -1.3940833160533004 -0.5562661188252354 1.3493195195976666 -0.6777913855962996 2.9086895507459274 -0.7445729637731884 1.2402992066041816 1.0654244975879248 0.5739836401618699
19 1064 1.6338585729312447 0 0.8668813618065384 -3.7811768800708028 -1.0313548317304329 0.898787216374227 1.5278732771965262 -0.3484975447040769 0.11506926337790113 0.9673453199604836 3.7556108537895567 -1.7145350843057159 2.2843224576012164 3.261472874449173 3.233884010765119 1.2592623447606122 0.6258984079199925 -0.39825643722329884 0.668065543829919 -2.891871565038887 2.6676243304508764 1.212246836687247 0.7955974205228609 2.569941410452449 -1.3769409395743313 2.173872618860294 1.323186950890399
18 864 0.8045986024951884 0 0.08697470190978468 -4.726513190820287 -1.3005031360367152 1.0756697967310505 -1.0518801078560813 -1.777918201061149 0.07288170511400573 -2.301089806680011 0.8986379856419853 -1.5609327259847117 1.0711257392025337 -0.5134667365883117 -1.4666701269081774 -0.13486799477405712 -1.936215572521899 -0.10358214558174794 -1.9404999948417045 -1.4456974385902917 2.1828521954860793 -0.6755614277436583 1.300981673425971 -1.5414490011737072 1.2078848732715743 1.0158999870038954 -0.31473959260919443
20 1120 1.9536898714684992 0 0.8401101553963496 -8.234248336810657 -4.611682024803006 -0.2604246371871106 2.010258677378566 1.1102155014105448 -1.5265110742290489 2.6649359198191758 7.7982363835585415 -1.1495515462665125 4.135567728909931 6.838143174957321 5.619554014340158 0.5403494814561164 2.2063019138577906 0.9409499333137672 -1.3015220613137348 -4.300044370435924 3.9673379372117363 3.6431396021789046 0.8247932946102764 4.161764630088399 -1.8251163832504955 3.0691811129719513 -1.6111044661668914
19 912 0.9271069656352654 0 0.03796621182785723 -4.203440696113803 -1.439616753655001 2.7329551262872336 -1.9148975720522154 -1.4975589605988584 -0.28669939715766923 -1.8056983272298694 -0.355853921117672 -2.4570113977711623 1.5232325207893755 -0.3233891308280698 -1.513136126203789 0.3973143664820403 -0.2745730019254966 -1.082117259691984 -1.4998931351482931 0.3622537991693128 1.932276450289587 -0.5883085933721812 2.180095979646216 -1.96222764224748 1.4409842834380047 1.0752451716865983 0.16095357459477083
21 1176 2.251442892504317 0 0.8045132815568788 -9.11247047196026 -2.707458694120673 2.3789927991211943 1.7496155611221487 0.8074810528044802 -1.488137196816837 1.8202641848849435 2.220248946272091 -3.8945042718965475 3.768536366043994 3.0088121125902343 4.71233446262109 4.092672232624794 1.1580100770453547 -0.1457170149292506 0.11516575248171146 -0.09316863485242122 3.738368374443258 5.646355476750758 1.471393980077539 0.8289064389905816 -2.5542244155180867 2.4882207755164263 0.312015623547942
20 960 1.0231372918653139 0 0.05586690707320541 -4.065824299542863 -0.8624799631992286 1.5736661844139512 -0.8993785400987566 -1.9598906029468628 -1.1970572379207693 -1.3292999128294578 0.1256328994791871 -3.206361799795477 0.9298559007018239 -1.1380425299804693 -3.5102783755295857 -1.2283758717964024 -1.6611938090769076 -0.4499185450422781 -1.0484474568155984 0.30914731673362605 1.1649827951660692 -0.406890639577559 0.7281319878842282 0.6178050089060934 2.148474345364629 0.4313096951440091 1.8200250546205905
22 1232 2.417675953919088 0 0.7908711583072779 -5.381255204467012 -2.220036586540154 -2.8040472210570337 1.924364425531761 -2.5526262174364707 1.6476916804155044 1.8116424222939589 1.586146527594316 -2.8992224938552167 5.034714875800455 4.801841677066134 7.057715932677221 1.3315255403072277 2.148085965360628 3.369763047113039 2.76925651392921 -5.427345733601399 -1.9218796808179577 6.619996717810844 0.8423158275365783 5.504071777078169 -2.5309431387536607 2.4172709367282534 -0.22687616787405096
21 1008 1.1683083854071197 0 0.019843679158078335 -4.440021945523068 -1.7604287871581255 1.8620597971307216 -1.9523369398212833 -1.9502958439978175 -0.6735756348197368 -2.2639997235643636 0.2095891785702047 -2.952978155698249 2.2789848792277887 -0.7299255897144945 -2.136890442046464 -0.9050558656232324 -0.6271730322457588 -0.1474964629785586 -1.4554027709278134 -0.9964067066082307 2.0528437643441837 -1.950888046476921 1.5171562792586077 -1.8376312526656022 5.070186889526077 1.912283107453468 -0.7562155823288425
23 1288 2.852126577651274 0 0.7554236163670229 -12.061067346553852 -5.2072746093735 1.7668692442450418 5.522319401863663 2.177665162062369 0.4447660977871073 2.430625596540367 6.684659187135033 -5.7826161779261955 5.705605802531202 6.040463880327344 10.69286478415015 3.5432311029871792 -0.801135141227529 3.2864499901916524 -3.1874053942489198 -3.021726948713888 4.717844324309764 4.332798238342124 1.469197629819157 5.623024047879877 -2.4466105425360904 8.025379087027025 -1.0445135138285773
22 1056 1.3558155373045133 0 0.043566694110689405 -4.788684133797676 -4.179130329578658 2.2498022333388557 -3.324836127232929 -3.315100152129432 -1.0798358199022382 -2.078468177027456 -2.4701225808166574 -2.6572929695627465 1.7690223930769589 -1.1573658724640927 -4.094693144676409 -3.010487202998704 -3.09229582451432 1.0233683191933287 -2.050200103612736 -1.4620749022212427 2.891051040083026 -0.6662666015564686 1.000226891794194 -0.9585966643225976 2.320072906888106 2.8672203404855647 -0.2284696401378401
24 1344 3.289669588112137 0 0.7724442166658944 -9.348101353100837 -4.640274379829519 -0.492481646221436 2.859901809228169 1.1729386481005557 -2.1191602098175486 2.0530272918043435 7.105434128259077 -3.4177718969238398 5.764740559315302 3.245678094760212 3.9138804900907433 4.118946727092618 5.9621049642041895 1.7269800956438464 -5.354193576575298 -3.673590511441565 5.267274811020291 5.127865443924883 -0.7371803333780775 4.506999759147733 -4.476042080619761 4.051619252733101 2.398279590861437
23 1104 1.4759701235948037 0 0.021892563819427537 -5.466227154300835 -2.5461940308900863 1.8409350491190104 -1.283363927829281 -3.0559528051306586 -0.4126953097879045 -1.127471627261415 0.044434216194807696 -5.9841076351140945 3.812979002141697 -1.7019605492186571 -4.845104255823658 0.3768640022979174 -0.39024437717836924 0.23479079075722664 -1.3198474981682675 -0.20686626459738666 -0.6643567296597062 0.27766549196968626 0.06133712009856884 -1.468890996085693 1.6361612859198194 0.6303350946990431 1.7048644449267973
25 1400 3.739664894547086 0 0.7042213613832464 -7.4982771177994 -5.853205676359258 -5.074512584971819 0.5130508886626046 2.075930719790527 -3.6559893911569104 -0.2946726139782685 0.31813254412887737 -5.791371801928664 3.9394524368956905 8.303678401996253 15.700527194653063 -0.20287201496230223 0.8640580648440725 -4.786486596822517 -2.8990334326608633 -3.7370669261225995 5.458925500596523 5.332390390791379 0.24457772849374138 2.54264798468432 2.75805278008804 -0.0016596691413410802 3.1337136914858394
26 1456 4.284577898708111 0 0.6914303212413684 -12.395032390947717 -7.926139746429671 0.43637409327893906 6.5961109596782155 -2.326586065500172 0.31206427265916004 1.5072056712454134 2.518837989317352 -11.498607660315187 5.240700403626567 -0.06514329264493579 13.592200465932684 4.024784680081042 2.6691972472115966 1.7086314885154348 -5.993662681123138 -4.8941264650569885 5.974311705569773 5.670275670038681 -5.176156051773993 4.532353541290149 3.6629329293122126 1.9492473264890093 4.1323990286484635
24 1152 1.6115461201661148 0 0.021708455157764383 -5.2371713176568395 -1.1229257057309627 2.401957227685455 -2.5291189247959323 -1.1172826806185623 -1.8190256363267556 -0.358197554740203 -2.3498322665060813 -3.078074836825623 3.9481514232414483 -0.9552637135682902 -3.732426367268155 -2.9179880595440215 -1.451466033821967 -1.7564699201093708 -0.4312270781812464 -0.5289999580328985 -0.49487331880581054 -2.1203052954885853 2.534805981887796 -2.1226961470942087 1.6439907911979124 1.4488162400967888 -0.8659636062010484
27 1512 4.798061397909934 0 0.6928222693774837 -17.344164656685813 -4.023937559257403 2.2286155990938026 5.28091227283119 0.5333870118644203 -0.5057439352393418 6.007877528114178 2.506800779770564 -1.993957737094476 6.2877875350653385 6.516499163897709 10.933237023179439 5.6015217585849175 -0.8533553183536362 -4.891759158645233 -9.50545288477779 -4.2369562744276354 -3.880973426068917 -0.9383608879589982 4.958900746034885 3.295524553835256 0.13870505164144054 3.2876695892673276 1.2566950815711726
25 1200 1.7797191077644856 0 0.01523591355664139 -7.3022521772031 -1.6004653137689167 5.202973228811849 -3.4101252691831676 -1.2815069987700214 -2.6306790901860886 -1.4956238452249926 -1.8180319287953324 -1.7804012934011133 1.7178469431715788 -0.9991164103282023 -5.3766687100132105 -2.2655456390342072 1.0926097110057675 0.012523049517454754 1.7734224106190926 -3.8246835283778555 -1.725334274833079 -0.324396842168566 2.900664240107713 -1.2167800924149383 3.8891249861305406 1.0759137677556587 1.0868046401039435
28 1568 5.63660969340829 0 0.6816624703133356 -30.007657488640337 -14.639753684516993 -0.9190696525619396 13.818468523795467 2.3512053527919576 -3.9145080967292256 6.299434619267949 9.722272778366355 -13.321919471120841 9.482799207786094 9.360844888791553 21.60700470101019 13.417952797255868 6.923940563418633 -1.7040151739280485 -13.726326494903418 -15.334130439170085 14.521347958561625 13.026456524141981 -11.227352189552297 5.603945488796341 -4.197354163955051 0.2185952327928904 3.18589869818953
26 1248 1.9310274502801088 0 0.011957662363362289 -10.254871307269159 -2.645475134854143 1.3520049455171788 -2.6061362559676713 -0.7174851781373903 -3.866985399074488 -1.6683715670251116 1.835033303037063 0.24919989799430597 2.83654766273982 -1.185629321357343 -3.196430203867294 -0.5283552015430086 2.9183960327584915 -0.6320835196784357 -3.5050770858004374 0.697969838245136 3.187094293094732 -0.6301690759639844 -2.4249981195864874 -3.189325016743884 0.44180749555860355 3.250324298335328 2.08550715907697
29 1624 5.924359805124105 0 0.6810028101951654 -13.380344929397996 -11.796375136707624 -0.1422130993520283 11.812272448129088 6.167074824083548 -1.290562604486936 6.873197724460565 3.037522457138723 -22.0657823633265 5.6828309484873945 10.226555866167619 6.016482261416662 8.345748507500005 6.6804196649677055 -2.2000272279155317 -2.157696633153277 -5.429094508521372 6.780552589972846 5.086391519373265 6.303397349615488 11.468690220928472 -6.8234712801640125 9.284046353540692 3.7861334725109916
27 1296 2.0368356464394175 0 0.010441490491369077 -11.042453568476553 -3.3850185703894917 5.0293670699868 -4.477930319439092 -2.5434338001491117 0.2544843758474431 1.129200867969353 -0.5624111172157946 -4.128355745390403 3.6681539801691727 -1.224657621704613 -5.351108209894757 -3.37781145544453 0.28759112735057046 -0.6858341877830118 -3.845262343954971 -0.7469902152604668 2.6669735587449326 -4.1604482404632686 2.590430205930215 -1.4846239925763736 0.201997818337603 1.7144239225982474 0.25092178265388443
30 1680 6.022381696076118 0 0.6711104177091621 -20.606625855218137 -7.441064556266973 -3.4832670856755126 8.459461392840694 5.666710736154325 0.9828346308738634 7.539096035404588 9.475033500305825 -7.602690989774971 4.176524667926853 7.413590321711611 18.4650376784872 1.1874126499894482 2.7644955080184745 6.225236745320261 -13.01027101699017 -7.987038010596619 11.280785160843317 2.237081839785162 -6.313160261973742 13.207819365129097 -5.414994534556824 2.519699893503407 5.212878743391337
28 1344 2.1478386413065658 0 0.007605597681186497 -11.472153144181236 -6.667719040731124 2.637317264990749 -6.476981408816208 -0.08095358641586925 -0.5497429705407952 -2.1149267410347146 -1.6709507246641884 -7.348234920348929 7.445003659194201 -2.5551224098120464 -8.644164653742047 -4.0627146824219595 -2.6044351319713894 -4.2051494900772575 -1.1357570955029594 -5.841160679392862 4.5236088693469245 -1.3075972571642414 1.3096201905117444 -1.0772166344904508 8.132793073652511 4.100263294354466 3.8768235374679745
31 1736 6.358023976977855 0 0.650340134031944 -26.37033581610188 -14.38685815188464 -9.224638303100688 9.445014466031802 7.0450899083608185 -7.917815674229681 -4.101367918245591 2.4459477820294078 -5.3630515177172065 6.162839851584219 11.221756873611493 19.222695682535058 3.249413774037929 8.408018860634249 2.2819462836012283 -17.66327343471696 -14.831157724784635 11.642833819736005 -0.06588729663100423 5.516059340600586 12.127012459945874 2.072523644149478 2.5171654098422658 8.022014896639039
29 1392 2.2112968317504644 0 0.007378843851256742 -10.239586453662834 -6.119928795589672 3.7950894428172983 -6.422205538288502 -5.092373057543266 -1.9585288342661595 -1.1134830971358347 -0.8141380502594311 -6.364829377494395 4.2695982003561115 -5.52812405743771 -6.386561879650929 -0.5753928486087498 -0.17630305161507798 -2.812470472372376 -2.7727706795003826 -1.1123549730062299 4.860565392197433 -0.4929547499728296 1.003837510643927 -3.0542275511459707 4.229752612054768 2.2208458332042125 1.6161262542315111
32 1792 6.607537266699814 0 0.6482638261234714 -29.27122660181608 -11.591499138423575 -1.1064693464760458 8.509090118244693 -2.2445606976716705 -1.8411328897568242 0.9629847162763019 2.1651008337159947 -15.782497193859736 11.341278108391139 3.799444931154331 25.528142702321134 15.401008052765397 10.97397597164466 -0.36082949622509997 -10.357543906455344 -15.05100799083644 -0.447305216804633 24.931633831778882 8.808476926743419 5.787421594702129 -1.0080857253725846 -1.907095733971357 6.567693507477216
30 1440 2.392621634780048 0 0.00931953838710726 -10.95548090698017 -7.632979154417777 7.168136739699197 -8.185268519791617 -8.370432065806899 -1.5617249093570862 1.5254064281446564 -0.4583791827513308 -9.525567955425837 4.807964219171284 -4.849692898760445 -6.982848088938777 -2.621440905681482 -0.7494204528224133 1.0618704743222638 -4.618872608373238 -6.06824170595689 8.325362456138897 -3.4076545516362784 2.0137075180208153 0.6506648944588598 4.19422280409473 5.185214811395831 -3.1874661597157994
33 1848 6.8995789504125336 0 0.6538679887758616 -29.402584273995785 -21.47439496695428 -7.157170266466612 12.284824868610185 6.787785147833959 -5.238610545976494 4.1380860511046755 2.802259088328573 -10.469595446844709 17.569180308584436 -4.5711844206703365 27.77401922702661 2.4124611211250198 6.47883552002789 3.771961663926105 -13.838820224393231 -13.80104819105438 12.196013192605639 21.832745376794005 8.926035033595786 15.63551953276323 -4.013862774190567 1.4558905721260669 5.938244286858586
31 1488 2.4667791731362687 0 0.007218197605466965 -13.758274557646075 -4.578333336107432 7.1157128642433305 -6.429532779692254 -7.174807777921243 -4.772790564638781 -6.396293047922212 -2.9918862027173394 -5.898184531876038 6.430639914363228 -3.7961340419798866 -10.108447005576974 -1.9321391077971337 1.9117452367542476 -3.8510378816397495 -1.559441650783156 -3.8755063549922375 5.6408517352236105 0.8470223463412975 3.672938937569418 -4.057954020842958 4.695059356088866 3.8245718570353526 3.056872798484362
34 1904 7.821947922996551 0 0.6297149362224944 -34.5849977980126 -19.38032145559796 -15.509476658991373 17.195390499650962 6.448683046186349 -3.6290665199146206 11.588184121458593 21.11180687024044 -25.218694237633176 18.78058966569131 10.70033121121606 44.154407196884804 3.9771872256394882 12.266374604173812 -2.139378425315443 -24.91479471648362 -28.59977180433723 9.242334428690242 17.637470096577523 -8.74299220175715 13.198412135725379 -6.961922929922983 3.546245237320213 0.25552026663091576
35 1960 8.472153444640492 0 0.6370891360206216 -31.82166017655325 -27.2540424392815 -8.112708212053933 18.026047357501444 13.360855915214717 -8.621228543792828 0.1704258341451934 8.720745043291602 -29.493309649971046 29.498289927533808 -4.1853733159796676 36.36785280809057 7.120416632538209 11.84622675881608 17.417958732941237 -15.358636016082102 -15.948513008248526 8.489769652310148 24.391674385589702 -3.277333860586455 18.878996277104307 1.5765971107159729 -2.5233722563488072 14.610474974067245
32 1536 2.6215927886203154 0 0.007169235618014692 -14.875331010245917 -7.556083503838926 10.082987177592901 -8.842020752684892 -9.817256543453503 -1.005809878497827 -1.3663087787383217 -1.5194438213372692 -15.269138885446875 3.456997416314905 -3.714892535265499 -14.288855893673361 -3.1510474988702657 -4.793468560073393 -4.708338135566685 -5.646945248361584 -7.126454464087511 11.241256823113236 -3.8478639683006364 2.9683411681696548 -1.8982733808565138 7.177309630244245 -0.45502874166211704 -2.2546922863896612
36 2016 10.632518640789495 0 0.6193778690129832 -57.25167586820575 -26.08554389368495 -13.224172871903528 23.108053972449703 12.297647428696106 -18.50928228980233 -2.295319823427484 11.32657118832616 -44.588350687344956 42.582105850566805 16.850325600523224 48.681607635872545 15.22929170481012 22.207154481006228 -0.15937958809892372 -10.66900973847764 -22.397339966838803 27.632860210113606 26.571120325223156 11.349227975156552 40.242987994626986 -1.2063170603485842 0.7931824309895573 3.4371507967409647
33 1584 3.0771511010938393 0 0.005710755524353697 -13.637503192505383 -7.700172677662136 5.367690595208309 -8.372341131480274 -6.399786198772102 1.9454755476629635 -1.565259588639303 0.6195617151821613 -15.563731987586875 6.10739873717741 -3.679411341394119 -15.243236876683797 -4.398274342809704 -6.7244672018010645 -4.156762452934914 -6.859983843331497 -3.804109723611282 9.253047010119563 -3.6779507338237907 2.7574651792658855 -3.3792673343843522 7.901918391674606 -1.196131663402884 -1.7136934999906213
37 2072 12.618730177132058 0 0.6236774247578641 -21.936421596054366 -31.69348788988278 -14.916041912623864 17.185072942136593 21.603464868695752 -5.372835824966029 3.61980739175071 8.919898798284855 -34.513696197198335 31.03949305685284 -8.638562673190243 39.64926690706865 -1.5059587929491762 33.34761160402044 -4.259331627005423 -17.386277288159906 -22.10104577639919 34.246211626688 2.8944671150595056 -7.550150131201294 32.19124111460406 -6.731201772557687 -5.124582258982981 -0.6855548865508245
34 1632 3.3796580852075238 0 0.0045994837157190905 -17.806342080653046 -3.7001749008845457 11.771364161723366 -7.171358210814641 -5.148557867820975 0.775900027236957 -3.7462528230333483 -1.653020249116791 -11.360441522062677 4.04952665207764 -4.972946370011707 -20.461237274595092 -6.169741954739619 -2.9478054058513057 -4.4276077198842705 -3.4180041632537668 -5.7340269113976605 6.278769201675225 0.07911921095317043 -4.800259980893497 -5.172452275357935 4.318811070287201 0.5224544664306738 2.577653247021519
38 2128 13.379167914589475 0 0.6209074188254424 -25.9881096402541 -27.99369370092581 -11.472137405016069 22.104679853531877 0.47131818294071604 -7.539063181394795 -15.190702694175242 -5.453757412341702 -37.42680905682834 18.439856455317937 15.68149920358362 37.31857239183757 -8.022815225202098 7.448322363142708 13.369807959790398 -4.6790618279329 -14.694946728044695 29.565390244833033 16.075157273855158 7.519176852761989 19.044545593132554 3.984270450129303 -16.787584872370893 24.352228592442888
35 1680 3.5972156642775226 0 0.005712238511054103 -20.542270514485104 -8.448809318235993 10.056443161920958 -11.1726869634668 -11.433868519498718 -3.1698434041186934 -0.034728809330136556 -2.3615261401230025 -18.791827813751766 11.816061761214137 -1.9088256694884016 -16.683333101659994 -4.862886972844908 -5.253492426228372 -1.7212732809620785 -10.12533994207772 -9.444677291094553 6.675001526249306 -4.9559535651704625 3.1795154590712027 -4.1506328042371115 6.478963599571681 0.8873187818047719 -0.4393378429718966
39 2184 13.693532301229531 0 0.6087963357500866 -16.750688183398832 -27.816192726935604 -4.917841823958443 14.301170406042406 11.622481622605449 3.229659126240745 0.2924128667249106 -7.000647139016422 -22.513688297039305 26.922839434485024 -18.0966263012627 57.0757387422653 13.516375381978772 15.77886231092143 14.308952887775376 -4.880064883363415 -34.11765474577642 28.854562368744975 22.9042453197774 6.5482296212459 31.77146437985334 -26.29355195952156 -9.646960697636496 15.715749987270275
36 1728 3.382408275284741 0 0.007942183078620447 -14.14375676273458 -12.20173017447371 6.157440502895621 -12.075654558922071 -5.592443919883484 4.141580591774233 -5.164571125744381 0.923345397075272 -12.821076964765274 10.264406898311833 -6.855930618108866 -19.008274829150835 -4.627853653645447 -3.18146015485455 -4.392918429763527 -4.109856948807764 -1.7083639271902884 13.795499702795336 -2.5528905658022447 -3.110011954094734 0.5077129980952031 9.360893851878554 2.2882776652057513 -0.1042859589602868
40 2240 14.439256278897414 0 0.5985235032071259 -78.2924803220375 -40.21081065461613 -22.083665963792804 45.03433259212602 -8.328494007171184 -23.127496580007435 -0.6409776511575442 24.98420767904635 -31.253891837319166 57.15057257187725 -10.795473675971948 84.70658702342627 39.456418145769035 27.075493412185626 16.060427876678038 -34.048660854338976 -30.30031318677657 10.165192883527762 44.143506870711896 17.1367569741192 52.78042631768331 -19.33751434784637 12.738221585001135 17.397549514910782
37 1776 3.232042691442113 0 0.004595049099681757 -17.413724940149805 -7.327644703967723 11.535267114685013 -10.641072064924344 -10.845881030747236 -2.3863857072327286 2.327846042873981 -1.8242577807681546 -11.295990564417922 10.647314115701743 -5.486983383269692 -19.61392296740003 -1.0350368101735485 0.5179484046022651 -6.73460702667196 -5.72980443380044 -5.6786266120957976 6.958396213508744 -4.461411973729055 3.2073478611434263 -6.882060411647792 5.977423966344526 2.702347753841546 2.5862657236056132
41 2296 14.665970784864331 0 0.5929713107471309 -74.39028752298029 -48.33119967723799 -30.543348106045194 30.46923613010198 12.078380698310673 -18.61782462849662 2.8703055535408506 6.956241438728742 -39.943491376922324 61.28077068087188 9.669989208490215 92.1647652678405 -8.352984585533488 32.85682005088389 40.65352819447553 -13.286046152576946 -22.726776331227214 20.52036211839571 35.9889074869995 0.268518221662827 55.73618021734235 -30.136619094741242 4.693958509064099 27.914500747039774
38 1824 3.222247396684654 0 0.004619588382694668 -17.21746391328687 -11.250150289116931 14.044645512848579 -14.911120558956984 -10.373377751658339 0.09356272819908562 -1.4787245519255223 -6.49666985187962 -11.128774114470819 10.500423403947725 -2.618232889875293 -23.490245503106223 -6.730583576981056 -4.5563651076878 -10.15777859327433 -3.529005953361631 -9.21978118935467 11.023960640281043 -5.5330218478430115 -1.0437451132586828 0.015851847246479256 9.556127140484692 -0.3863633010182692 -0.3826244758923062
42 2352 14.80227349559197 0 0.5695809753212354 -46.706986379837744 -69.91272437712341 1.9088206620343726 53.170757697641214 29.785136780190232 -9.808048552583697 -9.019784125906844 -1.2754108840810465 -40.317550343866024 62.98188914626158 -33.19110446580511 62.64654929963197 18.83414917618197 30.708576903778663 17.628728252170188 -45.77794327793148 -27.296466325160882 35.24304318934685 29.366472645475 18.56789082693508 42.4693291181295 -8.766949427874806 -18.910881110238037 -4.533798962478652
39 1872 3.4063292838892836 0 0.0050991320597675105 -22.774202366544934 -8.227365358147042 9.996423746545902 -11.607952737471734 -7.091929982318508 -0.7448201401173661 1.8456135431032525 -3.7137865447677028 -13.49328932125928 11.051711191168733 -4.075162102633514 -23.0092427909038 -5.744028762984609 -2.8447038859233333 -3.614007273569415 -1.9341377142495269 -3.732017614554694 9.697315892280649 -2.6455908000676143 2.5783749447133877 -8.831545637173699 14.527917609298136 3.4737746967812373 2.2509873250230523
43 2408 15.574608116440231 0 0.6063157322684488 -97.36762342473828 -56.07451463495131 -21.395783154773564 38.959119791327 17.149131578909532 -28.13126281003131 17.39374921773062 8.31076541688186 -55.34881463306288 56.54785917485337 -8.087066560781183 121.21501587064901 19.781515033210418 32.32214973836788 -22.838776948405126 -48.03339366961224 -39.646542851142186 49.182622716751936 33.76170904309698 8.242731512171988 64.14999686402257 -3.1932441006210777 19.316305247753316 21.009380186617257
40 1920 3.62350354445372 0 0.0049416219186641415 -22.671657932289442 -3.9507275009499176 15.566189346530347 -9.840468798527043 -6.964314824091161 -1.2903523635176444 -1.5625805614473731 -3.8750688832997486 -12.245833014743502 4.88141867082998 -0.76966873626899 -24.264965839980178 -5.473672787096082 -4.620792856756125 -4.431478547605458 -10.770063162927974 -7.1376040539892305 13.691706858159897 -4.124801219472169 -5.136849357690837 -3.842444608170508 12.485714428895935 -2.4643005674870895 6.345866880167288
44 2464 17.276913979086306 0 0.5829831090664298 -93.18925225594828 -56.17267126294248 -22.492514696263008 41.69688563958425 6.046393830932143 -10.187367680845378 -3.2136559404697094 16.035247810985165 -57.17307060224191 62.97015419314345 2.903161084005035 126.19463246295459 25.27586646908911 40.75427836074945 44.131913813333085 -21.866197317385392 -56.16671513877898 29.95327448155319 32.850230936067916 16.614077437988605 73.88056602366221 -16.861265438818158 -7.711251337092005 41.111687000866056
45 2520 20.335692956001544 0 0.5860249637757495 -107.83867908172886 -68.74182599584503 -15.613969757206128 58.02252839898806 26.88502982916294 -19.559418194848533 17.586978636256372 34.74985149949365 -70.2625753140068 84.58830755082315 -24.899711041729624 178.26747153830667 -4.88452541648342 67.18210812111714 10.709550891723246 -62.66975842665223 -77.1305999609149 74.18275260484994 50.148414959829196 19.738051021270326 97.74238403720096 -51.21859680344335 -22.12218307181817 -0.5611834732974685
41 1968 4.070359865116231 0 0.0051994817592143725 -28.277704339650544 -9.439572166527878 15.322158760831538 -13.394560127896812 -7.100980263927029 -2.2161079995066735 -10.103769300899694 -5.295363791966128 -14.272685996025547 15.103345184336508 -3.133566089147138 -24.90786553999679 -7.3492750134594225 -3.408189896963865 -5.806981841476293 -13.537359431071206 -10.622121375039733 6.6368726904440045 -4.820050956732418 1.2202524657421525 -4.295712619312204 10.670956807388485 6.4734321573007625 -2.4185459570894454
46 2576 21.846666448778187 0 0.5814715181056174 -154.5091753937802 -64.04527597603247 -17.151145049784454 50.349592448970235 16.866478916070555 -31.687222161712075 -9.315059463262267 16.3885202903892 -63.13043011070508 70.70789191309979 -24.17238106089126 178.50627638217742 15.96600846382356 58.69540581114373 -14.314515789745169 -83.72879779448307 -56.50956490237341 37.10754685448964 62.30011200825611 26.107415168662044 61.41411076875166 -70.66037127971816 8.275897648235402 5.624281302150644
42 2016 4.263448094333755 0 0.004342225332546734 -28.33427992959974 -11.860558532263202 17.653934588519196 -15.15695346911633 -11.779591676093426 -1.4185686067846945 -3.110616935593162 -0.3426583738530784 -26.722553808839187 14.012500424015492 -5.283468769640425 -32.469479005704535 -7.975427733420585 -6.789185301296049 -8.922907775850794 -14.005281508828553 -7.481035519751667 12.060067368389245 -4.605628764813923 8.219458229878928 -9.789521101885466 18.097001911903142 0.3583673970352588 8.402266809754842
47 2632 23.74683328909057 0 0.5839158134076515 -135.19595797548084 -79.08772344359528 -10.06928800124211 52.60209480711355 61.10378608304485 -3.4476044547567 -14.608524708264042 33.31075031377991 -101.51291147088332 138.62499012147592 -3.963101521464133 196.6705173773868 -19.9721571172213 36.04765233322513 -2.39447556142175 -94.57567632628806 -90.72045639008698 56.34362329520441 82.10880398913277 42.61563500466757 98.50283907922116 -47.89699712172293 -11.538487428897804 28.931363314470268
43 2064 4.315662759002612 0 0.004974925843085072 -26.77175411866997 -6.978845443805478 13.994659439973365 -10.27424157740941 -5.1451679012743 -3.2565815635309816 -18.717158033677624 -4.012187753885483 -19.535008704510947 17.614344411206062 -9.746251770892957 -25.632778323452495 -10.69030248714904 -7.550087141468863 -3.6040422469799935 -6.812687573143599 -7.465579327345772 7.661497172509174 -3.772535025711907 5.423074398238255 -5.225357674403877 9.559667299200434 -1.003242259663784 -0.941457301822374
48 2688 25.93308352654301 0 0.5866041329193977 -191.11822854804626 -89.99895943085264 12.349668707023277 84.42794193884154 53.69192025703021 -54.07854137151257 -32.2257392880973 77.51002715773603 -74.59169268467421 139.34240102277536 1.4291206872330795 207.35197738012408 -20.536113756450845 86.14453871182278 65.68928689410409 -89.39586797537163 -89.66735048126968 99.11362979468853 61.793837326267884 26.068240142628973 88.16416415709374 -88.83585421600509 5.838990271468719 19.72208283194064
44 2112 4.249651934692032 0 0.005298179143296037 -32.824638652831034 -9.61636962247294 22.153968730963456 -13.281895752394046 -16.077588971600928 -0.6624528824713432 -9.602045451617467 0.019305892247907686 -30.661509511149305 15.34047485728375 -13.708461645843283 -25.964408972398324 -2.391286993486472 -6.061811479904783 0.18025408999888626 -14.988243420826102 -8.516954548795589 17.247621387992165 -6.455842061165399 0.21967688282703657 -9.39695277809929 11.473015488152903 2.096488584533377 -2.7474526742611123
49 2744 29.109926965714006 0 0.5922913770445816 -174.31729053138224 -131.8450395042293 -20.253953826990266 106.4621949928707 37.61268075152324 -47.26127411506851 11.901955868085539 71.51117550709643 -103.9234701354132 194.6845738169328 -51.98403768734308 261.06239606200074 1.841306905307663 99.2250090213545 39.34103888949604 -47.241907562067595 -77.05265191924302 47.92790463815349 107.21605137250646 49.53044999329012 97.06099443090642 -107.3428049521433 11.625233480811847 -12.074453954783504
45 2160 4.124378544907523 0 0.0047810061861867535 -44.305407928615736 -18.120458991725997 19.234255650623126 -23.026856331815075 -18.419404559855998 6.538624923019003 -9.844768244114023 -0.008541586737969897 -34.60311148367019 19.117385374125934 -2.97576646088896 -45.23817049826259 -9.118548116562003 -7.453330966688011 -5.988454688567667 -14.422026681351864 -4.698582450699309 15.850112623202333 -14.449444135678654 9.586547716212381 -1.6055581338192049 13.911455800841681 5.221941216314432 -2.3289396730558867
50 2800 31.562614762141095 0 0.5739451429790924 -160.83383542759913 -97.69163081955523 -38.88743610431594 72.7546932004232 39.26039867395385 -40.065489921254546 -27.471149314170404 66.75693174976792 -97.22343947085923 149.94427484045355 43.73746124072693 193.18883471002556 -3.4589516047621487 112.31418854556311 90.60580385310175 -50.79965878528749 -60.41567376376162 67.06970250568139 42.462430826618565 51.840682781608876 105.08204904129084 -99.61172444412678 -10.391621810775186 60.07623926369096
46 2208 4.075418871042904 0 0.0043742939936952 -27.77629207058078 -10.469460879230878 25.22256027882193 -17.269432270762163 -16.505647171643734 -5.0706498865700205 -10.406587248629195 -4.084203717301778 -28.686950378955785 9.3314006675713 -7.563221429837783 -32.44047045754681 1.3787925903201481 -2.9147180472057808 -6.414817217625475 -16.889112004504824 -8.503087147151636 12.32802960263607 0.31116109317966334 -3.0399441511981684 -0.8373765525680783 9.106568398397686 4.043130870552291 -3.1356287554772253
51 2856 33.59705657345824 0 0.5815797645929843 -209.13235507061532 -114.52017880563375 -35.177125830004755 57.32264489939452 72.04495699145235 -3.9861370026109384 -3.6400504337216866 30.886258979770993 -107.3802279725388 177.2765180556679 -20.01313496158066 264.0047785703037 49.73404741598987 54.95024080137253 24.941853089495588 -143.2609119469964 -106.81718165910655 125.25190325356705 38.50559408307454 36.313165704256875 120.71156649923743 -94.32749473873187 15.288100761241513 -23.357675166283844
47 2256 4.1767078224479715 0 0.005367822766399963 -32.28825948865669 -11.156857133981907 13.249794259962393 -13.986305516581803 -9.168592299891914 -6.033372157687346 -4.459096547087219 1.0629144218584332 -33.52289150711122 18.391614244391917 -2.5816431593823483 -27.815085244113742 -11.750634356404678 -11.230432241712695 -5.629490383066557 -24.56638701657139 -2.559963001499538 13.951969675194814 -4.00131397669603 1.9279286057377112 -2.4693683343965427 11.749489977757081 1.9920690151634133 -2.781539682122217
52 2912 37.21861523834406 0 0.576689416706764 -197.7698269369722 -109.11383084633968 -76.86579529721575 57.954874900342794 36.30785027242046 -31.126755882511368 -42.8585876205935 55.639542850831326 -144.2512158767851 144.48226721019313 -12.776858765023936 246.9495817610982 15.119275182957873 31.734355560776514 -0.38741421268909093 -86.68844832439649 -38.556621595990336 71.58257684826991 79.42311896658317 25.0393779158405 82.13640638098481 -23.990811952403682 -1.2621351058926975 -22.393416290958285
48 2304 4.30946069473904 0 0.005037968344140064 -35.11853695625136 -10.961394920879448 18.83954977508188 -15.115389404129818 -12.141928446041938 -2.831259495646084 -3.7369193924471453 6.5486206394736755 -28.690025004057787 17.707375744606836 -5.759454304841378 -30.725057991630095 -5.063640713840351 -4.1731264956641105 -6.920360238642369 -10.01449080427697 -1.8111515080041287 16.03248079491458 -10.236639410355039 5.120455860824733 -4.359941837630886 9.212253517897128 4.413358337612926 -0.3482620589793681
53 2968 38.87176700174273 0 0.5711329114341701 -264.92658001955294 -165.00358632338143 -59.633686188274815 134.49844763149312 -17.246776665660796 -54.70464296971474 -59.036038302750754 55.113533234438165 -162.72541662942103 235.06489046339766 -13.80342252582442 346.64302846212587 33.65086866676341 111.89934600157699 94.70153499332231 -118.4063691352462 -156.60550830094093 43.80112910091346 12.723677042207328 63.23207757799959 153.67491725996834 -105.82022813497694 38.77364776230067 4.51536717643708
49 2352 4.463448929034038 0 0.004622202073950136 -17.40737256141791 -7.0406786839066395 12.944284093442405 -10.273075628088646 -9.582674832999489 -6.5714458743697755 -4.352520324363233 1.3251708350976639 -23.271596384274282 15.18753738890056 -2.3654871463584373 -25.890399523698456 -10.987324685034901 -12.057610773845918 -11.41303850800532 -12.428958881959504 3.6437103538474087 2.6343432070920816 0.19396882949666328 0.8102414502239219 5.287824264900971 10.790595303151376 8.932375506752209 -5.7270346967537336
54 3024 40.71100299484288 0 0.5747913501816094 -387.7496443933759 -193.19101785403166 -66.85506564999369 127.3436296998886 -1.4441504723465783 -17.636311685580758 -46.26672765702729 128.91715941454595 -198.13257237852213 316.4462823355479 -42.19759772504671 446.2170558650397 -19.223639177014537 123.02890691573748 13.822919495919614 -183.36893000314362 -208.4939684308158 75.75493088080516 158.7082131633349 79.44732631093098 220.4459981940501 -129.4967997324865 14.202985816870624 -30.06322725043782
55 3080 44.46858771170104 0 0.5600581258546854 -286.9849590538845 -232.69110010492187 -47.48281079907065 139.61424056953015 58.93199091128156 -6.969462195476973 -58.78882797076228 39.76970087294703 -202.5488113310912 292.06009746577854 -27.955305136401265 359.00109337704856 -14.650228924817714 160.58050022667248 -39.67869545954443 -165.29106668352557 -203.49030565088137 111.38799269946583 96.60671267180173 98.31809092860244 149.28333379003587 -139.25733135894555 30.552182546865055 49.20949272155894
50 2400 4.693291885672423 0 0.0042512840355704235 -31.5076814612381 -10.988264091940392 24.12667002237226 -16.642484656883703 -13.582570345475228 -1.2345565482387144 -1.2499360408682225 0.7993416237671183 -37.86007290540276 15.286442501849107 -11.929880814450907 -43.57859251120433 -0.5809658138506508 -2.0458409242183038 -10.020613028309203 -17.63054579572279 -0.3085195733148904 16.533863189303762 2.2899513752991094 -1.0326946432647888 -0.144260372156797 16.86388912620324 1.3708201170313754 6.718014418544245
56 3136 45.702738169231196 0 0.5643086582138583 -314.9197808789963 -209.38693855109494 -19.45054245489937 173.01690906234657 87.60275664048872 -44.63708278508777 34.41785512299203 70.08151546755778 -217.21906386505415 340.8618100473966 -70.27807987465668 412.0406615360043 -10.614323818622758 133.61269878037248 -106.60650309699315 -184.02815527728904 -167.32970584150155 33.55408507625239 101.5847063058424 176.13666514442042 102.41722914473893 -145.53681074426777 -21.570245898332793 -153.23681700862602
51 2448 4.8312555848288765 0 0.005729518939986497 -35.17953628627444 -9.025375940165608 24.12277202868187 -13.092997038416241 -13.979641066736532 -6.800304573017768 -13.363853504186704 -4.3574560895216665 -29.00183664595782 17.318410230670494 -5.059465968065976 -41.524526872261866 -4.338642105876841 -1.9489420596862144 -15.787177260413436 -8.09641081235102 0.5361421556874829 20.08288088479545 -3.2604047792542157 1.446207709458776 0.7141934019383642 9.45043383048188 12.580892173280532 2.525575329824824
57 3192 44.63159869908783 0 0.5642259982806437 -275.1578390831815 -168.0112448937738 12.989796320232344 163.78891540088773 66.12604365314316 -38.60884807138223 -90.90858206704664 157.1730367321353 -265.40594713636483 305.6559342477044 -88.39389140952572 377.0883522310777 -75.63024233599562 149.95748716342098 -6.244001229871788 -159.47514194628792 -173.48868031655007 71.5580983307391 84.64136117497296 97.83105033005978 223.14856047215082 -81.68437476107232 -35.62400802988826 -86.82754859637093
52 2496 4.953175276888196 0 0.004602228299964347 -34.88126087799394 -15.9335664066041 21.29700725711325 -22.876674050587688 -11.43307414154957 -7.735122283717714 -8.876901983939906 -10.822249098797124 -25.710457853050638 24.496604987289302 -4.235850427654066 -46.187957748758805 -8.808442477081647 0.23645594050286212 -9.252254877458473 -13.847607732231678 -3.5082363549437963 18.224727390613282 -12.118525235733625 3.487834666811876 -7.400077538761819 13.69375511009976 12.392950204945791 -2.0479143249531164
58 3248 46.483923497759726 0 0.5691208928826347 -297.4377560992153 -200.82890536897517 -2.2863601139501846 137.97549799577743 -11.056963235359106 69.4092935999089 -13.225984562800086 67.84105608478336 -219.09274514824256 205.1197871748697 -54.794893864769406 497.32164761849526 -15.820401638656191 89.88011176710495 66.75301418038245 -184.5273067116609 -275.995030250638 175.004838453557 -26.207327239588977 104.98805526751511 241.3982913387767 -179.4614931345365 -23.322649292904092 75.26436269794719
53 2544 5.135979007097953 0 0.004776929011340651 -44.30483185389508 -15.908211478755767 23.85700271735392 -18.487297094515558 -21.61533615292025 -5.285351914678677 -4.625906984105927 -0.1324101298577327 -39.51661430477003 20.379227662997526 -11.042643727951674 -43.7406644614187 -8.306064543254355 -4.481691006492293 -18.970764534002797 -11.056411624223632 2.446479669619374 18.902108888227307 -10.460548752240033 3.0126193222435314 0.7603821733710823 11.19672542393801 7.627550846641206 -0.753415391060785
59 3304 49.562047568072735 0 0.5677902065883251 -400.9316236261385 -238.58753942040815 16.57542115641576 191.43993068032484 32.30896937282388 -12.909051233819728 -13.7876030790423 54.03486989099405 -228.17820577820942 273.5576473364787 -71.282610545666 448.9394520637936 -6.018611313496372 128.16457481312116 -14.804337813242547 -144.5433048040167 -300.16347917673403 204.0831051683672 39.03874894681014 121.6972100156421 205.45780523413663 -80.11573394294736 -10.978016280193003 -23.178907313285688
54 2592 5.42113730037495 0 0.004164194316937214 -38.52512450738709 -10.802792203478996 21.879992381079795 -15.421237239261423 -13.235767914366187 -1.8059722203718707 -2.8460552837907924 0.14887803938124544 -28.1000726674398 11.209444532195093 -13.925449197207028 -44.05286948580729 -14.41131836014154 1.5133747857414992 -24.38226744361987 -15.588328352106174 -4.282766183438591 18.627309274691637 -11.726141974456315 10.34052944669836 -8.278979394375064 14.018261847409718 4.585369169199669 -4.1241926365159465
60 3360 51.262377300678594 0 0.5661068326930242 -470.3682595812894 -300.2431196576094 -45.75827695178285 297.8700700490798 -18.626180930670287 -16.84712934524315 41.090022418328175 214.15223411198534 -385.3862830653568 439.11889255467133 -89.8266091114091 645.7812290141774 1.7952532592910977 208.5026716320744 51.01792295156215 -320.03720858320764 -289.4527616502367 161.4759146769868 150.62120478284257 120.95442639759526 261.2735913845252 -188.58729156261109 -67.98099433964504 7.169002969805497
55 2640 5.569107512749735 0 0.00472486658112071 -44.935485995170275 -11.505380815713883 27.39469674626468 -17.377263714530034 -15.108715227967155 -5.330382733163635 -13.61335740915265 2.3440795132980203 -40.60536803444353 20.060688946169385 -11.730326676625788 -48.80307246793659 -11.294979278450477 -7.7579731613216065 -11.878157040642975 -10.229352583547676 -2.7472972550705226 14.601340630482781 -4.079219591319815 8.668279200727103 -3.233550057661543 15.877804858987908 3.733276943920945 9.49140635797378
61 3416 53.9073428795988 0 0.550290870742136 -190.82975430092512 -201.20750569048954 -66.89617243452881 118.3899291670388 104.86029445485426 -13.216616582326779 33.80672071126307 43.8453618352854 -273.69419449509985 251.82305190158746 -56.67921359830978 374.74639935526505 -22.61671058716417 144.67598539941386 -107.36220183590868 -134.82509763931745 -177.29420427321105 92.19470982456329 48.80048611904817 147.156777236032 143.3296049706795 -56.92427345470337 -7.531798671370611 -74.14105420805018
56 2688 5.55111552310135 0 0.004833374204086504 -35.62703773704343 -8.190598293277224 26.98749267178402 -14.001738150165044 -18.15020031156775 -2.100212275503634 -10.538254771370987 -0.5362895504494016 -39.465452169460974 13.693743131064599 -5.416928997422065 -42.232719598683936 -4.0793897486086 -8.826280799562603 -17.14390178295677 -13.746398194654006 0.11824527913221772 17.42194033194307 -10.262688494252972 -3.355335507638806 5.627866919792918 15.145526393253617 7.809869154327362 -1.2497519453277315
62 3472 51.89847320476745 0 0.5642051952842764 -473.90726828663014 -284.9136913592041 -18.900249647089417 190.04181093455955 128.48948320179198 -10.09933273948409 -43.805221348322846 118.0689491387621 -449.21291083226436 424.15835399391 -159.73784809810803 774.7858452130118 28.630640471081954 144.56023000695026 -45.055328856480614 -267.0577244408263 -261.69940404762747 244.05655875274175 56.775508376405384 84.89568769778879 248.39333902892014 -140.9972478752186 39.7909726890126 -103.06208390888793
57 2736 5.581454880978785 0 0.0048067693358205986 -39.50872689135994 -9.622799160778795 21.56557734899127 -15.410413398931398 -11.910223758201012 -2.384558323681679 -9.091962454814524 2.098798768330833 -37.24970935663488 14.411280442747193 -19.898481474944024 -29.949035149113996 -8.251393434517347 -6.74343913498516 -13.275588715272296 -10.791770073283535 0.14318686892337595 6.160827047978673 -5.025303943513858 7.211160452732221 -5.500503191379409 13.475106386405757 13.556431640924478 -1.1785029887658633
63 3528 49.88634847287229 0 0.5640874930922868 -496.36986239693516 -409.6417731206791 -168.956052393295 282.76826855807286 40.66920653080619 -31.096500960661384 -0.7559277433177594 195.4591222839082 -366.187060756879 538.8954207921396 -101.26375837418757 837.8185438083674 -10.68236974213895 259.65224046270794 17.86304544760852 -396.61465674592614 -446.1701833150783 221.45228583081825 230.1792956946517 132.76205151150282 380.04983517999176 -208.35292524076937 19.292653988372713 -18.460435887149174
58 2784 5.736259546293804 0 0.0050291219273010624 -52.93252387277268 -11.463425817188716 33.74564881855628 -21.230071228162533 -13.976974816495542 0.13699960718478366 -10.518658180761427 0.7621055872983025 -40.460234800384214 17.31951608958269 0.6534960240203009 -52.92111699362745 -5.759679496763875 -4.428362875128284 -20.627375412983035 -11.500215499162262 2.68688305858306 22.65500593303532 -1.0130105591147602 11.306085947609215 -0.9955497544147849 4.73158270183823 -0.33688294520225703 6.20371139735886
64 3584 52.034792151439454 0 0.5626382970429181 -546.3898607560469 -318.368403276234 -142.12356356735393 264.7676483300946 95.34746383088336 5.2007297334800935 -66.98005282849223 287.3522755298601 -490.6883915191882 451.10005484890576 -49.78434776704421 824.1577913793094 -112.39927123181124 173.5092302882463 4.631743428438085 -356.86853312889923 -258.1225217206853 240.61979281821283 204.06281029623634 206.1157757101737 315.71695387137873 -195.4525209424779 14.508881462476971 -84.72501504008784
65 3640 54.1643210229164 0 0.564301507915533 -534.3439980210759 -375.44087512989336 -13.61191638618606 260.40402179566354 138.73248302468735 27.609793029681335 -21.119811310488938 138.79924473251006 -402.1813326687046 433.7409441879047 -216.9934878710958 775.7074173870441 -73.38514815225089 173.07684311551702 -83.28342105612681 -336.1280082382174 -306.1059238163314 282.7290244886874 175.81930624721812 125.08442411044089 265.1651787862478 -139.3804265956913 -22.685018827949435 -111.4659737631561
59 2832 5.914649846123705 0 0.00445439493502849 -66.30798508525766 -17.958708116152298 41.74848057030039 -28.609943378034117 -15.888903502659545 -2.821883819445685 -19.899139022354536 -5.919818835803131 -46.22635098669184 26.772704871271443 -9.14757760432848 -54.58859260484905 -12.348802004488984 -14.672385546959394 -17.86478147262535 -10.243449869418615 1.2352441000309495 17.152276647020287 -5.502999343535281 11.91005206548779 -16.96581739185592 18.247466408961508 7.683283105657541 -6.36291900864145
66 3696 59.76464360508748 0 0.5536031693336255 -472.1453312948013 -309.70908057889034 -99.23226319963979 236.65890350460703 183.19009261109005 -20.460518389678302 -28.20075906298238 198.1519291875795 -405.75602261320677 458.29157696231215 -215.5415132275952 797.6971559499069 -44.706537021157395 208.81171332495842 -85.21843846893552 -344.8300145531003 -355.1599904298689 190.52297938580702 140.20045601063705 194.43676076015444 259.0221595024481 -243.30512056748518 31.31582246969321 -122.02451671509647
60 2880 5.967956146396124 0 0.004193428250711399 -45.53791404991427 -22.460532152560674 22.284511677141836 -29.38759384710565 -4.227700324371758 4.02217425022441 -10.578863661693136 -5.525499108819036 -49.2752140297381 20.36385011407712 -5.405388952670364 -53.891966271304554 -14.78325866371237 -11.780236310173155 -13.769405822994797 -20.119990283206064 -0.844897691199872 10.882205930242275 -5.256042586387174 1.3944092927530192 -11.152572820756468 18.730050468485942 4.841566726943405 -0.13288731694056538
67 3752 68.68866559564972 0 0.5559037050244934 -529.9422581877575 -363.5795076718152 3.310264331501898 277.6805123653934 112.60127903056969 -10.548089979442206 -22.903171470970204 149.5401796265311 -357.15248902715433 485.19319635050715 -139.64642668369336 794.5879507901006 -52.990779709522144 203.78896074875036 -32.47433345093304 -370.6497342706782 -316.51984859944685 177.60365119869738 66.66898894135053 277.9826605187456 222.07457753061308 -185.93861275517799 -15.745482138095774 -90.63259986799278
61 2928 5.9527413987849185 0 0.0045364079233300185 -58.76844988664979 -19.982080561483286 27.63615466834874 -25.469460103781582 -15.946746650429173 -4.845782230500116 -3.4196101554844835 0.5956619688975078 -50.12022135450347 26.01580674775739 -7.6455508410993875 -52.3707550310398 -17.846688673030982 -19.436022027201197 -10.03153041203781 -12.119532677376732 2.3026892578814726 15.72916030161288 -8.716135982337462 -1.0718273682351462 -3.944804715620746 23.617655522702634 18.731315373515702 -4.139251019738189
68 3808 72.63237242327443 0 0.5565664080962085 -400.78722469412384 -360.9455881181857 -50.73986442071635 256.8190577320799 86.44922476621763 -6.190953949485575 34.42459714335707 132.77764981099503 -382.4182244339676 325.30200449867186 -216.99717372704964 715.4450587180502 19.682944040234787 172.44053805236828 -144.62739645646718 -435.7813169457582 -365.58049497801363 312.80297442214163 143.31358285244744 11.893505669910041 223.15266491958442 -136.16136044612523 92.03151719193633 -30.140501103351568
62 2976 5.785518386352687 0 0.004767152815868314 -54.578513256220894 -12.588248943347098 38.73098822965561 -22.892298736765227 -16.7312783350921 4.498385648678479 -17.52327688278782 -9.901472258092431 -42.3425679481852 21.325618269114724 -0.7788515817859483 -62.88339069689634 -5.959127808525096 -12.809525907413951 -15.555004271120904 -10.734171034008353 -2.233634976904283 26.588523655644675 -12.962979992738948 3.8739692580319085 -5.05569999364957 12.698573883855975 11.27927617228466 -4.815478940008836
69 3864 77.00096808611215 0 0.560755836038486 -828.5138935761731 -494.77523577064665 -92.44424211297363 403.4955277678353 191.31052032482518 -52.79383745316228 -149.23290861175533 411.3495334942078 -611.892187133692 700.6893406616853 -98.46736463710081 1291.372781585985 -56.265670380503046 426.60742970458455 -77.1867891508982 -563.9043920044575 -528.4192139714951 289.94377924110705 273.81503875467376 268.5982541108838 363.1573770057165 -310.5897540259604 -43.592087999795396 -222.333897295282
63 3024 5.693470624208496 0 0.0044254982617606105 -41.02818728172572 -17.394812842897345 25.73218621569615 -22.033697245887193 -19.594012848443324 2.2596583538174224 -4.080162326426343 -1.533478710578724 -41.79757018731588 24.548303662834655 5.936090511820179 -61.43090068863104 -4.535680383588159 -13.165205953222436 -6.3871719208913476 -9.591354951932203 4.632838213215722 20.343395625081563 -14.293907364644884 -10.346639386704851 -1.575653005411037 18.270445311813823 -0.08940226549840524 -7.32890678732972
70 3920 85.46275746941879 0 0.5633652323673268 -709.3457902795639 -611.9950800167713 -58.66565895184764 421.38690657213317 173.0846957978849 -47.5206459718482 -116.22204403031003 319.73582413887306 -653.0143059103042 730.6800612556085 -382.6681430321936 1199.4348620501344 -134.70936746649076 271.49226968872733 -67.76874045208585 -639.5437006607563 -427.29494502162476 372.28647185306676 264.8156566799398 243.73301476616854 440.57466240526094 -315.75260437305406 32.90908107124907 -197.44886808873588
64 3072 5.943109304194598 0 0.004481018763920304 -64.58465619931131 -17.027629739304764 28.788005587387 -24.976339440682743 -6.017103874666692 1.5260700680576962 -3.313204636718351 -5.1101894930662075 -46.75963155614021 24.373315730460853 6.622497298092366 -64.79820230742912 -16.878428124152656 -21.130935361853144 -3.2706827266870926 -4.447802994648333 3.122840423592665 12.653487984070864 -11.672430280862576 15.547055885846166 -2.722904074631977 15.72058106766803 8.497266983363923 -0.9533588336302798
71 3976 91.18004320973805 0 0.5567603416946114 -1244.650218110105 -801.4118529789406 -201.33789666361952 629.1694480124431 288.1995659753824 -157.9260829442195 -63.742152288984656 516.5963628189342 -834.9912767251217 1180.8816967765613 -382.4202584599619 1946.8905700276584 -74.29641859694884 595.1483745202893 -112.19238701109202 -913.0739038400734 -693.9778418821134 506.15337933245337 409.2052612275103 469.7174472562808 618.6708425361405 -573.1943084074114 31.016523495093487 -344.5022351832875
65 3120 5.988127871701436 0 0.004448929406567849 -63.57670467257411 -24.622553105717703 35.99762493794064 -29.404064917211635 -21.89717263121104 -2.1275739690268427 -2.1824415223542992 4.19789570766753 -64.13130676332389 33.69547480980783 -6.00120470587259 -77.33558379769025 -8.595036409189762 -20.94835624662675 -22.742127549541063 -17.16975875636556 4.697350716550982 25.830389132336762 -11.16848918916391 6.535649600486661 -9.355222245714645 23.92033989913599 9.907994684441203 6.4482721435429
72 4032 98.86151800779496 0 0.5597596522691668 -1321.7023027907778 -923.5761731842932 -42.980947358584444 693.9354530220758 240.90467342307946 -88.33227614848802 -60.10531143823057 387.5305343734288 -867.9412110606413 1084.4641478594765 -276.105599123077 2002.9270317910514 -155.78641814528467 585.6134393423422 -130.28246380482256 -988.8737777853553 -969.9231701072619 613.7235448788236 310.52101126460417 353.286341588422 672.890912615915 -466.9851814179963 -99.02264824299166 -165.30500656511063
66 3168 5.769030974181252 0 0.004466473679701271 -50.450089441205634 -15.304252164000847 18.81796101587276 -17.948377567278072 -17.241177687103768 3.772924367229922 -3.5330176300625693 -3.1611922103772963 -43.34247281930662 17.916616065677587 2.376850805487878 -57.20192347495568 -4.280815044634823 -11.56993219466818 -3.4413803087965515 -8.121391334996957 11.65783293438345 14.342025911498457 -3.0169442706570724 0.5432941519773067 0.31108600704256073 26.902217685870774 7.807394726239276 -6.277188692792111
73 4088 110.89852738162722 0 0.5580483197627474 -936.6595795679951 -716.9742527121106 -30.8056340473818 479.7265775833627 273.71644290025273 8.603348064701137 112.57945291464512 238.7141606397015 -553.2784260998361 705.447864109162 -364.2615826585918 1517.801274658522 -201.56383082953352 336.1636030782161 -195.21005321280262 -663.950682379071 -832.3751093953795 682.4579299219414 112.16737119178387 151.66208470608456 483.88321335048903 -376.4633928990971 8.692998554360898 -217.42184124981236
67 3216 5.822314549773773 0 0.003969567381417585 -52.19919128211187 -18.737124807718494 42.437044806780705 -27.12740572819964 -29.344289781166584 -2.458568379191582 2.9216420002621133 3.5527682635309104 -49.30644804774058 23.33281419345905 -0.6906151117749855 -56.517450326762344 -10.104199249637604 -8.864042893147174 -16.019571870421913 -9.073872408646457 8.169630866948607 16.27444427681328 -11.599213341242507 11.48507142153549 -14.975457336044276 16.226806634695333 7.636651410376828 -8.944497528561453
74 4144 118.5182160191961 0 0.5589704034925641 -1269.4098225631994 -728.664968523283 -31.739444430390336 573.6267670733718 231.82850692317876 -111.84642156610111 12.605806795082444 260.9499160086201 -802.7512593963133 958.248489404382 -530.9869996805929 1824.8997431462437 -26.42009721529189 387.64291013344126 133.42964675259947 -720.620627585573 -504.4717729280257 552.5675812071873 204.25012838963536 415.1579387621222 556.2169948538428 -434.95428669343596 -137.0812634708036 -141.473052554804
68 3264 5.880470225046222 0 0.0041478328778993025 -81.62409680209782 -26.97581234360137 36.414926415668376 -33.294407912320324 -31.411407693802836 -5.673508599963128 -1.6334531188909205 -1.851037583850666 -61.644390056143145 24.925009883835266 1.3940726028037558 -72.8463160607252 -16.037616342203812 -1.2772677926080007 -13.00795227590049 -14.269073262288003 6.511398601373326 24.29550870730192 -14.198623435467766 15.033894629217013 -12.733083748101581 34.130366589711535 9.454725460252645 -10.152646857698205
75 4200 123.86576803943468 0 0.5584062161852468 -1480.1965449841032 -958.0182275133462 -235.32757801180094 702.2490895652782 278.5003730542659 -10.429834136877616 11.459264444522887 568.5514402128775 -817.0250934660017 1141.0594914036938 -220.3426209598758 2332.5635216147616 -27.290267300786297 597.6608463382222 -203.76689756490575 -1090.6297705377046 -1167.1941546777277 797.9015520242558 191.31979246753608 270.0160622865328 656.096719823534 -637.0420202497725 1.8055673748219476 -214.29398072036975
69 3312 6.007574101856701 0 0.004315060498990653 -74.38693880121271 -20.847832817413437 38.009713308999544 -31.520152995245716 -18.983991826226703 0.30237578433430734 -18.420478966848844 -3.2716803729450064 -68.9579367123044 28.5048476719473 2.7205173912869838 -70.10262942143365 -14.083586953455177 -28.323729887364426 -15.345313372503721 -14.742573345036831 2.8678265266258345 23.094280370534 -9.53789165506961 5.971705668294646 -4.0711820618330306 26.032992532584828 16.33180161844129 -2.0826884061071116
70 3360 6.57211842225668 0 0.004425486244085364 -63.33906351465783 -23.39239556864219 21.53787525755487 -27.695589746771354 -15.442746611076382 -2.0782944003277057 -13.293401984764449 3.7434548711202087 -56.833123255641674 26.84821048092612 -3.87338683949957 -47.999836633351784 -12.882388266437525 -20.109000497712316 -9.520155099311289 -9.427040518788894 -2.0172642965963314 19.832067822786225 -13.982344488568547 18.13265623215699 -11.965848460122105 13.124667631443492 15.2438162851266 -8.996348646318191
71 3408 6.997793415893093 0 0.004218222120629291 -92.01701534001462 -30.495948967619313 45.326487535688905 -36.95119442669415 -35.96969121564548 -8.863113716387119 -9.787284498001661 4.6257903006041605 -77.89733437515535 33.099218007518644 10.015049240123476 -81.76006113963655 -7.6551291715500644 -7.698992419654328 -10.111581064594494 -21.126195571414833 -0.5239465570405086 31.087000095862166 -14.451641912468265 8.100915586703836 -16.490718268895808 27.27064426530509 21.04218416763601 -13.6552961616853
72 3456 6.805845638463181 0 0.004178240518123423 -76.7874408776736 -16.153281154131342 31.864819920817915 -31.42199606163025 -8.406609698987145 5.150507593512287 -3.62457385229583 9.142768817256561 -58.25576630920734 29.954677001213437 5.37571059202863 -61.71840012169318 -27.9296463248875 -30.34518079669739 3.0161994857082934 -10.876726096894204 -7.056442129814715 17.06803644942946 -21.76420897664328 -3.9652531241427234 -6.800954003591022 16.911143367207256 12.267759114398789 -11.596601918176619
73 3504 6.815994013995863 0 0.004184356399302325 -110.31973479339081 -36.46507082710545 44.388452933704656 -43.283949528965806 -28.41807913988723 -7.8265239708143834 -9.394901536554645 5.519204703986462 -85.85829749688457 46.2290276949432 -11.961236790789936 -88.10558363649149 -23.497232811954788 -24.633888702978485 -14.603674972273755 -11.453599445378153 10.365822475834726 29.995513876288168 -27.202577010689417 13.49786238169404 -6.640531898886189 22.52126040414382 27.28449113793852 -7.889431989998415
74 3552 6.542132768777421 0 0.004172351362883762 -72.8481556820791 -25.475864032126598 32.649208357801335 -28.7635873940315 -32.77716337420584 -4.502903708857024 4.214051454427868 3.299126348384484 -55.1367916818616 25.674043699346164 -10.646832178627154 -73.54819567678082 -15.236486239019934 -11.402271711447439 -16.391463079359976 -20.901388429030845 3.5098457718804332 20.74187213386436 -10.658884710762074 5.668729749972658 -0.8634316851164305 28.065696357899363 18.295959615784337 -17.969252239040433
75 3600 6.2373397873269765 0 0.004176713627668893 -83.76489291153955 -26.27817187804189 37.624309371835224 -34.28536783716257 -23.83360837378185 -2.8679812226564283 -1.6286874619315908 -2.0338844963638847 -65.40754044031621 21.63251635621149 -8.747096383546634 -71.60945975757322 -19.10725480623341 -16.30736670091386 -9.543347967248508 -29.675163241664222 2.2246091342375873 30.17865896622124 -10.23671851328749 7.993738444260738 -0.7243389489099625 20.122975399191848 22.446385635197615 -4.913291658718656
76 3648 5.96018865445803 0 0.004406155583210875 -88.75677534405062 -19.747259433905576 34.20427329261541 -30.27803584307695 -18.98673008937769 -2.1121935334897097 -9.006025004210112 12.843085297628981 -80.17738450969667 39.70607100378053 3.421328701762042 -68.84221762085772 -27.875296112674093 -21.649058654249345 -9.250118205890596 -26.664452314130262 0.37038048350815744 20.684540755823352 -14.002713093264202 7.610409596652105 -8.899306576276555 19.959323598272093 22.579914797685394 -7.241921760923848
77 3696 5.829783475731218 0 0.0041804186942651375 -82.93698209737829 -31.8848170311199 49.591071598140466 -42.04790571064446 -28.550139472500554 -12.954544692097631 -0.9623135010515924 9.906296428394167 -80.48795384103381 38.317331777402735 -2.4954446091675235 -92.61532324000024 -26.97982746037905 -23.98396519217443 -16.219575496239415 -18.016712228362756 -3.8500574088655704 28.585135922762916 -15.422570939146738 9.831332235664476 -13.604963478489374 33.57415021589583 24.832004807493398 -15.20024445030645
78 3744 5.714332744623988 0 0.004174780939921322 -56.4758304830594 -24.411631062510548 25.674990244859238 -29.20722009235458 -13.743992013088263 -7.47760147223884 -18.228219668350473 1.940457602702696 -63.09474062432105 26.748711819378375 4.4365347394273265 -60.284113049820135 -1.556037807659525 -22.607437703168518 -3.6316236828127284 -13.924136205626684 -4.2211261408459695 20.89225426555093 -14.987317520967203 -6.891702394826298 -8.750733686598036 19.209925367469666 15.390357131980554 -17.61839872947342
79 3792 6.009910180709508 0 0.004148061772546433 -75.01353040946424 -33.38934024018872 29.33277850358165 -36.09650039435312 -18.15182718852558 -5.555081293786804 -5.6240719883074 5.504955476994711 -66.40103500204759 35.73901033630758 -3.710177046934586 -72.24806780754592 -14.882583996603879 -16.480452137923844 -12.981767816045311 -16.42550511605896 1.7529298258034707 20.62109846650589 0.978270174112966 15.28456176106419 -14.444411730310478 16.415948563935366 17.521052236900054 -16.255812887468913
80 3840 6.051801951081564 0 0.00415127371465095 -76.64404241024812 -28.102796395057275 29.89793467564922 -36.78002837863132 -11.266058365822628 -6.5950036962009975 -1.0854867247940652 14.1987302522416 -72.34530249769055 35.053130576219445 4.142890402575702 -73.55633914133902 -28.05457920092521 -25.59111245679987 -10.742616296029134 -20.40447732507014 -1.9857724710939473 15.726742862554971 -6.408332159428072 18.161679076001775 -7.157954878053511 19.411642968765975 29.358393047064027 -5.773801157819602
81 3888 6.101746196548798 0 0.004410533936080833 -89.14955311963075 -38.53476504403246 43.9417080094509 -42.531520716915594 -31.999990401279845 -4.207199214956029 -7.114348475985512 -0.6347347159983832 -89.2864378113738 41.33906580894677 -6.764150365870882 -81.10934189792985 -5.876899744463287 -22.36391698723771 -12.23945976458363 -30.69048960712047 -7.84875837498609 34.10562876275709 -13.078944618223595 23.233583113999394 -14.832490665410205 29.23001790545534 22.478424145723366 -15.0151554367519
82 3936 5.911607479453726 0 0.004173636831764746 -89.08414280168347 -23.550745082445964 30.153977147169435 -32.6267431610304 -17.651186859765872 -17.45836029773551 -1.4525397068760322 10.39635212215148 -74.63137953426084 37.52556410148889 -8.005016637005706 -74.20139752489398 -22.897486161890654 -11.983144427838628 -18.67875240369162 -23.320274311055808 -16.542232425055627 22.099444854194143 -10.460987999477776 11.197457271331325 -9.505410273119828 22.612809532023604 33.570132827241 -13.60257390881687
83 3984 5.789510607839024 0 0.004501926775091171 -101.28964128207376 -26.411605685348583 44.178889124536326 -38.589600178023986 -18.2057767961713 -1.9334571945217878 -1.5370088641263782 13.286728212566917 -82.35073805500114 43.47397964612859 -5.267228157341277 -76.78691957366665 -13.881991941445905 -24.912644583070943 -9.819812548840822 -28.174489311166315 0.4620075332533835 17.471521667226273 -2.802241823211922 11.693870083976439 -9.27509768061868 25.12486300514615 33.00875427184191 -6.683826568858661
84 4032 5.788929988884106 0 0.0045107355510321774 -69.52227918835969 -14.88820167432753 32.14769355193811 -23.10192704187513 -8.662871580626586 -17.519688897260405 -11.759030834028216 15.32545320999214 -71.68732930239644 30.213382255932384 -7.4807057631144005 -52.251408211806535 -17.572059268336307 -20.40010318862486 -20.088800554660402 -22.657169389105302 -6.866139155313165 15.982911538674815 -2.3627847020618233 9.427141579397995 -9.304055949057492 17.65458778161814 26.185879489504956 -9.352391666267941
85 4080 5.535827075481656 0 0.004410202251744385 -77.19157603661414 -24.284002246074436 41.57482525354944 -35.07712377922436 -10.86471524113859 -11.800618373537855 -6.542357582353462 7.128730300642571 -70.73649631231812 39.69239293211386 2.992551744638635 -70.96132417158779 -22.12648873618481 -15.784892340476013 -18.543010226537877 -16.860091520042566 -5.298794781936286 19.294003230357212 -15.31416544202557 13.19050897485226 0.8314706497262527 18.963213998160043 28.34167257976059 -8.273279489185029
86 4128 5.198787603167397 0 0.004149268075489992 -82.11100286709254 -22.58732540147048 40.53506490508801 -34.0835857078001 -14.263146578085498 -12.856031863791923 -1.4599650224954779 21.522872721871728 -87.90185977727272 44.872657904060326 -2.452057625899103 -84.98925624774569 -11.605673131377408 -26.060124010557708 -22.055774878200538 -20.898319016997906 7.48975083526974 20.033021031129156 -15.561588166608352 4.753585077242008 -0.4169362934294516 24.195401961906285 26.2149671076431 -9.63935768619969
87 4176 4.9628995516012235 0 0.004231664230398966 -90.30298157643749 -32.53005906688483 44.596715366785 -42.9970416135945 -17.784664326903936 -10.494316472784902 -8.252318797486433 6.770507910838159 -79.8191681932316 39.538757576760084 -3.6563545230773107 -82.03063320890405 -20.079048388385207 -22.595423281195423 -24.99219200938518 -19.607457057945243 -10.577042120073177 25.509549803194908 -17.823291853550433 18.235978437562018 -9.48729133476982 18.149701856592216 32.45376809948851 -8.899495780596766
88 4224 4.793318607415537 0 0.004196893681204936 -76.9122627468165 -22.592751500444393 41.431090305056024 -34.37374290300006 -17.591483516383548 -13.188157537745337 1.0408704910923436 20.34900755712444 -75.83315014177006 36.269061873559004 -11.358701780222047 -75.37237839805057 -21.64966844370019 -17.377317750697337 -26.091755832533458 -18.435032023970198 -1.1603679775982974 21.385185736217213 -15.764278411928135 27.802211101697534 -12.909654135503597 12.612619137769443 30.137257589834974 -4.343273659823339
89 4272 4.669316615089687 0 0.0041467396826767484 -75.16268268644244 -14.68289922543102 31.451572709608925 -25.883746421318 -8.332538877140191 -10.14496168018503 -6.924624285090108 15.086242651280667 -62.58063778872484 34.90246669494098 -3.092635910560647 -63.13634854410872 -19.012931823488216 -9.781146085637292 -26.64744966299237 -20.16092874587814 -5.416147331476063 14.885674788908549 -5.622867595863139 24.181873877802555 -7.240432664757925 7.110092041234868 28.725249473962986 -6.214535076994628
90 4320 4.746215667287804 0 0.00415048624687149 -83.02220802062526 -22.280021983563877 33.47903325865196 -28.344776687012686 -19.80483356357583 -11.35750838308704 2.800751956374274 13.291805189473225 -76.06173897351285 35.19997044024037 -8.475426045182662 -69.03369811957694 -22.286787650235425 -17.346040504595106 -24.76781286189953 -31.762583344956074 2.293714151908431 23.394798558571267 -6.35852683926614 33.472488811161696 -5.060640206633868 14.684534463119842 26.470025023912406 -3.7953129655531264
91 4368 4.644228390583789 0 0.004231205994056665 -87.6030891055338 -34.87543246984785 37.68996932773978 -39.51842053419125 -21.96899553233021 -10.008840760957767 -11.703617060188089 7.5169194232578365 -77.05586977090195 46.33616458140417 -11.975225589732712 -83.89933075664926 -17.762888001829452 -16.587426024746073 -29.303972052909216 -32.51132178553808 -6.176676770752002 21.39352670704949 -9.421500963984709 23.633530766438632 -2.8905744501444883 18.753677748312658 32.14016677825481 -8.722842447098396
92 4416 4.804716995277047 0 0.004154088323180697 -86.1138564977091 -28.749055634598964 35.75711706110781 -35.484328386606585 -19.140772757491852 -9.438956487098409 -3.901164713169668 10.962200240837237 -79.98179414172978 43.25564483353669 -9.023504704328426 -85.59117558916343 -11.512482968907891 -17.865546424930255 -24.432888326883823 -24.65490890376315 9.1569450321315 23.479965687146404 -9.184584770734018 19.835599485370956 -4.997268624093671 19.80010369459351 36.232136068760624 -12.583826197051717
93 4464 4.528571775334493 0 0.004148416025648627 -77.34564972410597 -22.850003740436986 37.31828713311943 -31.2228523052883 -15.457069419158827 -13.804335574290377 -8.8519242179081 9.071961520137151 -76.64611758577715 39.36741279131813 -9.51843425360791 -73.97755544604834 -14.35799052032256 -10.014518154366275 -26.124759553514636 -19.167231938181995 -1.0643636161744559 20.348750881491473 -12.444192766732865 31.637002003145774 -13.563100234905605 13.382544961239494 33.261983315046436 -14.507894605703699
94 4512 4.5124334109856346 0 0.004157279826750636 -93.31843566867744 -23.884176004702066 42.818141050247945 -37.154761680136666 -24.270336880005836 -19.55384540355661 -1.7458104427989019 10.86803729033069 -87.78197837459442 38.83519135214918 -7.342115717662228 -87.12334971863336 -11.819499987246942 -4.217914210767315 -27.463242865667375 -25.461014567865128 0.49984372131488364 20.927161965116547 -11.982883546440942 31.734602257212075 -12.235100197294035 21.977677283552154 41.79058749313103 -12.99444130529902
95 4560 4.482553348363538 0 0.004167775829009708 -82.29237626481785 -32.80361777290945 37.26698449008924 -40.363692931994365 -19.97155474324245 -12.544866978792962 -1.7396116126536385 7.312325712440531 -76.40557255272901 44.04568675742421 -11.544979164937839 -77.99107879862552 -15.338394518578863 -7.694921512323557 -27.969685843668668 -22.421645354103326 1.9137846490868275 27.14567821353957 -10.708129874444518 33.88271565539478 -6.8427010113569064 16.64904006464365 33.588854006031525 -3.898042437992344
96 4608 4.36449384248255 0 0.004347652641192109 -86.71683479895177 -29.91420183510109 41.338462784009366 -38.86099731155861 -21.981075168152522 -17.106859342624354 -9.236607231590305 6.800804388404786 -75.7540670835169 41.912707193737056 -7.921725656636131 -79.67736990702943 -17.15300904749731 -8.663505669781026 -26.241183314158413 -28.416198920212906 -5.687717652115297 18.616496407306776 -12.541485144434787 33.84996181621521 -7.347738662377545 16.791370875464903 36.25615955665539 -1.2267172613231674
97 4656 4.516021562457015 0 0.004152266812326032 -76.16709529498333 -27.517321185041283 29.14156478509571 -33.816606485869606 -19.044968886670087 -16.920208711038857 -2.839875643154581 9.571315924985974 -67.40689524030545 34.50859553155007 -11.628234064189668 -72.30046465879235 -10.496676986577235 -4.2704506699444345 -26.66821759742193 -22.367599209761007 -0.9989876498243684 18.390257857385283 -6.28709222823314 31.13987263052694 -18.59592252114342 10.320074591150782 38.08362795770532 -9.95805329514597
98 4704 4.5176205253332915 0 0.0041493384995495005 -95.6061679840949 -33.212053664539205 38.626473251961045 -41.10898839431943 -20.406348260912456 -11.919255232746055 -4.72618899772597 4.725703483113162 -86.60431960761217 37.17345474520197 -2.8970584715494754 -94.59162729301653 -12.02768530247673 -13.34185959880735 -29.23317420614212 -23.598991946248415 -0.02441481920552646 24.8820812532555 -8.880606221447698 26.03217485721954 -8.384992584745454 22.262897567775383 32.34058906736111 -8.798458305741951
99 4752 4.588955005093878 0 0.0041766502946050665 -89.60060047440712 -26.14848568016733 39.191164681929244 -34.287041867310414 -22.459857472431494 -11.606447359763251 -4.302251401923331 9.133522320109911 -87.95802549049624 34.222445084017366 -8.530828149051064 -89.1158903257459 -10.521778963776239 -13.166862572080621 -22.970026162633733 -20.362549309748555 -8.248285912856328 23.453836096084178 -10.613934659041801 28.10870797644826 -4.984530434959848 26.255373147342 28.218529317962087 -13.880650876722434
100 4800 4.64970952827256 0 0.004216962513753905 -89.9327868792857 -31.267276792601248 40.525006100250906 -40.38078257030968 -21.555808019207646 -20.6621821996263 -3.6013664119568567 17.69324845570767 -89.64339683912921 36.308663822813315 -13.379019428389656 -97.4238137930883 -13.693586422989894 -11.896133035852289 -27.541994115555642 -31.274865577670795 -14.221324683875917 24.85774528546179 -8.161083023059179 34.67455843657954 -14.86760851306969 23.483230974675667 38.23036559960378 -6.336916763763485
101 4848 4.574030780890399 0 0.004200550421519636 -96.25197180044486 -35.89368170945842 46.14573799872043 -44.28710401359149 -24.936372909276052 -11.624660804575102 1.1093505720443217 15.988419466941126 -94.7353181321964 43.17684663587491 -14.33940256033201 -103.41673735101958 -14.149658577783114 -6.580826179571442 -29.027558587114573 -34.53532004090373 -5.585567314063262 33.52255241737449 -11.99795666654434 33.065225955828105 -10.684259177437912 26.320573774493315 36.54412498317509 -9.491171502071765
102 4896 4.306652703092129 0 0.004156124703740092 -89.51030207622188 -31.094811891802003 39.76834085424914 -38.93364492110813 -20.64022638350725 -10.177351592362445 -3.0039943604368196 12.01884627697354 -89.22657375923426 36.95350848570008 -13.768156711942003 -84.51546081950569 -9.516727907019726 -2.446381997000265 -24.61709011536435 -32.9239726561889 -6.79337349458077 29.104479499411017 -8.28899343181042 30.83949920102846 -16.023660436489486 15.033154772392914 33.38978839748756 -12.068565121750805
103 4944 4.211173606124551 0 0.004158793708550196 -90.59696481721794 -28.402396875410812 44.562349739933325 -37.77584431847812 -16.686895144697655 -12.145247507988689 -2.8495936910138457 13.177986470869763 -82.94734117721539 35.30824836331168 -10.937493066330546 -83.44373194832386 -21.78537356806369 -10.889580694500353 -26.595657459341194 -31.843567486758985 -9.030971402903468 23.424425129234777 -7.7197541648791805 31.244539461157764 -3.3070876171937584 14.875240165396267 34.06345314161752 -8.859008462351
104 4992 4.179231423153456 0 0.004162235691380145 -86.48981037464287 -31.0042615572274 37.64088677033032 -37.12844803626097 -18.477370095683828 -11.697291130138218 -4.729399926217855 13.314972236907606 -78.92511199840104 39.92837682062619 -15.383829835014893 -83.7846672811351 -15.12183565946169 -10.858106705127698 -27.788164180946605 -27.120384416265154 -8.174759560044608 20.659653419200236 -2.857799757572053 34.480369148894866 -10.6658775748237 12.597583693124225 39.04193180559565 -10.684332192456292
105 5040 4.106702760776216 0 0.004255722494592727 -91.35694445774706 -32.31213529777074 39.64343404089808 -39.572858898561876 -20.972967197114347 -13.587493971307554 4.109371810460211 19.676137339593808 -89.85180910535658 40.15220958434611 -12.510302597314995 -89.41563989588684 -16.360318024857524 -11.238283060267296 -27.02694816171339 -33.58169387729051 -0.9171233029020018 24.48903249425461 -6.885581527449819 29.285555153217853 -6.600035984432832 18.56516448178149 38.112614052227435 -13.997625313182139
106 5088 3.931262391661335 0 0.0042289390294328304 -98.0732677875729 -29.283660715496108 45.17782097504974 -38.98892622242125 -25.745574040736653 -17.295611813506504 -1.2625804464813652 12.597524447807393 -87.56512926165611 39.81287299878518 -20.541218971633587 -96.1410869382685 -14.885343173727886 -2.4435756575046934 -30.063202767682426 -24.47304741625919 -5.192142671360234 23.886946136554435 -5.706362091476222 38.657738160103044 -11.016398017863958 16.73970103605555 35.26932481934138 -15.442239942998677
107 5136 3.7302291612179532 0 0.004165311596608569 -97.72144947712326 -31.543450165219678 35.79250034359541 -38.06710643410294 -18.59714170215769 -14.09828208348273 -6.302173095165311 11.084881937523958 -82.21891022146525 38.800232390257996 -13.704969271691247 -93.77429083365226 -16.538986725368613 -9.895349102661019 -27.27654455133778 -25.04784123655538 3.584094087698936 23.557183450906663 -4.602313916473133 31.132765999079968 -8.293724883855358 19.383570269807347 35.1098570028841 -12.171515224403317
108 5184 3.9054191227711685 0 0.004168207955439564 -94.54819698983867 -29.835411587496136 36.85059079492071 -37.69733320291096 -15.412748851328775 -15.907891244960354 -9.54904021783467 18.259581022439505 -85.89557661136149 36.73441439883144 -13.980152902454254 -86.60281634455265 -17.828683483534082 -8.350773775305468 -29.386654746994395 -38.17893155236233 1.5577047298673947 19.374282065267472 1.5722627162702967 35.91698867867542 -14.586271338165382 14.069173863940875 45.57603903639631 -17.273184484259414
109 5232 4.14939813535624 0 0.004148608363006064 -89.46009448850312 -32.50676729843533 34.49351199302383 -40.980350764870195 -11.603720231882429 -12.139127359737174 -8.139366404080107 6.064701387167521 -83.0067741671306 35.29206574132528 -13.77727164426575 -88.8888726406018 -19.577020956843537 -12.427242977704335 -34.118675497579225 -32.53269825234546 -12.739868337606268 24.946539824807783 -4.805290162004039 40.979321030298905 -12.416222752525982 16.855159315314914 43.24801373270381 -14.655254590821327
110 5280 4.1158167919629465 0 0.004167151648923821 -105.6118857598144 -32.25625408916726 42.52377455737546 -42.77208885045583 -16.731920498767362 -7.7049458854072 -12.245188089336597 6.58121133440898 -88.73699151275348 45.883225631699645 -6.915249711976127 -97.8015612039572 -22.872336017748587 -19.21855194617118 -26.033558554934764 -29.43950782726766 0.5927085361152935 23.697641371770217 -10.726162499049638 34.98019175853901 -12.58376141118049 19.170075297497153 38.69070510252569 -10.382530259081923
111 5328 3.9327086249278276 0 0.004149416876365322 -102.29352876935117 -36.0647316931562 45.878705211143114 -43.85469084047627 -17.67772479680085 -11.45482165804645 -0.9809892899301653 12.93878980774097 -97.1010758687071 42.6078408753153 -15.578288878920455 -104.94105046747212 -21.3407459867802 -12.515825321811246 -34.03333639323131 -26.79891901219682 -9.44106723310674 29.896742103491626 -6.805675979289143 36.92389361280296 -13.0508097492806 24.76412388225288 35.7933963668271 -7.526393745902334
112 5376 3.619880326406114 0 0.004176959189752363 -107.76654678556497 -38.71659764648372 45.314771082436735 -46.43430305780362 -22.596221461620154 -16.934657191274706 -4.9079991509732395 13.334801274963668 -99.06604441954228 47.07896389214481 -14.3265410160402 -104.50580565667067 -19.49688308804911 -14.157815992000728 -36.291102275770875 -38.09958962484262 -7.532466002501519 30.276866710104876 -3.6839091403183617 45.82020448790295 -7.914901055247373 20.294515019426942 41.91152111941166 -14.49263466214151
