% # columns="iteration, evaluation, sigma, max axis length,  min axis length, all principal axes lengths  (sorted square roots of eigenvalues of C)", seed=323611, Fri Mar 28 15:10:01 2025
1 56 0.45119434292545235 1.0000437509570452 1.0 1.0 1.0000062500195313 1.0000125000781253 1.0000187501757822 1.0000250003125026 1.0000312504882864 1.0000375007031337 1.0000437509570452
2 112 0.4202078026432557 1.0196927052245044 0.8248525565358202 0.8248525565358202 0.8772504567750288 0.8840792571367012 0.909743490158169 0.9262014854876646 0.9479335121641802 0.974820353458812 1.0196927052245044
3 168 0.4120288640157102 0.9866041152376631 0.7576395941362263 0.7576395941362263 0.7743284667394926 0.8050191133594009 0.8259686250719568 0.8427890902438246 0.9360807888040453 0.9746032768965022 0.9866041152376631
4 224 0.4536409341165922 1.0155969267204128 0.6976176662694893 0.6976176662694893 0.7216203276609124 0.7316695162224917 0.7637980157768924 0.8466470046980177 0.9119794493883421 0.9386572997407823 1.0155969267204128
5 280 0.4563516791365414 0.9950988223682492 0.6166909019284704 0.6166909019284704 0.6503098558493013 0.7261796114827057 0.7752454235630702 0.8374107377427749 0.8912102279129607 0.9623403101121427 0.9950988223682492
6 336 0.42354291577708947 0.9953203679246257 0.5613977538427302 0.5613977538427302 0.6502163125905447 0.7077124664766048 0.7458494015892871 0.7937150832395843 0.8184354746019359 0.9362974803128002 0.9953203679246257
7 392 0.3913825077372148 0.928279839713759 0.4948445361952892 0.4948445361952892 0.6054154146853589 0.6952437015150987 0.7290617236616143 0.7519612211211734 0.7987100396095979 0.8779864024835528 0.928279839713759
8 448 0.3878069862464399 0.9143877392106484 0.43863069580662123 0.43863069580662123 0.5490254552481917 0.6316617811249938 0.6646347721138629 0.7448252359833794 0.8080225643851721 0.8529297725527041 0.9143877392106484
9 504 0.3858504854670479 0.9591591708880834 0.386473829886039 0.386473829886039 0.49046937898211873 0.5748540919940772 0.6314338262142992 0.7117947207586611 0.7738362573852878 0.854973037370868 0.9591591708880834
10 560 0.34920477358642427 0.9274354912585966 0.3434618985503231 0.3434618985503231 0.4319987886477934 0.5535235857087958 0.6648228892118375 0.6976930181777191 0.7506994770731658 0.8217727198884707 0.9274354912585966
11 616 0.3725051734641276 0.9562313112860676 0.3240171440581907 0.3240171440581907 0.3694436605680041 0.525336431188176 0.6323995677475228 0.6875610698586867 0.7238727518903267 0.7831630202833113 0.9562313112860676
12 672 0.3501492254056334 0.9585873566504931 0.2810814859098281 0.2810814859098281 0.3349472870112963 0.5275468057321854 0.6064512103525922 0.6843983005669917 0.7233035845323342 0.7741089074149938 0.9585873566504931
13 728 0.3087459728685173 0.9077000898745069 0.25954290521830387 0.25954290521830387 0.30352240017752186 0.49712349701428576 0.6183876495590956 0.6220929184817579 0.7035284952090521 0.7654232079016056 0.9077000898745069
14 784 0.30078001287913547 0.9738753265136262 0.22572279806258408 0.22572279806258408 0.27315837395476583 0.47939605930792717 0.5871984484231714 0.6039233736736547 0.6838008426534482 0.7313680558242146 0.9738753265136262
15 840 0.32495342408194006 0.912606192612204 0.19276747816917447 0.19276747816917447 0.25938957117943306 0.4628625656667797 0.5813339139726917 0.6231577795155657 0.66408643616642 0.7552106568108606 0.912606192612204
16 896 0.3278866788210439 1.0515602547309522 0.1630795184868296 0.1630795184868296 0.2345882630478952 0.42595954905218125 0.5443339591043661 0.5893346607898264 0.6465084796578532 0.7466187263629691 1.0515602547309522
17 952 0.3327399242133409 1.044759985190618 0.14915388402719496 0.14915388402719496 0.21359898102914562 0.392048269455618 0.5186251428782602 0.5880786206622418 0.6916563140484118 0.7573272117464396 1.044759985190618
18 1008 0.3508321111708284 1.0708897228513974 0.1407507014747178 0.1407507014747178 0.1903308317429779 0.38565589067167255 0.49485108300463476 0.593907269725736 0.6905545129274973 0.7990059935706083 1.0708897228513974
19 1064 0.3564639415741867 1.122612331653619 0.1268579796158404 0.1268579796158404 0.1791623767962723 0.38172759596324113 0.48007390572788483 0.5670148058803842 0.6603396705107742 0.7505049845580631 1.122612331653619
20 1120 0.3221414409985264 1.0748827040834024 0.11512102806542514 0.11512102806542514 0.1641924782025258 0.3679877844454182 0.49701254445635834 0.5686628048887954 0.647445643380238 0.7449830465028822 1.0748827040834024
21 1176 0.32067462305761035 0.9876685192117473 0.1044330924112943 0.1044330924112943 0.15132443929332473 0.35644555933009725 0.49693333674061646 0.5538621476321165 0.5879554397439253 0.7293502397326387 0.9876685192117473
22 1232 0.3299659239931586 0.9550624675705739 0.09386706174707934 0.09386706174707934 0.13982997907490893 0.3472193571176264 0.4756589343691171 0.5215197845656423 0.6058144158168797 0.7061896353698133 0.9550624675705739
23 1288 0.31513577004419324 1.0156265479803572 0.08496929599375334 0.08496929599375334 0.13262185780351082 0.3368571080393834 0.4465010628274529 0.5159903365059576 0.5665297062033888 0.6798488816310656 1.0156265479803572
24 1344 0.34854154393974407 0.9442659689352124 0.08039486055312471 0.08039486055312471 0.12369969333204504 0.3133568122160347 0.4618624199802423 0.46701320642461436 0.5402739288660644 0.6650636734939506 0.9442659689352124
25 1400 0.35479043819360195 0.8701525087471866 0.07592973503824219 0.07592973503824219 0.12215933182966567 0.3114181065435828 0.42446714800482505 0.48720254292571913 0.5432127564985191 0.6434030377185406 0.8701525087471866
26 1456 0.34916275062019686 0.7571023151101605 0.070130738169469 0.070130738169469 0.11804452060434575 0.2922528506021732 0.4135915326949182 0.4778929979203279 0.5061997813985692 0.6182707497765243 0.7571023151101605
27 1512 0.31330799647990093 0.676777568531867 0.06450264328685544 0.06450264328685544 0.11423835555270391 0.26565616700495837 0.42640790984458077 0.45090375063609867 0.4666686561105674 0.5825424795255565 0.676777568531867
28 1568 0.31511139906200397 0.606131979687058 0.05873790814449202 0.05873790814449202 0.10145130208401057 0.25989091601816 0.38778001848067745 0.4065158582999726 0.4682853955986172 0.5893533401291614 0.606131979687058
29 1624 0.3011008090669329 0.5691025531306272 0.055098228145758245 0.055098228145758245 0.09266968020453996 0.2318196843381152 0.3818735458954115 0.40883360393392604 0.4690403567311745 0.5360629074152503 0.5691025531306272
30 1680 0.30816374926612294 0.52951924675057 0.05772433962832168 0.05772433962832168 0.0832032696620003 0.2265279227827643 0.3585353173921773 0.3901356090378582 0.4443382778846517 0.5109971664743883 0.52951924675057
31 1736 0.3094135923644349 0.5250345343853134 0.055328354008695686 0.055328354008695686 0.0798165401889586 0.2102262276096016 0.3443343333710904 0.39281225266282654 0.45453274389394305 0.4839045549060752 0.5250345343853134
32 1792 0.308186172712316 0.5392733043740295 0.05260207898958064 0.05260207898958064 0.07299081771857971 0.21742285565303823 0.3307334535959982 0.3900098186441576 0.4225087330791265 0.43785826829526625 0.5392733043740295
33 1848 0.2862622670618532 0.49832778348503154 0.05105945661914939 0.05105945661914939 0.06565874667352051 0.2124323353425894 0.3031135069960564 0.3685380999054351 0.3859203014408036 0.4670066068060714 0.49832778348503154
34 1904 0.23548853830228378 0.4800876887810213 0.04866963783225556 0.04866963783225556 0.05984920847069379 0.19805996208578985 0.27908650591806716 0.3413245916651946 0.3592718187425273 0.4360864111221998 0.4800876887810213
35 1960 0.25976230891443125 0.464061705489656 0.045373379879423165 0.045373379879423165 0.054212826067606655 0.19402242478478687 0.26056823359977627 0.3252571748266406 0.34610431818229215 0.4201763519813831 0.464061705489656
36 2016 0.2653675906742969 0.46896004625483967 0.04634993959918516 0.04634993959918516 0.05056766057641669 0.17894134204834664 0.23639881081476055 0.30910591093005585 0.32204052497178504 0.4357359191928142 0.46896004625483967
37 2072 0.2274431874783841 0.4684586432603319 0.04240397573878638 0.04240397573878638 0.045710537322780444 0.16321775143082437 0.2288451213505889 0.2948249752411511 0.3189403723085922 0.402429259374319 0.4684586432603319
38 2128 0.22936571965788854 0.43230803336822643 0.03972193765443736 0.03972193765443736 0.04305145925301127 0.1522440733353796 0.21757497567832268 0.26169704846322694 0.2994498093852672 0.3897394177198177 0.43230803336822643
39 2184 0.24447652492163396 0.421107530401181 0.038005629772551584 0.038005629772551584 0.04104335805659745 0.14421970850079502 0.2122712954858324 0.24903353842557954 0.2942776949787332 0.35661015415940617 0.421107530401181
40 2240 0.2466626014719403 0.4241486212733197 0.03651319756021027 0.03651319756021027 0.0408722545109486 0.13467365846367144 0.19195789111082695 0.2266962875413704 0.269410953993744 0.3497400381291862 0.4241486212733197
41 2296 0.2280071404775132 0.4478659917753422 0.036143683053162796 0.036143683053162796 0.038572581235776615 0.13001345088052635 0.17185040856212908 0.21448584512851446 0.2623913746080836 0.35364447969711765 0.4478659917753422
42 2352 0.2127773738087037 0.42239010676556077 0.033229695914097884 0.033229695914097884 0.037501000777468874 0.1172557513884562 0.16279058098035615 0.2028266790400703 0.25672703723842916 0.32159460008835067 0.42239010676556077
43 2408 0.21774815217658441 0.3921898463564559 0.03146287642787395 0.03146287642787395 0.03693144870333226 0.11167802247095085 0.1530069843525057 0.19758275308325615 0.22724110808453743 0.3178823707839027 0.3921898463564559
44 2464 0.1982533247877825 0.385421468895782 0.029785216916638147 0.029785216916638147 0.03491754091069492 0.10614196469730444 0.15116235954141607 0.18242106993590368 0.20309500032578726 0.30388002626243316 0.385421468895782
45 2520 0.18357394513001865 0.3645506329332256 0.02702806378437429 0.02702806378437429 0.03203781040405783 0.10229074344852179 0.14073021934436641 0.1715125926342451 0.1845963447251151 0.29023723632503345 0.3645506329332256
46 2576 0.1936358866200497 0.3282579884302841 0.02796500497241172 0.02796500497241172 0.030851533184071377 0.09341696793803282 0.13512234403012538 0.16192273125961262 0.173772248556024 0.27430721741613656 0.3282579884302841
47 2632 0.2065221402146591 0.35320002982358667 0.025503834522730685 0.025503834522730685 0.029321132492469693 0.08672870717992744 0.12174112006091982 0.15406811081639926 0.15940810149293216 0.29741475514452664 0.35320002982358667
48 2688 0.20345699884847393 0.3911294991653105 0.024083484984767756 0.024083484984767756 0.02731256588198712 0.08173711272892491 0.11095723286024928 0.14087778401440673 0.15260530574992712 0.2773152618862603 0.3911294991653105
49 2744 0.19962846544934718 0.3644729016543873 0.023336781698858784 0.023336781698858784 0.025882028256960787 0.07683133539851157 0.10846159037454224 0.12938450355536918 0.14573989575975102 0.2602568896453326 0.3644729016543873
50 2800 0.1887519495540449 0.3435622543669374 0.022614654790349104 0.022614654790349104 0.026388147040175294 0.0711724497867286 0.09767716554137099 0.12092049915101624 0.13480545667125576 0.24759796681008642 0.3435622543669374
51 2856 0.17425232795172924 0.318229135911679 0.02165620313561017 0.02165620313561017 0.025214331218538322 0.06317224708939541 0.08925371491618483 0.11139422469171259 0.1259413119226003 0.23900978505997567 0.318229135911679
52 2912 0.16855328555659707 0.29533882161114944 0.01935742490296039 0.01935742490296039 0.023780728799972294 0.061126276559288276 0.08117590654357729 0.1039431116816187 0.12095579766027342 0.2267559875713632 0.29533882161114944
53 2968 0.17966722490331866 0.2690679626107601 0.01828237116137898 0.01828237116137898 0.02367443198752623 0.05759864774304685 0.07417044346524243 0.09563591042400062 0.11921492458858089 0.21806117142245338 0.2690679626107601
54 3024 0.17094608723250523 0.28133944490279594 0.018599096652555918 0.018599096652555918 0.022564718861345603 0.05533916559998774 0.06897313542811186 0.09383496679772002 0.11204739086675927 0.21390977644480258 0.28133944490279594
55 3080 0.16373350055860095 0.2817023655031624 0.017766040218041002 0.017766040218041002 0.020969150565969277 0.05234139906554677 0.06738599552488463 0.08672903442422548 0.11308289528152082 0.20070241110319106 0.2817023655031624
56 3136 0.1626274515125848 0.2888947443756543 0.01606321505291238 0.01606321505291238 0.019516814542994115 0.048111595138706297 0.0653142195935824 0.07830153827329164 0.10530873471529983 0.17897930694544537 0.2888947443756543
57 3192 0.16655264852010693 0.31030489473399997 0.014783076663668104 0.014783076663668104 0.018855594615729065 0.04781134517558316 0.06126431172746159 0.07129146513385523 0.10451616669215111 0.174240005842939 0.31030489473399997
58 3248 0.15945269805908927 0.29628501692036974 0.014286575306761456 0.014286575306761456 0.01745427700565779 0.048431703451251425 0.060508696090111606 0.0645306426274014 0.10021885450781286 0.16662755880663133 0.29628501692036974
59 3304 0.15020068474442816 0.2777117921837853 0.013151155039202552 0.013151155039202552 0.0168707399294657 0.04568466528464933 0.05772520603041832 0.06057702808162787 0.09658365759457119 0.15131371437714305 0.2777117921837853
60 3360 0.1655326829246452 0.2581243055367582 0.012708411177811851 0.012708411177811851 0.015610948495100186 0.04190779748409865 0.054735999311163255 0.0597296247533878 0.08891309798779437 0.14364350578403653 0.2581243055367582
61 3416 0.1727816453978495 0.23296075568496932 0.012765040967488171 0.012765040967488171 0.014658390489709286 0.040628126212076426 0.0541063401212227 0.05863322098296096 0.07984042458958876 0.1381356439594581 0.23296075568496932
62 3472 0.17061432357275422 0.21168181316005877 0.013057626538936017 0.013057626538936017 0.014817089845333288 0.038299620731680015 0.05070522524797006 0.05439897578898038 0.07236447906680449 0.12637031450905986 0.21168181316005877
63 3528 0.16553419084799723 0.19208389135585718 0.012677267239901395 0.012677267239901395 0.014018677651420453 0.03609522106726413 0.04790197103579085 0.054209938802808076 0.06788901970589721 0.11613737947208912 0.19208389135585718
64 3584 0.15085312365112516 0.18034469801234107 0.012257682478312125 0.012257682478312125 0.013419365934961694 0.034663292160853176 0.04696306838863418 0.050595511448701676 0.06290832608053867 0.10416465197693626 0.18034469801234107
65 3640 0.15365973223737855 0.16308370049747156 0.011426925400417001 0.011426925400417001 0.012289674132330942 0.03233642671672831 0.04408015325824185 0.04678589893719649 0.058910354050912085 0.1026871195977242 0.16308370049747156
66 3696 0.1461875667562385 0.14895753541332032 0.01093218939880804 0.01093218939880804 0.011803993653799924 0.03006948225385002 0.04233644967139353 0.046270269642251054 0.05643748748934891 0.09293676770479983 0.14895753541332032
67 3752 0.1430551462930193 0.13137018444026508 0.01017237437776128 0.01017237437776128 0.011514334504256254 0.027234113565988132 0.03924679367894662 0.04652841606796881 0.05225839887278405 0.08687625963208463 0.13137018444026508
68 3808 0.12852614711937602 0.11956514069388331 0.009641417151912102 0.009641417151912102 0.011087559566520801 0.026311006248420792 0.03646090518760409 0.04275277367265348 0.05168880336472783 0.08214900381118048 0.11956514069388331
69 3864 0.1268405685929399 0.11203754112383926 0.009393951987768288 0.009393951987768288 0.010475089716934234 0.023753122555349688 0.03282044424862452 0.04359177160649435 0.050313860015382475 0.07479748739837545 0.11203754112383926
70 3920 0.1252159202726672 0.10221162124849142 0.008808660345513624 0.008808660345513624 0.009632975532930582 0.02214215724369101 0.030730521890493516 0.03960568152272503 0.047152528314562556 0.07349541386013121 0.10221162124849142
71 3976 0.12745907931342526 0.09099037899534211 0.008202336297274253 0.008202336297274253 0.0088953470712322 0.02001261641303168 0.029461631887774006 0.039556331358167045 0.04413666104527142 0.07039153151703044 0.09099037899534211
72 4032 0.15295706688708438 0.07921988019825835 0.00784391348761585 0.00784391348761585 0.008286443378536333 0.018456638035823338 0.026978691963845423 0.03991385210633724 0.04161078775233822 0.06665194790128189 0.07921988019825835
73 4088 0.1679942892007023 0.08071649435872333 0.007741721071747296 0.007741721071747296 0.008203280209668887 0.016274391810087097 0.02601700025593954 0.035681836588611626 0.04232829600079913 0.06128414341106649 0.08071649435872333
74 4144 0.15975501241310755 0.07833503097150683 0.00744352435615634 0.00744352435615634 0.008214036417797452 0.016669275936731728 0.023701412453140037 0.03508875947000923 0.03839041849938826 0.05469755418190928 0.07833503097150683
75 4200 0.15405243373783756 0.06997636583476605 0.006769237961351555 0.006769237961351555 0.00815158263007945 0.01515951014882965 0.023445023499706 0.033797981893820724 0.038097166692476 0.04992465060924908 0.06997636583476605
76 4256 0.13123155168880735 0.06500023681272525 0.0065633182730684345 0.0065633182730684345 0.008127224150377043 0.014199582675215242 0.021686080920636116 0.031522900185647795 0.03684624852868424 0.044592231920934346 0.06500023681272525
77 4312 0.12268036925820885 0.05953526917641525 0.006109416864992268 0.006109416864992268 0.00759787608354997 0.013342930478551783 0.02032385171380607 0.029271235619677656 0.034850991503508726 0.041538452308398095 0.05953526917641525
78 4368 0.13089399467607574 0.05554845481772471 0.005848911570032273 0.005848911570032273 0.007343571014315964 0.012701797146374606 0.019605969816713417 0.02793258717419061 0.03199364269575718 0.0393747320095139 0.05554845481772471
79 4424 0.12674038928027082 0.0535989734360907 0.005731522214661367 0.005731522214661367 0.007218052924007752 0.01153658827495666 0.01846912982539173 0.026541100626012483 0.02934036795863308 0.03747418390701419 0.0535989734360907
80 4480 0.11706027114412416 0.048731985086263765 0.005388423572700056 0.005388423572700056 0.00669511392863873 0.010596891968776079 0.01685338382251837 0.024778032260154025 0.02690730111113129 0.03604088197840453 0.048731985086263765
81 4536 0.12162746538409351 0.04574485310021735 0.005091722524744979 0.005091722524744979 0.006176915697224441 0.009953266388453336 0.01722633197398529 0.022934505465596534 0.02567076343034373 0.034058525886424364 0.04574485310021735
82 4592 0.11392913841328921 0.044849959302836084 0.004908648642312648 0.004908648642312648 0.0059533003217802525 0.009272928225950706 0.016031414453086725 0.02148499642837564 0.02512149006585696 0.032819042841298794 0.044849959302836084
83 4648 0.10533718793817062 0.04130847448438781 0.004601684000488188 0.004601684000488188 0.005653057700133727 0.008685570414803494 0.014983314537698482 0.019303667769658743 0.023113799496231494 0.031278263935512515 0.04130847448438781
84 4704 0.0919314253110533 0.037003512536604735 0.004395551256461159 0.004395551256461159 0.005651173919481487 0.008107015605188068 0.014195345818609949 0.017190377147386585 0.022413688656564203 0.028413227657069492 0.037003512536604735
85 4760 0.08214841101147688 0.035979779712538774 0.004029403060560833 0.004029403060560833 0.005806130251050893 0.007924277226810899 0.013087046167142706 0.01614021501970594 0.020710745417598125 0.02514956926986472 0.035979779712538774
86 4816 0.0721662315888759 0.035817947998296226 0.003578538294820582 0.003578538294820582 0.005507052421865091 0.007483662857297094 0.012163939253173422 0.014732639646288534 0.018517322196358186 0.02402976533087655 0.035817947998296226
87 4872 0.06766053026252458 0.033793794787311454 0.003263626684104584 0.003263626684104584 0.005073485376107053 0.007086492207773449 0.011844428734468252 0.013060857052616948 0.017096921602919105 0.021880801004031468 0.033793794787311454
88 4928 0.06423203964097131 0.03337577683039167 0.0033914706218478165 0.0033914706218478165 0.004821569033567936 0.006813535394036202 0.011165391128322362 0.011853586365685623 0.01600336996987583 0.019944583549010554 0.03337577683039167
89 4984 0.06152829982635676 0.031877642827733935 0.003125317845931863 0.003125317845931863 0.004463113007702085 0.006377109591017799 0.010043556959566357 0.011568546501586075 0.014354377645271046 0.019422361197283338 0.031877642827733935
90 5040 0.05531771209957543 0.031122205521171706 0.0029105262696992235 0.0029105262696992235 0.004530385840521146 0.005901460742958044 0.009014974249658607 0.01071907410051873 0.013157796708756105 0.017395432416719158 0.031122205521171706
91 5096 0.05479105479221168 0.030905141893047616 0.002681844297322049 0.002681844297322049 0.004158706076144212 0.005473370445018328 0.00819757314052465 0.010030606833642127 0.012791232084963106 0.015510921920349278 0.030905141893047616
92 5152 0.05924062602224346 0.029765283517127632 0.002467286454134949 0.002467286454134949 0.0038693057807501906 0.005354066957912002 0.008232568219353946 0.009476492273827748 0.012231627486559002 0.014985767277006337 0.029765283517127632
93 5208 0.060470737192642614 0.02740385299157029 0.0022267753346351207 0.0022267753346351207 0.0037970376621894886 0.005091031996858276 0.007886252998058278 0.008781814001010302 0.012134433778301305 0.013986865663068485 0.02740385299157029
94 5264 0.061632261334403374 0.027702644444614455 0.0020891082997941133 0.0020891082997941133 0.0033291182176475886 0.004835404406297012 0.0073086483299269365 0.008130164008665938 0.0111897248967124 0.013849330706718446 0.027702644444614455
95 5320 0.058666258983273024 0.02708313402364285 0.0018585828645224503 0.0018585828645224503 0.00302969425908721 0.004817940548035904 0.007210070785969589 0.007914912146551744 0.010488788944769694 0.013238962781632477 0.02708313402364285
96 5376 0.05904606189727014 0.02602386358106137 0.0016527267880100608 0.0016527267880100608 0.002710250977927272 0.004499898137626233 0.006719398203073675 0.007279351149072659 0.010312296761009424 0.012443121899572827 0.02602386358106137
97 5432 0.05568013290245286 0.027956036861661766 0.0015013608057196496 0.0015013608057196496 0.0025047462972858244 0.004439008702212079 0.0061767424925488635 0.006788955965885403 0.009886961335220386 0.011691963000545124 0.027956036861661766
98 5488 0.05527850310938264 0.027928106985154764 0.0013495030991447538 0.0013495030991447538 0.002382023752518258 0.004098011454588999 0.005563810235575675 0.006390359977443875 0.009045297614313387 0.010754110251005644 0.027928106985154764
99 5544 0.04969952882393616 0.02789283949635578 0.0011866385474553843 0.0011866385474553843 0.002225159843982837 0.0037790906837986867 0.005344044142134376 0.005781747769551038 0.00864663047116991 0.010247595733099581 0.02789283949635578
100 5600 0.04498666515244788 0.02599745490793884 0.001010151890545409 0.001010151890545409 0.002107616110914615 0.003640035285541824 0.004989708070043177 0.005379769779186049 0.008011514452027796 0.009662987396282784 0.02599745490793884
101 5656 0.037941003273606805 0.024923523567303686 0.0008883400647290662 0.0008883400647290662 0.002011584218354953 0.0035210850953772055 0.004714886129561611 0.0048829168015604016 0.007547880200294715 0.009171091795146389 0.024923523567303686
102 5712 0.038120834009572634 0.02287590468928927 0.0008541554193274298 0.0008541554193274298 0.0019072997019559477 0.0033636284073496263 0.0043061481965821265 0.004332006609351266 0.0070652880527503825 0.008863863698201364 0.02287590468928927
103 5768 0.034037156913891586 0.023627913778307957 0.0007629375067858197 0.0007629375067858197 0.001761716539544594 0.0031159270614928695 0.003942610333718284 0.004106956673895732 0.00683401140710418 0.0085025182495382 0.023627913778307957
104 5824 0.03174417944846391 0.02144052893485083 0.0006836434237240685 0.0006836434237240685 0.0016375658208611912 0.0030104160534959175 0.0037723190128351428 0.003827880322764712 0.00622581125438012 0.008344916100538568 0.02144052893485083
105 5880 0.028900172524639303 0.01972161399709141 0.0006256748177226084 0.0006256748177226084 0.0014284975407851373 0.0028835916474318182 0.003485632826449677 0.0037647801665023715 0.0058478647036593456 0.00797584183517701 0.01972161399709141
106 5936 0.03247318769816445 0.01839345181282661 0.0005617742357236314 0.0005617742357236314 0.0013074601039865473 0.002669788274910944 0.003332530397903295 0.0035998295701994035 0.005707849634731898 0.007355434043850756 0.01839345181282661
107 5992 0.03284181279195176 0.019980907539705058 0.0004990241705330462 0.0004990241705330462 0.001292288022550736 0.002361771982839991 0.003205833973980338 0.003470818356016634 0.005378121636688903 0.007233296593177024 0.019980907539705058
108 6048 0.02926160892529656 0.01948187148911288 0.0004524642782714441 0.0004524642782714441 0.0011876291380822576 0.0021377716450475606 0.0030546144187143525 0.003199553188714879 0.005252574911963204 0.006966422701885769 0.01948187148911288
109 6104 0.027117560132933594 0.017716039249627315 0.0004228928065566873 0.0004228928065566873 0.0010506348123195672 0.0019569162913932047 0.002882066587926193 0.0032397425791843492 0.005091676799125465 0.006519135462405092 0.017716039249627315
110 6160 0.02521423306122403 0.015700820090880183 0.00037457137748472775 0.00037457137748472775 0.0009301335099944779 0.0018723429942526482 0.0027507349325559256 0.0031294308745627923 0.0050161972581027146 0.006027111803537584 0.015700820090880183
111 6216 0.023539474770112992 0.014292923448649486 0.00033663999583955623 0.00033663999583955623 0.0008336827195225593 0.0016919005918538703 0.0025578441826428397 0.003011524762199367 0.0047370107980444385 0.005810496916639575 0.014292923448649486
112 6272 0.021597672785257274 0.014059565905866479 0.0002949163759454235 0.0002949163759454235 0.0007519021215448482 0.0014593211290388963 0.0024663397052237966 0.002994200210131456 0.004615834990738735 0.0059773537163306184 0.014059565905866479
113 6328 0.022025170882373903 0.014539046880113338 0.00025075282725566065 0.00025075282725566065 0.0006691949325768056 0.0013509685743130192 0.0024545368708828383 0.0031894310673125947 0.004278198872265368 0.006050361883045222 0.014539046880113338
114 6384 0.02160423926022341 0.014220488918836907 0.00022574600275451843 0.00022574600275451843 0.0006148235855112822 0.001228178202437294 0.0023240349138771922 0.0031528383010698507 0.004120400307673473 0.005991223123839112 0.014220488918836907
115 6440 0.019462123043824553 0.013163059393286682 0.00020496734682636387 0.00020496734682636387 0.0005477290631523084 0.0010784184130394304 0.0023283556824444077 0.0029991040823576553 0.00384607969597001 0.005654425210331946 0.013163059393286682
116 6496 0.01835592940464689 0.013272063840292126 0.00017997711533959942 0.00017997711533959942 0.00048803636790510147 0.0009382404117563935 0.0024018535158616284 0.0028535288727787023 0.003506995650806737 0.005508631179987201 0.013272063840292126
117 6552 0.01896671028387074 0.01301310678425763 0.00016689575389005555 0.00016689575389005555 0.00043668324482617284 0.0008457706857124191 0.0023407250934427385 0.0028244836327652816 0.003306458095500822 0.005433306737542112 0.01301310678425763
118 6608 0.021674993255821506 0.011712837557231667 0.00014806143226257502 0.00014806143226257502 0.0003881843144304957 0.0007745189891208227 0.002311047334335188 0.002620494460350421 0.003245633508657619 0.0053658631692449525 0.011712837557231667
119 6664 0.019264714148180588 0.012399350358926217 0.0001388025817510719 0.0001388025817510719 0.00033771164614124314 0.0006931494950528935 0.0022128132287193816 0.0026004640562965167 0.0032227085367302136 0.005691072475853028 0.012399350358926217
120 6720 0.018417076229101 0.011553625706689588 0.00012818347315572343 0.00012818347315572343 0.0003078290050335687 0.0006272053937609978 0.0021058273919677423 0.0024144208508024116 0.0030670121475831103 0.005295181857506484 0.011553625706689588
