% # columns="iteration, evaluation, sigma, axis ratio, bestever, best, median, worst objective function value, further objective values of best", seed=323611, Fri Mar 28 15:10:01 2025, <python>{}</python>
1 56 0.45119434292545235 1.0000437509570452 21.7602636406685 2.1760263640668501e+01 150.8756948917645 13284.897658558586   
2 112 0.4202078026432557 1.236212092870228 21.399598316545912 2.1399598316545912e+01 27.162699667057105 4004.526247124179   
3 168 0.4120288640157102 1.30220770254553 21.02633799683871 2.1026337996838709e+01 25.37430043159873 1788.651475744943   
4 224 0.4536409341165922 1.4558073509682141 21.02633799683871 2.1080980145602734e+01 24.318969903305877 311.6809132029322   
5 280 0.4563516791365414 1.6136103504307415 20.48650732883482 2.0486507328834819e+01 24.844285462478126 1388.1097894299605   
6 336 0.42354291577708947 1.772932579640236 20.48650732883482 2.1209586816835728e+01 24.751519587510572 7770.02652626109   
7 392 0.3913825077372148 1.875901968830501 20.48650732883482 2.0870442939496545e+01 23.934910053953352 1101.241746932949   
8 448 0.3878069862464399 2.0846414716351127 20.340474064522883 2.0340474064522883e+01 23.04297132854682 138.71173143394967   
9 504 0.3858504854670479 2.4818217864089642 20.340474064522883 2.0414137318749528e+01 23.78013559487724 193.00533523550803   
10 560 0.34920477358642427 2.700257277948725 20.340474064522883 2.0860627522849210e+01 22.713609034150867 91.37062494843818   
11 616 0.3725051734641276 2.9511750499051885 20.340474064522883 2.0342148620763314e+01 22.178927447450032 110.15512780720304   
12 672 0.3501492254056334 3.410353953223412 20.32103889536563 2.0321038895365628e+01 22.48817043306659 321.98236216424607   
13 728 0.3087459728685173 3.4973026487124823 20.274927416768058 2.0274927416768058e+01 22.42939927667043 275.26800561568393   
14 784 0.30078001287913547 4.314474811018464 20.10087809797707 2.0100878097977070e+01 21.644673841122735 23.54614051076604   
15 840 0.32495342408194006 4.734233187463772 19.91095806182787 1.9910958061827870e+01 21.528218999867374 25.245397512423047   
16 896 0.3278866788210439 6.448144221224671 19.73965460804958 1.9739654608049580e+01 21.6278031943369 390.09214351117777   
17 952 0.3327399242133409 7.004577802346259 19.720546309816108 1.9720546309816108e+01 21.47496080286551 328.9242729404426   
18 1008 0.3508321111708284 7.608414818762057 19.694454194589966 1.9694454194589966e+01 21.136363806119235 671.2670231574107   
19 1064 0.3564639415741867 8.849363162279479 19.52977118652343 1.9529771186523430e+01 21.2723424250197 207.05035977454008   
20 1120 0.3221414409985264 9.33697971731567 19.52977118652343 1.9762412995241061e+01 21.019903019647526 1558.526047851298   
21 1176 0.32067462305761035 9.4574286407412 19.52977118652343 1.9627363749675300e+01 20.793413129822515 191.73107359295827   
22 1232 0.3299659239931586 10.174628349867257 19.42427389484112 1.9424273894841122e+01 20.48560336898879 213.95242727388947   
23 1288 0.31513577004419324 11.952865280359893 19.416934178257165 1.9416934178257165e+01 20.969679843085387 634.560516579037   
24 1344 0.34854154393974407 11.745352407337581 18.700572015714368 1.8700572015714368e+01 20.461919440574096 347.44248441809395   
25 1400 0.35479043819360195 11.459970304241578 18.700572015714368 1.9455051427013967e+01 20.643830111090995 522.963967563448   
26 1456 0.34916275062019686 10.79558457349534 18.700572015714368 1.9239027561804267e+01 20.174303989685466 609.0017194987951   
27 1512 0.31330799647990093 10.492245496391664 18.700572015714368 1.9237944006392155e+01 20.030363219592406 306.280819614278   
28 1568 0.31511139906200397 10.319263978485694 18.700572015714368 1.9011867221519076e+01 19.771575448063217 29.115100676293693   
29 1624 0.3011008090669329 10.328872130426934 18.700572015714368 1.9141104544356988e+01 19.746671500968354 105.60768539333553   
30 1680 0.30816374926612294 9.173240441728128 18.700572015714368 1.9011745143695997e+01 19.612768448965127 75.45470416792739   
31 1736 0.3094135923644349 9.489429855491387 18.700572015714368 1.8961105197518730e+01 19.5602687857636 118.77443712295697   
32 1792 0.308186172712316 10.251938986686213 18.700572015714368 1.8918859945629208e+01 19.5151402946852 36.15013708479624   
33 1848 0.2862622670618532 9.75975493045373 18.700572015714368 1.8985115514881198e+01 19.5043181790794 113.68558310757105   
34 1904 0.23548853830228378 9.864213299381603 18.700572015714368 1.9024865319857192e+01 19.29165870056487 33.48860908840839   
35 1960 0.25976230891443125 10.227620395987032 18.700572015714368 1.8971596703315583e+01 19.217149468020985 36.95514856126985   
36 2016 0.2653675906742969 10.117813535685473 18.700572015714368 1.8860196066309307e+01 19.18300076520737 22.581827000510145   
37 2072 0.2274431874783841 11.047517009869399 18.700572015714368 1.8885499757542412e+01 19.15250658880358 72.32127516801698   
38 2128 0.22936571965788854 10.883357129481146 18.700572015714368 1.8820999516875013e+01 19.082071880172233 24.44319835836899   
39 2184 0.24447652492163396 11.080135572580701 18.700572015714368 1.8835772429782949e+01 19.057360628328404 25.26147019505718   
40 2240 0.2466626014719403 11.616309981449819 18.700572015714368 1.8802841627037029e+01 19.045254415514428 55.428752670004926   
41 2296 0.2280071404775132 12.39126602334875 18.700572015714368 1.8767083585361526e+01 19.038301706493307 28.24017277107889   
42 2352 0.2127773738087037 12.711223956351626 18.700572015714368 1.8768959516657056e+01 18.94228400060698 22.829964115190325   
43 2408 0.21774815217658441 12.465161831452974 18.700572015714368 1.8786017804351420e+01 18.905637061292776 26.421351285990657   
44 2464 0.1982533247877825 12.940025582975826 18.700572015714368 1.8770413568763900e+01 18.907680468680375 22.80600898245926   
45 2520 0.18357394513001865 13.487856024077571 18.700572015714368 1.8781482505163368e+01 18.866711582452854 19.351765118639022   
46 2576 0.1936358866200497 11.738170215028392 18.700572015714368 1.8734431741345851e+01 18.84345144942276 19.551246643871362   
47 2632 0.2065221402146591 13.848899055112348 18.700572015714368 1.8732732905405769e+01 18.814158647016466 20.250853019328748   
48 2688 0.20345699884847393 16.24056897964272 18.700572015714368 1.8743027427370158e+01 18.853485629673347 22.48033860754356   
49 2744 0.19962846544934718 15.617959080973481 18.700572015714368 1.8745867122858325e+01 18.832841351396542 21.820264731358293   
50 2800 0.1887519495540449 15.19201851860918 18.700572015714368 1.8739078964567625e+01 18.816413840889005 25.18508094623384   
51 2856 0.17425232795172924 14.6945950737044 18.700572015714368 1.8727300707955038e+01 18.80390371430113 29.067166399172862   
52 2912 0.16855328555659707 15.257133791901339 18.700572015714368 1.8741706045821516e+01 18.782851217980117 19.36303580057835   
53 2968 0.17966722490331866 14.71734493494799 18.700572015714368 1.8738424262076350e+01 18.779146381189673 19.299497738719317   
54 3024 0.17094608723250523 15.126511257961221 18.700572015714368 1.8729285638444825e+01 18.769434103004315 19.531492908840068   
55 3080 0.16373350055860095 15.856226938915752 18.700572015714368 1.8731013516228984e+01 18.767130692116627 22.856875350698765   
56 3136 0.1626274515125848 17.984864388855677 18.700572015714368 1.8725116659023286e+01 18.756397865324335 19.059870761579965   
57 3192 0.16655264852010693 20.990548976629906 18.700572015714368 1.8727920987476740e+01 18.756239310639206 19.127497645213662   
58 3248 0.15945269805908927 20.73870123234824 18.700572015714368 1.8728359648020806e+01 18.755129030819077 18.94812440176191   
59 3304 0.15020068474442816 21.11691264804866 18.700572015714368 1.8727846948040117e+01 18.752975528815877 19.00037116236831   
60 3360 0.1655326829246452 20.31129634736939 18.700572015714368 1.8726348474723899e+01 18.742203392875425 18.921537942670536   
61 3416 0.1727816453978495 18.249902705232756 18.700572015714368 1.8720447218555694e+01 18.745416874361464 18.97830310429552   
62 3472 0.17061432357275422 16.21135453130423 18.700572015714368 1.8721937953442279e+01 18.749694317620005 19.211883815836824   
63 3528 0.16553419084799723 15.151837357445439 18.700572015714368 1.8726748431151396e+01 18.74228516136405 18.96059778010623   
64 3584 0.15085312365112516 14.712789169684417 18.700572015714368 1.8725032666629367e+01 18.737462123618908 18.77943485421961   
65 3640 0.15365973223737855 14.271879336109096 18.700572015714368 1.8719909984637315e+01 18.73474622193598 18.8216623196776   
66 3696 0.1461875667562385 13.625590444816249 18.700572015714368 1.8720461302422166e+01 18.731740010411617 18.764803739860085   
67 3752 0.1430551462930193 12.91440715428887 18.700572015714368 1.8719980284664906e+01 18.73171601231293 18.778124256438474   
68 3808 0.12852614711937602 12.401199824672139 18.700572015714368 1.8721514649869864e+01 18.730005464429947 18.758818071573327   
69 3864 0.1268405685929399 11.926560969198215 18.700572015714368 1.8719568020135227e+01 18.72599717650863 18.75041674985389   
70 3920 0.1252159202726672 11.603537568632586 18.700572015714368 1.8718299325180563e+01 18.726045737489084 18.749004677014074   
71 3976 0.12745907931342526 11.093227063316027 18.700572015714368 1.8716574926130225e+01 18.72403608844496 18.764623384970776   
72 4032 0.15295706688708438 10.099535177603949 18.700572015714368 1.8715614779570579e+01 18.724552232721297 18.760441755143717   
73 4088 0.1679942892007023 10.426169273043278 18.700572015714368 1.8716370816662579e+01 18.726075296471056 18.791106103289962   
74 4144 0.15975501241310755 10.523916793087139 18.700572015714368 1.8717185414849876e+01 18.725690141379935 18.761928116373326   
75 4200 0.15405243373783756 10.337406696926706 18.700572015714368 1.8716942346625103e+01 18.723600325341664 18.746794004157106   
76 4256 0.13123155168880735 9.903563122855662 18.700572015714368 1.8716268907088470e+01 18.722546445927794 18.7518440528667   
77 4312 0.12268036925820885 9.744836617314474 18.700572015714368 1.8715588183129505e+01 18.72033862711234 18.7338916768201   
78 4368 0.13089399467607574 9.497229382358093 18.700572015714368 1.8714478543431021e+01 18.71890174775264 18.735621471996094   
79 4424 0.12674038928027082 9.351612264362036 18.700572015714368 1.8713847075094417e+01 18.7190252872387 18.731644923372972   
80 4480 0.11706027114412416 9.043829689477237 18.700572015714368 1.8715135992928921e+01 18.717984355983468 18.732926570263498   
81 4536 0.12162746538409351 8.984160640707438 18.700572015714368 1.8714116063138043e+01 18.717271094689593 18.7394757546662   
82 4592 0.11392913841328921 9.136925979225433 18.700572015714368 1.8713831179728739e+01 18.717035768790304 18.731328557983193   
83 4648 0.10533718793817062 8.976816852266571 18.700572015714368 1.8713490055731469e+01 18.715857053885482 18.73249281477428   
84 4704 0.0919314253110533 8.418400873431315 18.700572015714368 1.8713870848757917e+01 18.715830647619857 18.722048879755636   
85 4760 0.08214841101147688 8.929307684481413 18.700572015714368 1.8713037248425323e+01 18.714929219862668 18.717266519075622   
86 4816 0.0721662315888759 10.009100098254514 18.700572015714368 1.8713001694705433e+01 18.714166929068153 18.71639203537347   
87 4872 0.06766053026252458 10.354675353006312 18.700572015714368 1.8713121362671789e+01 18.714151045051068 18.71618208721016   
88 4928 0.06423203964097131 9.841092715173554 18.700572015714368 1.8712978357551531e+01 18.713727861542573 18.717682608732947   
89 4984 0.06152829982635676 10.199808275253716 18.700572015714368 1.8712863390671071e+01 18.713570879244266 18.71476622085772   
90 5040 0.05531771209957543 10.69298217479683 18.700572015714368 1.8712920706073099e+01 18.713390637334456 18.714240379316017   
91 5096 0.05479105479221168 11.523838995391303 18.700572015714368 1.8712773097073537e+01 18.71328375105029 18.714108623412677   
92 5152 0.05924062602224346 12.063975574155045 18.700572015714368 1.8712751404373712e+01 18.713117050047746 18.71375272106125   
93 5208 0.060470737192642614 12.306519012193336 18.700572015714368 1.8712762945011406e+01 18.71310247589167 18.713823292926694   
94 5264 0.061632261334403374 13.26051140926711 18.700572015714368 1.8712785141592192e+01 18.71306860426141 18.713668488681506   
95 5320 0.058666258983273024 14.571927106732295 18.700572015714368 1.8712733985806135e+01 18.712932030062856 18.713634510119004   
96 5376 0.05904606189727014 15.74601668579172 18.700572015714368 1.8712626259069442e+01 18.712969530830854 18.713526701144673   
97 5432 0.05568013290245286 18.62046535060675 18.700572015714368 1.8712607744344595e+01 18.712913009127227 18.71331575549115   
98 5488 0.05527850310938264 20.695104000023544 18.700572015714368 1.8712625327475987e+01 18.712814916771173 18.713121144624658   
99 5544 0.04969952882393616 23.505758814399634 18.700572015714368 1.8712605089144962e+01 18.712779872847683 18.713130585071337   
100 5600 0.04498666515244788 25.73618398506594 18.700572015714368 1.8712562675714288e+01 18.71269709089638 18.71301913515592   
101 5656 0.037941003273606805 28.0562867272063 18.700572015714368 1.8712584008082899e+01 18.712679838510464 18.712877875684487   
102 5712 0.038120834009572634 26.781899607101924 18.700572015714368 1.8712543326776078e+01 18.7126299973915 18.712940179418812   
103 5768 0.034037156913891586 30.969658154374955 18.700572015714368 1.8712537564750214e+01 18.712621860342953 18.712759905410664   
104 5824 0.03174417944846391 31.3621519505827 18.700572015714368 1.8712528398694410e+01 18.712587778739575 18.712732818583508   
105 5880 0.028900172524639303 31.52054939477354 18.700572015714368 1.8712529351802807e+01 18.71257674777083 18.712791577604957   
106 5936 0.03247318769816445 32.741714808500745 18.700572015714368 1.8712516307670910e+01 18.71256020920917 18.71260864566044   
107 5992 0.03284181279195176 40.039959423933134 18.700572015714368 1.8712521478468638e+01 18.712570820906954 18.71271835461425   
108 6048 0.02926160892529656 43.057258715626695 18.700572015714368 1.8712515470713729e+01 18.712566821100083 18.71294647964629   
109 6104 0.027117560132933594 41.89250555921325 18.700572015714368 1.8712518557523655e+01 18.71254371561277 18.712794102015746   
110 6160 0.02521423306122403 41.91676415937666 18.700572015714368 1.8712510611223706e+01 18.71253436558431 18.712689469514704   
111 6216 0.023539474770112992 42.45759156752587 18.700572015714368 1.8712514839275148e+01 18.712532937072886 18.71256556112753   
112 6272 0.021597672785257274 47.673059391141805 18.700572015714368 1.8712512067260100e+01 18.71252803834692 18.71255822777959   
113 6328 0.022025170882373903 57.981587044239895 18.700572015714368 1.8712507275397311e+01 18.712525522892474 18.71255478535998   
114 6384 0.02160423926022341 62.99331436800945 18.700572015714368 1.8712505821537714e+01 18.712519490318865 18.71255708850877   
115 6440 0.019462123043824553 64.2202750686803 18.700572015714368 1.8712502876229561e+01 18.712517247876157 18.71257398487266   
116 6496 0.01835592940464689 73.74306347364788 18.700572015714368 1.8712502384302951e+01 18.712515546007793 18.712539955764033   
117 6552 0.01896671028387074 77.97146710413112 18.700572015714368 1.8712502942665203e+01 18.71251156400552 18.71254181283134   
118 6608 0.021674993255821506 79.10795794856215 18.700572015714368 1.8712502317732039e+01 18.712509160731525 18.712522362461844   
119 6664 0.019264714148180588 89.33083378206302 18.700572015714368 1.8712502777156910e+01 18.712509507633797 18.712525782988866   
120 6720 0.018417076229101 90.13350490709274 18.700572015714368 1.8712499633263015e+01 18.71250749835161 18.71252190047184   
