% # columns="iter, evals, sigma, 0, fitness, xbest" seed=323611, Fri Mar 28 15:10:01 2025, <python>{}</python>
1 56 0.45119434292545235 0 21.7602636406685 0.14750101372781702 0.034661416107916 -0.21394093916140178 -0.23652750048236038 0.3582689311259705 -0.15571458955259013 0.05588103896694057 0.0032413037020053025
2 112 0.4202078026432557 0 21.399598316545912 0.2089094064671795 -0.1034463904596686 0.19809129253401608 -0.4462985129798115 -0.12697600969911438 -0.31573488560791785 0.14811729628421932 -0.31841403967824217
3 168 0.4120288640157102 0 21.02633799683871 0.2358613288543524 0.17241309066335386 0.4280726462107269 -0.3468258723268858 -0.03314268781360085 -0.06880797631508152 0.0727283871073521 -0.138625799701955
4 224 0.4536409341165922 0 21.080980145602734 0.4287952618173526 -0.0014134599200322229 0.16388528150299156 -0.2230085173855032 -0.2022878739529257 -0.008118548162116185 0.17790326958578973 0.8890524102616952
5 280 0.4563516791365414 0 20.48650732883482 0.6113621208565135 0.03858862106610203 0.09881675162713423 -0.3524256064661673 0.0074896785032047344 -0.24099656507762784 0.6498751235334931 0.331798676961552
6 336 0.42354291577708947 0 21.209586816835728 0.8547691083145754 -0.10318699156983185 0.17436860380302427 0.08218431863478179 0.4944167780066613 -0.24310658626860843 0.2494097493013926 -0.28218462389588755
7 392 0.3913825077372148 0 20.870442939496545 0.2227497662532747 0.06925097554051554 0.2413459458058972 -0.06536021229891668 -0.5005786809204892 -0.24453758304907808 0.5128326774486864 -0.2919357190389286
8 448 0.3878069862464399 0 20.340474064522883 -0.3033146137742963 0.018634308449238392 0.7864466757575709 -0.38889489739502464 -0.40707379713829683 -0.23162467138631382 0.4390224307775135 -0.31670432800716686
9 504 0.3858504854670479 0 20.41413731874953 0.3935894304005985 0.12894966703884223 0.04119342227615194 0.13634399631778113 0.04560359350841944 -0.11156643448845775 -0.13928543712233238 0.10123368524126117
10 560 0.34920477358642427 0 20.86062752284921 0.29112691398675217 0.185402361388359 0.4374586303606345 -0.1585138294543705 0.006279702980846208 -0.1254287973890856 0.18533424305704496 -0.11835866394457739
11 616 0.3725051734641276 0 20.342148620763314 0.5565363438802036 0.026624725785093784 -0.11770409695764708 0.453383839742966 0.09402612462930399 -0.16945725121575916 -0.0028723687360469874 -0.12169961629333251
12 672 0.3501492254056334 0 20.32103889536563 0.24761822631578617 0.15356026326663536 0.33552519493747757 0.41909348432702076 -0.04801688700321575 -0.1446768374906206 0.10921893080386325 -0.45027719885801887
13 728 0.3087459728685173 0 20.274927416768058 0.6771496316923258 0.06076823687294857 0.024167110514171197 0.5638984628634124 -0.022919909399748514 -0.1725395344869372 -0.2639033140154753 -0.4502990864311507
14 784 0.30078001287913547 0 20.10087809797707 0.28449108292205383 0.13692160200937392 0.07964975173376468 0.41264504344615777 -0.019433175556643423 -0.09547414419074368 -0.09778432174264429 -0.12667353732440925
15 840 0.32495342408194006 0 19.91095806182787 0.5570162752585279 0.0801654245389409 0.0125993733796676 0.6117520810419131 0.13747236090065146 -0.11539979488803749 0.09323561214575293 -0.2002662019157419
16 896 0.3278866788210439 0 19.73965460804958 0.4593761502809424 0.13863203399549767 0.30688161282706494 0.24646746353077326 -0.3689338569667067 -0.12864199234102638 0.20670922500923228 -0.05455706574243438
17 952 0.3327399242133409 0 19.720546309816108 0.44222411508861204 0.03354532486993349 0.2175874775502814 0.8778445441533914 -0.15537801574251245 -0.15307656932350866 0.12132956144056561 -0.17892274464700936
18 1008 0.3508321111708284 0 19.694454194589966 0.4352648975072199 0.12471933126920956 -0.00182872843752524 0.699193749317859 0.044245528846390506 -0.11446228976205493 -0.1143296001577663 -0.1212501420792943
19 1064 0.3564639415741867 0 19.52977118652343 0.7920905875389279 0.10077739143948071 -0.22991632672203674 0.6865813760382224 0.3157141677139499 -0.07601422417816511 -0.03780189604692069 -0.23809381934268584
20 1120 0.3221414409985264 0 19.76241299524106 0.6156905163291424 0.06767573559755836 0.006670042301173532 0.5905032216185688 0.23726298648999924 -0.091569752545291 -0.2116121805014594 -0.3312211536305767
21 1176 0.32067462305761035 0 19.6273637496753 0.6842625598643797 0.07225124144750611 0.06271612782571771 0.5248207310269692 0.12286853838888177 -0.13183075743370065 0.3691002243242071 -0.25158377355111233
22 1232 0.3299659239931586 0 19.42427389484112 0.7379445962491736 0.07690630901239473 -0.1893356169751978 0.8346867622301397 0.21441348036591446 -0.09758252259053558 -0.08745046665103222 -0.14901776806194986
23 1288 0.31513577004419324 0 19.416934178257165 0.6788958760709245 0.04398335938847517 -0.23580985356725606 0.8987219205365717 0.2442082172403643 -0.16969333856103824 0.07049127520455567 -0.05522521041173842
24 1344 0.34854154393974407 0 18.700572015714368 0.8223688525171804 0.09262772807167025 0.022053613805249582 0.8837378753525262 0.14616743266996923 -0.12762704375294404 0.151290010698873 -0.1535422039397724
25 1400 0.35479043819360195 0 19.455051427013967 0.5535857814884053 0.0452115345440762 0.13049095337996391 0.7883154008950358 0.1933924349091209 -0.16256974242653568 0.4225201511829001 -0.2473633160304887
26 1456 0.34916275062019686 0 19.239027561804267 0.7545322241965231 0.10180453928605394 -0.03311106045906209 0.7227093093535962 0.25286129470314384 -0.07411579776173893 0.38073109939726524 -0.38891675554521066
27 1512 0.31330799647990093 0 19.237944006392155 0.5960153832776524 0.08603988508085184 -0.12280617358915383 0.8057918225907404 0.2766600688538901 -0.1013463617777826 0.23982272044768813 -0.39705224241245396
28 1568 0.31511139906200397 0 19.011867221519076 0.5862745597787978 0.06913035391171615 -0.01173768009308214 0.9228471492850823 0.2057826780473162 -0.08373039016870544 0.277935025586433 -0.5112602499427901
29 1624 0.3011008090669329 0 19.14110454435699 0.6689181471725585 0.06356573553250192 -0.0515787173198608 0.6985167610023354 0.26102686154646015 -0.08596748953790571 0.4142593571002897 -0.39519041460021354
30 1680 0.30816374926612294 0 19.011745143695997 0.7341223166498202 0.07713961512974021 0.07384209176561841 0.8625625433676194 -0.07687098740891063 -0.13958678663974605 0.5082945816500616 -0.3860056377396875
31 1736 0.3094135923644349 0 18.96110519751873 0.6025172226918623 0.08866448463695713 0.06693187655523211 0.976297304025444 0.16106738933971415 -0.09567771615332339 0.06800584337395627 -0.28982318502814053
32 1792 0.308186172712316 0 18.918859945629208 0.6534070545121088 0.07275359849179486 -0.10169743427777947 0.9289503231743501 0.30716816747022924 -0.07650602623312062 0.27297922427371524 -0.3943078211449964
33 1848 0.2862622670618532 0 18.985115514881198 0.6033748043090271 0.07126038296127545 -0.07055102109110216 0.8848892789979436 0.3151825486729405 -0.08464179072484818 0.39044131526435755 -0.36047797697538375
34 1904 0.23548853830228378 0 19.02486531985719 0.6855360595099764 0.07022487705177911 -0.10130367452169772 0.8283544119892305 0.3048789959016813 -0.07457023064277775 0.17653207589417136 -0.3543306731761541
35 1960 0.25976230891443125 0 18.971596703315583 0.7038086544675828 0.06698595243510645 -0.16377114137299573 0.8850149157714762 0.29101167775970177 -0.09196540629073545 0.31781834914812235 -0.31640867274515594
36 2016 0.2653675906742969 0 18.860196066309307 0.632991850092153 0.07060793021578089 -0.15466553912751135 0.9620379803150126 0.25411171815740935 -0.07388646622477257 0.32203404789244805 -0.4189867228056775
37 2072 0.2274431874783841 0 18.885499757542412 0.7430808266374667 0.06217074962944426 -0.1097184476608407 0.8586875590800085 0.2898089369841732 -0.048651036946108187 0.2908940832070494 -0.4703215521125172
38 2128 0.22936571965788854 0 18.820999516875013 0.6038379534924865 0.08326769393944221 -0.15986805650145924 0.9667332251409586 0.31423006980487567 -0.07187651447082319 0.36957673258647483 -0.43477583141672305
39 2184 0.24447652492163396 0 18.83577242978295 0.6380603684861949 0.07876936931111327 -0.18334895945725915 0.9192309470446223 0.2931896622038015 -0.05464077275931263 0.4200199123595341 -0.5190170697987442
40 2240 0.2466626014719403 0 18.80284162703703 0.7215701931034033 0.07837822618946619 -0.24103114214761567 1.0144612310587273 0.2607585546248022 -0.1015842678609587 0.3446590998194393 -0.3198088567019536
41 2296 0.2280071404775132 0 18.767083585361526 0.7075839084786265 0.08419004530939594 -0.1594488463209483 0.9222879939341595 0.2680229668395589 -0.06739289820505648 0.36796130204751176 -0.4654562254575433
42 2352 0.2127773738087037 0 18.768959516657056 0.6520888632642673 0.08460550071634775 -0.15805189177680168 0.9444753755178238 0.27465869771893237 -0.07436547278887046 0.4440244593260933 -0.42631072086059146
43 2408 0.21774815217658441 0 18.78601780435142 0.6411218496218835 0.09244239081938774 -0.20215224921735692 1.0328518942686364 0.25919787553545454 -0.0886561469451681 0.4375216364900392 -0.4362820561160778
44 2464 0.1982533247877825 0 18.7704135687639 0.624442005360402 0.08018965108405376 -0.12309450996494724 0.9577969343379216 0.29121273530423913 -0.07155128141004628 0.4140277787348335 -0.4426138442441228
45 2520 0.18357394513001865 0 18.781482505163368 0.6774013619494811 0.08132200288037095 -0.1352211951553844 0.9511173636359003 0.26100658315463227 -0.06696846524475808 0.3713151401351312 -0.4435201979998254
46 2576 0.1936358866200497 0 18.73443174134585 0.6264257842502013 0.08757508158817916 -0.20888173700095913 1.0750813055844266 0.22378843854547095 -0.09460465222251456 0.40617412288253674 -0.3586515496633656
47 2632 0.2065221402146591 0 18.73273290540577 0.641921578924575 0.09003246322808886 -0.17617545264003862 1.0626200431386734 0.23184742426095098 -0.09596993979255457 0.4448762335134494 -0.37301862622086146
48 2688 0.20345699884847393 0 18.74302742737016 0.6501394974031537 0.08916897624421745 -0.19382833315024478 1.0148440602900195 0.2615201116348669 -0.07919912969021861 0.42893750763864114 -0.42739903317165084
49 2744 0.19962846544934718 0 18.745867122858325 0.6215555482330444 0.08697913271984113 -0.16967606774806424 1.023190846528797 0.2340399261781617 -0.08082831578559424 0.47754209020345123 -0.44618510676106554
50 2800 0.1887519495540449 0 18.739078964567625 0.6180105658087901 0.0852211147759501 -0.184774845798915 1.0277108243964914 0.24896078045748138 -0.07710118157569251 0.44534648448847614 -0.4480043509057031
51 2856 0.17425232795172924 0 18.727300707955038 0.6539453824237645 0.08634428016298334 -0.1884820163118866 1.0552608273595112 0.23202111567509456 -0.09363673885130283 0.4024378245826421 -0.36368309085695727
52 2912 0.16855328555659707 0 18.741706045821516 0.6187670340658923 0.08251133189769545 -0.17171169879276457 1.0253790617150165 0.2460065564222028 -0.081219760983601 0.44999460883070863 -0.4399692566503473
53 2968 0.17966722490331866 0 18.73842426207635 0.6024697115378052 0.08141044603456196 -0.16714008771436842 0.9799574616926484 0.25817046559937634 -0.07293815240187888 0.491441067069991 -0.4913719700970106
54 3024 0.17094608723250523 0 18.729285638444825 0.6409057800689026 0.08618640410104299 -0.17645768971021308 1.0594702066176986 0.21968282548891055 -0.09896567898587001 0.4432272795240324 -0.39773327825739613
55 3080 0.16373350055860095 0 18.731013516228984 0.6322657101584258 0.0802015286524302 -0.12554956061428252 0.9589130794235545 0.2651539482689471 -0.07052346744288064 0.46008878136771686 -0.48882987014341744
56 3136 0.1626274515125848 0 18.725116659023286 0.6647279086988633 0.08707759067541007 -0.1693114229254628 1.0328481572318506 0.23502571089097113 -0.09232210739733246 0.3996543896828266 -0.3884854635400181
57 3192 0.16655264852010693 0 18.72792098747674 0.6396084636437112 0.08229173362951646 -0.147735405055752 1.0005568224227828 0.2512017785152217 -0.07467116539075377 0.4548261450587259 -0.4791409397247914
58 3248 0.15945269805908927 0 18.728359648020806 0.6262903299810086 0.08143026671594686 -0.1642075049996249 1.0204312830647055 0.2524284902316382 -0.07975211452602897 0.4658829724449502 -0.44842099117469547
59 3304 0.15020068474442816 0 18.727846948040117 0.616881529026834 0.0794628534969008 -0.13065328987383046 0.9914110873773626 0.2578970192541032 -0.07169406873753047 0.48591829530156516 -0.4920231894990966
60 3360 0.1655326829246452 0 18.7263484747239 0.6313149298798643 0.08505997887093643 -0.16348321655401457 1.019065347397304 0.25511161345586497 -0.0771409164301645 0.46298551771390806 -0.45565516862989613
61 3416 0.1727816453978495 0 18.720447218555694 0.6213633751020105 0.08396020087193996 -0.1327120880426544 0.9818826115173803 0.2536041690363683 -0.06903124350252722 0.4794234194756755 -0.5019355046736446
62 3472 0.17061432357275422 0 18.72193795344228 0.6407637492853198 0.08050165017045198 -0.12362071229538646 0.9804053549880393 0.2544547216184266 -0.07040476191963968 0.46398218651010925 -0.5040405495828583
63 3528 0.16553419084799723 0 18.726748431151396 0.6374847049659181 0.08453872400881265 -0.13500356212529102 0.9579152295027378 0.25103126609532816 -0.07068699895826061 0.4651833077901898 -0.4997972890848822
64 3584 0.15085312365112516 0 18.725032666629367 0.6367992959776371 0.0822773241904758 -0.1382788591159951 0.990414080922398 0.2518700713832021 -0.07195571946929412 0.4647113686288597 -0.4885149739942728
65 3640 0.15365973223737855 0 18.719909984637315 0.625543492275553 0.08239644528536964 -0.14521433396233632 0.9844135354472286 0.2468319592811798 -0.0702163057541796 0.4719471847527147 -0.501956794674729
66 3696 0.1461875667562385 0 18.720461302422166 0.6273766088366446 0.08219200352321614 -0.13223021592934778 0.988974037617737 0.2485638454416586 -0.07164143866735072 0.4798928047918928 -0.5010422484269182
67 3752 0.1430551462930193 0 18.719980284664906 0.6411192406313866 0.08041984648382815 -0.12790580636753252 0.9669288629772764 0.2559149424410976 -0.06813329626697934 0.45853073492851865 -0.4986143314409068
68 3808 0.12852614711937602 0 18.721514649869864 0.6291889651231135 0.08400342465468429 -0.1358164227938031 0.9863699342199752 0.24809884730590906 -0.07222329678720495 0.4776100702440211 -0.49664824624060755
69 3864 0.1268405685929399 0 18.719568020135227 0.6277689256157198 0.08113987112925923 -0.1279734780303588 0.9770363502035423 0.25229102182525304 -0.069578240814501 0.48062070403503887 -0.5031107248193785
70 3920 0.1252159202726672 0 18.718299325180563 0.6270368554759801 0.0814045925246769 -0.12729384938234986 0.9826366573198568 0.2523704378478357 -0.07048889789193803 0.48095986756600756 -0.5054107607890007
71 3976 0.12745907931342526 0 18.716574926130225 0.6277377323090225 0.08147370903437931 -0.1321318056570671 0.9868605977315482 0.24872168087157515 -0.06900885511316467 0.4740716797134854 -0.5060542875787728
72 4032 0.15295706688708438 0 18.71561477957058 0.6329291129800532 0.08133991718987696 -0.12784179731867296 0.9790314391614663 0.24813223370192705 -0.06770613212753634 0.4677330583118498 -0.5116479911119098
73 4088 0.1679942892007023 0 18.71637081666258 0.6338044377811347 0.07969507678129177 -0.1219560290394114 0.980595076600774 0.24871842928685 -0.0696789181380214 0.47506098167695193 -0.5104482569892562
74 4144 0.15975501241310755 0 18.717185414849876 0.625557098421926 0.0815308123743089 -0.14340549475731462 0.9830967997672619 0.2458440484470995 -0.0678485416132141 0.47356242547637134 -0.5107448558720389
75 4200 0.15405243373783756 0 18.716942346625103 0.6335432178449086 0.07909744365389301 -0.12848969291456203 0.979569510282706 0.25099043748465155 -0.06900854639051747 0.46958937688993285 -0.5066986339110888
76 4256 0.13123155168880735 0 18.71626890708847 0.6294574593109966 0.08126741495248677 -0.1340186086318438 0.9858226015883654 0.24784448591473834 -0.06922696541342126 0.47013255532935005 -0.5090438353845504
77 4312 0.12268036925820885 0 18.715588183129505 0.6277265660084561 0.08073273082888643 -0.13059942406988403 0.9807602563662012 0.24952445629233858 -0.06821337881397535 0.4767252467702599 -0.5099598351783239
78 4368 0.13089399467607574 0 18.71447854343102 0.6339251646093946 0.08237621053965377 -0.1256344982889623 0.9803537531205083 0.24546349462443234 -0.0694368585553098 0.47309134709928946 -0.5129608902561172
79 4424 0.12674038928027082 0 18.713847075094417 0.6320975510952667 0.08196887806715175 -0.12851050448940435 0.981912704171592 0.24679617483554384 -0.06921039794980818 0.4724121186356421 -0.5098989537879874
80 4480 0.11706027114412416 0 18.71513599292892 0.6268375437947663 0.08169307334911383 -0.13247730761896906 0.9816980296638602 0.24902304917676196 -0.06846481885735964 0.47478573934045465 -0.5076910660861318
81 4536 0.12162746538409351 0 18.714116063138043 0.6346533246360316 0.0816799909062044 -0.12222289813206742 0.9795234040930796 0.2446666352394861 -0.06842722128223967 0.4730108258559487 -0.5145250311384193
82 4592 0.11392913841328921 0 18.71383117972874 0.6333205600987251 0.0822984239602144 -0.12330931128239331 0.9823054055855275 0.24603045407700358 -0.06867365586025144 0.4746753602992292 -0.5116028872731567
83 4648 0.10533718793817062 0 18.71349005573147 0.6335789595957155 0.08294084012492448 -0.12458314800747186 0.9803022799647553 0.245162465135451 -0.06825671804686703 0.47430482178901623 -0.5129125265577799
84 4704 0.0919314253110533 0 18.713870848757917 0.6307515838801719 0.08196299197160412 -0.12380172806730867 0.9796660120564706 0.24703553201934272 -0.06766794987792316 0.4752256112350567 -0.5127248059151619
85 4760 0.08214841101147688 0 18.713037248425323 0.63250302954753 0.08202931085008816 -0.12260539242074332 0.9814683055425885 0.24707901440555627 -0.06814792582840339 0.47441013196974574 -0.5121892599682444
86 4816 0.0721662315888759 0 18.713001694705433 0.631797420541046 0.0819308119006267 -0.12462310291441031 0.980825073849532 0.2466173722574305 -0.0680384326588499 0.47437405376851177 -0.5122183978503901
87 4872 0.06766053026252458 0 18.71312136267179 0.631119359259838 0.08210291391051791 -0.12695973355184026 0.9815459539283395 0.24671608948210508 -0.06818344894135173 0.47385975270079167 -0.5113523924060113
88 4928 0.06423203964097131 0 18.71297835755153 0.631914096542286 0.08116663715794684 -0.12162703156365788 0.9815582292070957 0.2479577712884576 -0.06772782410946342 0.4740252942795521 -0.5125817675518025
89 4984 0.06152829982635676 0 18.71286339067107 0.6312602477859295 0.08107105496611995 -0.1252490879944459 0.981681300271986 0.24761050182915154 -0.06797165806297623 0.4739478830575089 -0.5118070520884729
90 5040 0.05531771209957543 0 18.7129207060731 0.631937613824846 0.08184617275550725 -0.12423328266282394 0.9817704905977211 0.2469116440374091 -0.06826431404928739 0.4733245145003653 -0.512212036657508
91 5096 0.05479105479221168 0 18.712773097073537 0.6318272682390168 0.0811989359050531 -0.122991073689657 0.9813758738678653 0.24778835574431793 -0.06778828211298996 0.4737264109199582 -0.5122200858683027
92 5152 0.05924062602224346 0 18.712751404373712 0.6322043594443131 0.08131874678594696 -0.12422604199564027 0.9817638398022249 0.24708238754002662 -0.0682173843807324 0.47296787062960677 -0.5123017327662616
93 5208 0.060470737192642614 0 18.712762945011406 0.6326105233364973 0.0807877588543868 -0.12211937752782799 0.9816590586165047 0.24796176902366696 -0.0680407310164453 0.4735579087261672 -0.5122922350221026
94 5264 0.061632261334403374 0 18.712785141592192 0.6328753649315471 0.08093129940565565 -0.1237743663425799 0.9810824906067676 0.2476144754194531 -0.06803334276617574 0.4733037461447603 -0.5121958397094697
95 5320 0.058666258983273024 0 18.712733985806135 0.6323879244189814 0.08089650310427315 -0.12398246729266284 0.9812168273124164 0.2475371993420272 -0.06794827311803572 0.47300913046272053 -0.5122282522619334
96 5376 0.05904606189727014 0 18.71262625906944 0.6338406352831404 0.08083167320158144 -0.12179686105395954 0.9817868768211876 0.24738645179669402 -0.06823510012469494 0.4727569446378702 -0.512830261972585
97 5432 0.05568013290245286 0 18.712607744344595 0.6329611256110316 0.08076178459523406 -0.12305499674592067 0.9815863573213627 0.24764423839788438 -0.06810906235601485 0.4729696028170639 -0.5122311030457726
98 5488 0.05527850310938264 0 18.712625327475987 0.6334100056338505 0.08073528302900454 -0.1225990113260756 0.9815656942817934 0.2475536262422028 -0.06820694413882836 0.4725779849834238 -0.512291446923332
99 5544 0.04969952882393616 0 18.71260508914496 0.6338164339328333 0.0808614171961266 -0.1220073305510918 0.9816602569037128 0.24744717517217077 -0.06826038879105298 0.47297808070169145 -0.5124808026459453
100 5600 0.04498666515244788 0 18.712562675714288 0.6332357448329254 0.0807785588486173 -0.12203405610873301 0.9815824003830261 0.24775042720538895 -0.06808733240835273 0.4728461800192028 -0.5124244036872884
101 5656 0.037941003273606805 0 18.7125840080829 0.6336628804953935 0.08092391189723318 -0.12196428169154765 0.9814614079318469 0.24739566629044188 -0.06816081088811642 0.4731003728976461 -0.5126767690932347
102 5712 0.038120834009572634 0 18.71254332677608 0.6337296027817734 0.08085349048519899 -0.12177640204041576 0.9815668231035898 0.24750749361452987 -0.06819236989709414 0.4730026403603867 -0.5125640082698412
103 5768 0.034037156913891586 0 18.712537564750214 0.6343913235813962 0.08088309433841637 -0.12083097670691684 0.9812365796030764 0.24763387847893473 -0.06819525500512438 0.47288979839014966 -0.5126152014937937
104 5824 0.03174417944846391 0 18.71252839869441 0.6338152189848999 0.08073092726226683 -0.12151021462958111 0.9815455257471388 0.2477628250515851 -0.06813232991776193 0.4729356173820869 -0.5125343767102487
105 5880 0.028900172524639303 0 18.712529351802807 0.6338213688160762 0.08079286597367515 -0.1214094502657612 0.9814822487716574 0.24767900976993912 -0.06817202040971816 0.4729195215736635 -0.5125090888586142
106 5936 0.03247318769816445 0 18.71251630767091 0.6343227421858558 0.0807917522807905 -0.12060533230047943 0.9814488220757693 0.24768442830066603 -0.06822889478102494 0.4727595133942372 -0.5126591151979568
107 5992 0.03284181279195176 0 18.712521478468638 0.6343337865073485 0.08079632698650877 -0.12083218145923506 0.9814248951720406 0.24765530133011313 -0.068260839968027 0.4726127745171101 -0.5126191410617543
108 6048 0.02926160892529656 0 18.71251547071373 0.6343941063914629 0.08072569509461608 -0.12060825489465041 0.9814937922718668 0.24774903545964777 -0.06824484553548879 0.4729828393065887 -0.5126151965614179
109 6104 0.027117560132933594 0 18.712518557523655 0.6340780754383321 0.08088265356310612 -0.12092237494486864 0.9814908585446187 0.24765575036610796 -0.06821441110458633 0.4729601929721723 -0.5126161370408477
110 6160 0.02521423306122403 0 18.712510611223706 0.6339926902241544 0.0808870888895053 -0.12102200782116276 0.9814463203144408 0.2477027787434759 -0.06820487176747878 0.4727214272342056 -0.5125390386387687
111 6216 0.023539474770112992 0 18.712514839275148 0.6340215083717745 0.08086825970159288 -0.12119358095081209 0.981455633951591 0.24760614708628603 -0.06821107145680914 0.4729151093272746 -0.512571303407771
112 6272 0.021597672785257274 0 18.7125120672601 0.6337618179292511 0.0809269877002215 -0.12152751185771338 0.9814664491704056 0.24761165774235488 -0.0681728118560754 0.47281980387448086 -0.5125338352905137
113 6328 0.022025170882373903 0 18.71250727539731 0.6340095342939945 0.08094397683222203 -0.12121187802101799 0.9813801332122966 0.2476057475179029 -0.06819476023506228 0.47290678791239127 -0.5125512564440109
114 6384 0.02160423926022341 0 18.712505821537714 0.634133473224923 0.0809138714984633 -0.12091697879710762 0.9814133753977339 0.24763104810492112 -0.06822875243610076 0.47285512051442835 -0.5125752795808856
115 6440 0.019462123043824553 0 18.71250287622956 0.6343009960219869 0.08083544482337643 -0.12073385629098478 0.98143741397409 0.24765561896827482 -0.06824503974219052 0.4727983440384431 -0.5126182320559587
116 6496 0.01835592940464689 0 18.71250238430295 0.6342758976938472 0.08087292020195147 -0.1207988267986352 0.9813878951174783 0.24765374877412855 -0.06823727032766028 0.4728113201186244 -0.5125843569439757
117 6552 0.01896671028387074 0 18.712502942665203 0.6342163975001756 0.08092858875288682 -0.12078226504486421 0.981399109702261 0.24761226312691978 -0.06823701132843805 0.4729273273375285 -0.5126043082783402
118 6608 0.021674993255821506 0 18.71250231773204 0.6341849657399595 0.08093468224940606 -0.12086776789071478 0.9813631411811213 0.24761769063258668 -0.06821811794871133 0.47297316803729017 -0.5125841842358058
119 6664 0.019264714148180588 0 18.71250277715691 0.6342789106959945 0.0808711763943019 -0.12065960413800865 0.9814259830509692 0.24765777380002607 -0.0682390918690473 0.4728315897566566 -0.5126276351070875
120 6720 0.018417076229101 0 18.712499633263015 0.6343619009884912 0.08090960132647748 -0.12062762588248255 0.98135970913976 0.2476215570421842 -0.06824700275768211 0.472959413622161 -0.5126143120546351
