% # columns="iteration, evaluation, min max(neg(.)) min(pos(.)) max correlation, correlation matrix principal axes lengths  (sorted square roots of eigenvalues of correlation matrix)", seed=404765, Thu Oct 26 13:26:52 2023
1 56 -0.17162079018169696 -0.06494243109110726 0.04369890725956808 0.09292950477468118 0.8800342272765167 0.9200057167402922 0.9396845340147519 0.9655218082402343 0.9836798903614873 1.0254160778008439 1.0657558883102398 1.1869919888318492
2 112 -0.1709580088090234 -0.08591242794888965 0.06775607603156564 0.17534331378471738 0.8800342272765167 0.9200057167402922 0.9396845340147519 0.9655218082402343 0.9836798903614873 1.0254160778008439 1.0657558883102398 1.1869919888318492
3 168 -0.27057801523050434 -0.12852203265326517 0.10863375585544957 0.2127034037141611 0.8800342272765167 0.9200057167402922 0.9396845340147519 0.9655218082402343 0.9836798903614873 1.0254160778008439 1.0657558883102398 1.1869919888318492
4 224 -0.4454778290834096 -0.15377671322684017 0.16010004166520436 0.3334680162373379 0.8800342272765167 0.9200057167402922 0.9396845340147519 0.9655218082402343 0.9836798903614873 1.0254160778008439 1.0657558883102398 1.1869919888318492
5 280 -0.5055100831589232 -0.17003340900188835 0.1252281280461457 0.30172432943145766 0.8800342272765167 0.9200057167402922 0.9396845340147519 0.9655218082402343 0.9836798903614873 1.0254160778008439 1.0657558883102398 1.1869919888318492
6 336 -0.596077675973169 -0.21224182753279672 0.17886939213242248 0.40675473135024365 0.8800342272765167 0.9200057167402922 0.9396845340147519 0.9655218082402343 0.9836798903614873 1.0254160778008439 1.0657558883102398 1.1869919888318492
7 392 -0.58740053077914 -0.22437401578133737 0.1544317836657319 0.4138480500396513 0.8800342272765167 0.9200057167402922 0.9396845340147519 0.9655218082402343 0.9836798903614873 1.0254160778008439 1.0657558883102398 1.1869919888318492
8 448 -0.597316039923775 -0.17025485054423284 0.16045392129364622 0.4210694068818701 0.8800342272765167 0.9200057167402922 0.9396845340147519 0.9655218082402343 0.9836798903614873 1.0254160778008439 1.0657558883102398 1.1869919888318492
9 504 -0.5696493657090536 -0.14164908646904073 0.1374073038800227 0.42393941472975216 0.5987594373242741 0.6597798377596585 0.7049007265994037 0.8494985715871302 0.9681965035829442 1.1266321807758712 1.2374006631561332 1.4999266325133191
10 560 -0.5937753938673109 -0.15563028437352613 0.1425685395011951 0.4051167279291659 0.5987594373242741 0.6597798377596585 0.7049007265994037 0.8494985715871302 0.9681965035829442 1.1266321807758712 1.2374006631561332 1.4999266325133191
11 616 -0.6861837509891693 -0.17669782413272128 0.14578519949420793 0.5254334769359835 0.5987594373242741 0.6597798377596585 0.7049007265994037 0.8494985715871302 0.9681965035829442 1.1266321807758712 1.2374006631561332 1.4999266325133191
12 672 -0.6953402993866769 -0.23928314145593038 0.18513255069238452 0.5152130293734059 0.5987594373242741 0.6597798377596585 0.7049007265994037 0.8494985715871302 0.9681965035829442 1.1266321807758712 1.2374006631561332 1.4999266325133191
13 728 -0.6891586928211779 -0.23416623066340625 0.21546997925092018 0.5772145877970778 0.5987594373242741 0.6597798377596585 0.7049007265994037 0.8494985715871302 0.9681965035829442 1.1266321807758712 1.2374006631561332 1.4999266325133191
14 784 -0.677494850655113 -0.21491153163937995 0.18410283777665004 0.5371857748237758 0.5987594373242741 0.6597798377596585 0.7049007265994037 0.8494985715871302 0.9681965035829442 1.1266321807758712 1.2374006631561332 1.4999266325133191
15 840 -0.7135531750086678 -0.23292811684138187 0.18535841115705431 0.5135803417697956 0.5987594373242741 0.6597798377596585 0.7049007265994037 0.8494985715871302 0.9681965035829442 1.1266321807758712 1.2374006631561332 1.4999266325133191
16 896 -0.7912694410845709 -0.3414363050831041 0.23081007290759564 0.5473495997459648 0.5987594373242741 0.6597798377596585 0.7049007265994037 0.8494985715871302 0.9681965035829442 1.1266321807758712 1.2374006631561332 1.4999266325133191
17 952 -0.805486775315441 -0.34166795995137866 0.27465018708307876 0.5877962688327055 0.35546432945247053 0.4714635625121172 0.5350662676372282 0.6150090999609752 0.9318088949388859 1.124954654676477 1.2486747611374474 1.8148982519813843
18 1008 -0.8526906150931647 -0.34744148572374306 0.2638193250580156 0.5829197984496358 0.35546432945247053 0.4714635625121172 0.5350662676372282 0.6150090999609752 0.9318088949388859 1.124954654676477 1.2486747611374474 1.8148982519813843
19 1064 -0.8710293033729983 -0.36212105856041543 0.26888149784160453 0.6079799368163769 0.35546432945247053 0.4714635625121172 0.5350662676372282 0.6150090999609752 0.9318088949388859 1.124954654676477 1.2486747611374474 1.8148982519813843
20 1120 -0.8923360454962042 -0.4102132235167416 0.2730352045989506 0.6828137493195218 0.35546432945247053 0.4714635625121172 0.5350662676372282 0.6150090999609752 0.9318088949388859 1.124954654676477 1.2486747611374474 1.8148982519813843
21 1176 -0.893458464344655 -0.38306928669748874 0.2880439213048904 0.6574542114669935 0.35546432945247053 0.4714635625121172 0.5350662676372282 0.6150090999609752 0.9318088949388859 1.124954654676477 1.2486747611374474 1.8148982519813843
22 1232 -0.8942144177557574 -0.3745519852401602 0.30571818883976465 0.6177655524793947 0.35546432945247053 0.4714635625121172 0.5350662676372282 0.6150090999609752 0.9318088949388859 1.124954654676477 1.2486747611374474 1.8148982519813843
23 1288 -0.9112611898350048 -0.4308112262548427 0.39376244861245313 0.6348265903945671 0.35546432945247053 0.4714635625121172 0.5350662676372282 0.6150090999609752 0.9318088949388859 1.124954654676477 1.2486747611374474 1.8148982519813843
24 1344 -0.9003040654281762 -0.4627726983282485 0.36629985096814144 0.6689194070712939 0.35546432945247053 0.4714635625121172 0.5350662676372282 0.6150090999609752 0.9318088949388859 1.124954654676477 1.2486747611374474 1.8148982519813843
25 1400 -0.9006989751862179 -0.4405403339826385 0.3954248276999654 0.6889135880243521 0.2982798300273313 0.38885109076627594 0.40959990595988005 0.6898173291689316 0.9405128775813428 0.9786349653824583 1.066909559015628 2.033621662487951
26 1456 -0.9067512827991496 -0.4569971322681127 0.38913253650287416 0.7112373471448145 0.2982798300273313 0.38885109076627594 0.40959990595988005 0.6898173291689316 0.9405128775813428 0.9786349653824583 1.066909559015628 2.033621662487951
27 1512 -0.9159692559346987 -0.49207330931384163 0.37380343031744045 0.7342674850822729 0.2982798300273313 0.38885109076627594 0.40959990595988005 0.6898173291689316 0.9405128775813428 0.9786349653824583 1.066909559015628 2.033621662487951
28 1568 -0.9380968940175002 -0.49797368560811006 0.3736673967981535 0.7682525096325551 0.2982798300273313 0.38885109076627594 0.40959990595988005 0.6898173291689316 0.9405128775813428 0.9786349653824583 1.066909559015628 2.033621662487951
29 1624 -0.9381864263642824 -0.5684815507007472 0.37076871433992 0.7888865953011011 0.2982798300273313 0.38885109076627594 0.40959990595988005 0.6898173291689316 0.9405128775813428 0.9786349653824583 1.066909559015628 2.033621662487951
30 1680 -0.9374534831618704 -0.5991257426658816 0.3505374705775208 0.7711142499241216 0.2982798300273313 0.38885109076627594 0.40959990595988005 0.6898173291689316 0.9405128775813428 0.9786349653824583 1.066909559015628 2.033621662487951
31 1736 -0.9590280775889428 -0.6639898572097418 0.3762874303026007 0.8139323299731643 0.2982798300273313 0.38885109076627594 0.40959990595988005 0.6898173291689316 0.9405128775813428 0.9786349653824583 1.066909559015628 2.033621662487951
32 1792 -0.9598574373186572 -0.693920026990525 0.39708303147734714 0.8252349354377249 0.2982798300273313 0.38885109076627594 0.40959990595988005 0.6898173291689316 0.9405128775813428 0.9786349653824583 1.066909559015628 2.033621662487951
33 1848 -0.9670104680015346 -0.7056828834082204 0.3893223951516881 0.8279469901225944 0.16925213420936427 0.2824713672074299 0.30319944347086714 0.5137219746528154 0.5214645775252841 0.9213421211445403 1.2429547821317655 2.2068054449312786
34 1904 -0.9671908402914892 -0.7090074143745347 0.3617406875610792 0.8382331223656755 0.16925213420936427 0.2824713672074299 0.30319944347086714 0.5137219746528154 0.5214645775252841 0.9213421211445403 1.2429547821317655 2.2068054449312786
35 1960 -0.9626122893367146 -0.6558139502135993 0.33445746738212956 0.8130834087780335 0.16925213420936427 0.2824713672074299 0.30319944347086714 0.5137219746528154 0.5214645775252841 0.9213421211445403 1.2429547821317655 2.2068054449312786
36 2016 -0.960770055478629 -0.618929237971161 0.3902787342716699 0.8036847035411872 0.16925213420936427 0.2824713672074299 0.30319944347086714 0.5137219746528154 0.5214645775252841 0.9213421211445403 1.2429547821317655 2.2068054449312786
37 2072 -0.963499546750163 -0.6069080986547973 0.371191122121176 0.7883137990817349 0.16925213420936427 0.2824713672074299 0.30319944347086714 0.5137219746528154 0.5214645775252841 0.9213421211445403 1.2429547821317655 2.2068054449312786
38 2128 -0.9676278246122739 -0.6359058119844554 0.4190804628003846 0.8329737367060073 0.16925213420936427 0.2824713672074299 0.30319944347086714 0.5137219746528154 0.5214645775252841 0.9213421211445403 1.2429547821317655 2.2068054449312786
39 2184 -0.966084639701325 -0.6162392517909977 0.41645407286347935 0.818324870070572 0.16925213420936427 0.2824713672074299 0.30319944347086714 0.5137219746528154 0.5214645775252841 0.9213421211445403 1.2429547821317655 2.2068054449312786
40 2240 -0.9728746296118604 -0.6039106147067566 0.4694772727634152 0.833058627694804 0.16925213420936427 0.2824713672074299 0.30319944347086714 0.5137219746528154 0.5214645775252841 0.9213421211445403 1.2429547821317655 2.2068054449312786
41 2296 -0.9786687333484831 -0.5968465267944671 0.46232055554921114 0.8767022220454493 0.12956853154977432 0.23749130600237092 0.3441239632958199 0.4361550770882664 0.5230563108479123 0.9420735360323256 1.2958558103945825 2.1858235493464133
42 2352 -0.9770900751154404 -0.6092534666570916 0.4813221861978608 0.8674454605089904 0.12956853154977432 0.23749130600237092 0.3441239632958199 0.4361550770882664 0.5230563108479123 0.9420735360323256 1.2958558103945825 2.1858235493464133
43 2408 -0.9711861773516549 -0.5831263832882801 0.46412557645058033 0.8753514078682084 0.12956853154977432 0.23749130600237092 0.3441239632958199 0.4361550770882664 0.5230563108479123 0.9420735360323256 1.2958558103945825 2.1858235493464133
44 2464 -0.9753335932434779 -0.5882923708046843 0.45553844975526603 0.8856950744284041 0.12956853154977432 0.23749130600237092 0.3441239632958199 0.4361550770882664 0.5230563108479123 0.9420735360323256 1.2958558103945825 2.1858235493464133
45 2520 -0.9709455980171535 -0.5745092415886001 0.43911244570997165 0.8828101641506716 0.12956853154977432 0.23749130600237092 0.3441239632958199 0.4361550770882664 0.5230563108479123 0.9420735360323256 1.2958558103945825 2.1858235493464133
46 2576 -0.9671286435597429 -0.5868150657732905 0.4484296395182762 0.873839215680654 0.12956853154977432 0.23749130600237092 0.3441239632958199 0.4361550770882664 0.5230563108479123 0.9420735360323256 1.2958558103945825 2.1858235493464133
47 2632 -0.9692493416956924 -0.5544292954048082 0.3676315287882546 0.8915563009805972 0.12956853154977432 0.23749130600237092 0.3441239632958199 0.4361550770882664 0.5230563108479123 0.9420735360323256 1.2958558103945825 2.1858235493464133
48 2688 -0.9703631514114297 -0.5753489205165663 0.35967454439890045 0.8980055739566885 0.12956853154977432 0.23749130600237092 0.3441239632958199 0.4361550770882664 0.5230563108479123 0.9420735360323256 1.2958558103945825 2.1858235493464133
49 2744 -0.9668229443497383 -0.5677626230314348 0.31885491099088537 0.8876787657680526 0.09413826321002589 0.22898702954879208 0.3071234956394369 0.3501598745994639 0.49142848429253627 1.0189207648526917 1.4079989656855831 2.1117773511313147
50 2800 -0.9590476475394282 -0.5220529412031686 0.30577753969337795 0.8912461737140873 0.09413826321002589 0.22898702954879208 0.3071234956394369 0.3501598745994639 0.49142848429253627 1.0189207648526917 1.4079989656855831 2.1117773511313147
51 2856 -0.9629837394655473 -0.532638387962608 0.28658169787048393 0.8909516928494265 0.09413826321002589 0.22898702954879208 0.3071234956394369 0.3501598745994639 0.49142848429253627 1.0189207648526917 1.4079989656855831 2.1117773511313147
52 2912 -0.9681234869767479 -0.5285186788322442 0.28396664296212487 0.885865302055527 0.09413826321002589 0.22898702954879208 0.3071234956394369 0.3501598745994639 0.49142848429253627 1.0189207648526917 1.4079989656855831 2.1117773511313147
53 2968 -0.9704877370982443 -0.5548964475970977 0.3110744706468314 0.8876531151806701 0.09413826321002589 0.22898702954879208 0.3071234956394369 0.3501598745994639 0.49142848429253627 1.0189207648526917 1.4079989656855831 2.1117773511313147
54 3024 -0.9753074046349832 -0.5645067242969606 0.3181482605440936 0.8992712182163511 0.09413826321002589 0.22898702954879208 0.3071234956394369 0.3501598745994639 0.49142848429253627 1.0189207648526917 1.4079989656855831 2.1117773511313147
55 3080 -0.9788509003198016 -0.5647762790840986 0.39562348244214995 0.9006692228935685 0.09413826321002589 0.22898702954879208 0.3071234956394369 0.3501598745994639 0.49142848429253627 1.0189207648526917 1.4079989656855831 2.1117773511313147
56 3136 -0.9822138810366681 -0.5749449090534433 0.4559104509428927 0.918145473780114 0.09413826321002589 0.22898702954879208 0.3071234956394369 0.3501598745994639 0.49142848429253627 1.0189207648526917 1.4079989656855831 2.1117773511313147
57 3192 -0.983228392397527 -0.5801556210886799 0.5069639046649024 0.914606946826219 0.056142074765924845 0.19527646021308928 0.24165521283408864 0.3016023180178435 0.4159915608629771 0.9252193722810986 1.2901852623551648 2.2617904621454406
58 3248 -0.986773908082441 -0.5985234747261368 0.4974139424705055 0.9263124893519594 0.056142074765924845 0.19527646021308928 0.24165521283408864 0.3016023180178435 0.4159915608629771 0.9252193722810986 1.2901852623551648 2.2617904621454406
59 3304 -0.9877856380465311 -0.6335454513181074 0.5295939103675316 0.92406819388542 0.056142074765924845 0.19527646021308928 0.24165521283408864 0.3016023180178435 0.4159915608629771 0.9252193722810986 1.2901852623551648 2.2617904621454406
60 3360 -0.9908847269015434 -0.6474702586064427 0.5754235009528117 0.9362961362476584 0.056142074765924845 0.19527646021308928 0.24165521283408864 0.3016023180178435 0.4159915608629771 0.9252193722810986 1.2901852623551648 2.2617904621454406
61 3416 -0.9940567979590605 -0.6671170941228273 0.5590245595008716 0.9441980704286896 0.056142074765924845 0.19527646021308928 0.24165521283408864 0.3016023180178435 0.4159915608629771 0.9252193722810986 1.2901852623551648 2.2617904621454406
62 3472 -0.9937759498633076 -0.7165583830954867 0.5956718322232574 0.9411583962540881 0.056142074765924845 0.19527646021308928 0.24165521283408864 0.3016023180178435 0.4159915608629771 0.9252193722810986 1.2901852623551648 2.2617904621454406
63 3528 -0.9942171949900818 -0.7419445959845085 0.6305807388668185 0.9473299425775662 0.056142074765924845 0.19527646021308928 0.24165521283408864 0.3016023180178435 0.4159915608629771 0.9252193722810986 1.2901852623551648 2.2617904621454406
64 3584 -0.9950852962474588 -0.7418607188471086 0.626620236818142 0.9536167436127813 0.056142074765924845 0.19527646021308928 0.24165521283408864 0.3016023180178435 0.4159915608629771 0.9252193722810986 1.2901852623551648 2.2617904621454406
65 3640 -0.9948375417071541 -0.73611986691826 0.620462756784329 0.9550761801699195 0.021177773365152766 0.12256519158306757 0.15202612240525218 0.1902326623431524 0.267839997208668 0.7152192007621471 1.2780425853739383 2.3892591422319325
66 3696 -0.994111429795025 -0.7191574324837605 0.6512689814605206 0.9526900542964971 0.021177773365152766 0.12256519158306757 0.15202612240525218 0.1902326623431524 0.267839997208668 0.7152192007621471 1.2780425853739383 2.3892591422319325
67 3752 -0.9936507450170496 -0.7168423573708045 0.6443059546497583 0.9455826062471102 0.021177773365152766 0.12256519158306757 0.15202612240525218 0.1902326623431524 0.267839997208668 0.7152192007621471 1.2780425853739383 2.3892591422319325
68 3808 -0.994090158931553 -0.7124204195919732 0.6197698060809592 0.9439795828285703 0.021177773365152766 0.12256519158306757 0.15202612240525218 0.1902326623431524 0.267839997208668 0.7152192007621471 1.2780425853739383 2.3892591422319325
69 3864 -0.9943735235979769 -0.7212809662328243 0.5963836552747872 0.9484575678137169 0.021177773365152766 0.12256519158306757 0.15202612240525218 0.1902326623431524 0.267839997208668 0.7152192007621471 1.2780425853739383 2.3892591422319325
70 3920 -0.9944427891216291 -0.7638501467942604 0.6322703197590913 0.9363240691893201 0.021177773365152766 0.12256519158306757 0.15202612240525218 0.1902326623431524 0.267839997208668 0.7152192007621471 1.2780425853739383 2.3892591422319325
71 3976 -0.9945511826945158 -0.7544536102182975 0.6516270109152072 0.9297880540601694 0.021177773365152766 0.12256519158306757 0.15202612240525218 0.1902326623431524 0.267839997208668 0.7152192007621471 1.2780425853739383 2.3892591422319325
72 4032 -0.994668290943281 -0.7470871241374191 0.6557693043074064 0.9330447751995222 0.021177773365152766 0.12256519158306757 0.15202612240525218 0.1902326623431524 0.267839997208668 0.7152192007621471 1.2780425853739383 2.3892591422319325
73 4088 -0.9947861029729272 -0.7241124345892991 0.6245389661287656 0.9268606813548889 0.017212163599825175 0.12617694912186037 0.14654316555393768 0.24534119441403654 0.2938330624967965 0.7765469893103465 1.3315602050477038 2.3323164971756185
74 4144 -0.99544048843086 -0.7329855547391086 0.6673304367653328 0.930579244381458 0.017212163599825175 0.12617694912186037 0.14654316555393768 0.24534119441403654 0.2938330624967965 0.7765469893103465 1.3315602050477038 2.3323164971756185
75 4200 -0.9957134291695795 -0.7469383183577822 0.6907180895634442 0.9449382501245477 0.017212163599825175 0.12617694912186037 0.14654316555393768 0.24534119441403654 0.2938330624967965 0.7765469893103465 1.3315602050477038 2.3323164971756185
76 4256 -0.9959268635057064 -0.7302193441769325 0.6743452441882999 0.9455866024662203 0.017212163599825175 0.12617694912186037 0.14654316555393768 0.24534119441403654 0.2938330624967965 0.7765469893103465 1.3315602050477038 2.3323164971756185
77 4312 -0.9952409828031786 -0.6595633622257815 0.586936658434082 0.9461071899182214 0.017212163599825175 0.12617694912186037 0.14654316555393768 0.24534119441403654 0.2938330624967965 0.7765469893103465 1.3315602050477038 2.3323164971756185
78 4368 -0.9942869176787805 -0.6514548139270571 0.5138798400187945 0.9455760741161342 0.017212163599825175 0.12617694912186037 0.14654316555393768 0.24534119441403654 0.2938330624967965 0.7765469893103465 1.3315602050477038 2.3323164971756185
79 4424 -0.9946784546756207 -0.6262254424693932 0.4612945291287542 0.9543781985342108 0.017212163599825175 0.12617694912186037 0.14654316555393768 0.24534119441403654 0.2938330624967965 0.7765469893103465 1.3315602050477038 2.3323164971756185
80 4480 -0.994322280008246 -0.6170837425203377 0.4235189570657216 0.9426126904083227 0.017212163599825175 0.12617694912186037 0.14654316555393768 0.24534119441403654 0.2938330624967965 0.7765469893103465 1.3315602050477038 2.3323164971756185
81 4536 -0.9935495109385417 -0.608756942387884 0.4386568138310197 0.9377670364248009 0.013285098688256695 0.11314891486032512 0.18287736981229932 0.23310545806251926 0.3200792835892359 0.8643970903788631 1.4660732085440167 2.21364740006212
82 4592 -0.9938502399993266 -0.5952867445725599 0.4516487459318583 0.9380810637263051 0.013285098688256695 0.11314891486032512 0.18287736981229932 0.23310545806251926 0.3200792835892359 0.8643970903788631 1.4660732085440167 2.21364740006212
83 4648 -0.9948534441221968 -0.5753628984012641 0.34912163876706465 0.9532851109081392 0.013285098688256695 0.11314891486032512 0.18287736981229932 0.23310545806251926 0.3200792835892359 0.8643970903788631 1.4660732085440167 2.21364740006212
84 4704 -0.9953409063470822 -0.6139838672123376 0.4115262629171317 0.9630590765258149 0.013285098688256695 0.11314891486032512 0.18287736981229932 0.23310545806251926 0.3200792835892359 0.8643970903788631 1.4660732085440167 2.21364740006212
85 4760 -0.9958647724165485 -0.6528459019891908 0.5226435479565553 0.9762720922908004 0.013285098688256695 0.11314891486032512 0.18287736981229932 0.23310545806251926 0.3200792835892359 0.8643970903788631 1.4660732085440167 2.21364740006212
86 4816 -0.9952746261779783 -0.673732229562338 0.5151960737566958 0.976057611509565 0.013285098688256695 0.11314891486032512 0.18287736981229932 0.23310545806251926 0.3200792835892359 0.8643970903788631 1.4660732085440167 2.21364740006212
87 4872 -0.9953468695662959 -0.667801601284158 0.5171181620481494 0.9774577774018431 0.013285098688256695 0.11314891486032512 0.18287736981229932 0.23310545806251926 0.3200792835892359 0.8643970903788631 1.4660732085440167 2.21364740006212
88 4928 -0.9942104361727541 -0.6709599752633025 0.5470329391228411 0.976548471036097 0.013285098688256695 0.11314891486032512 0.18287736981229932 0.23310545806251926 0.3200792835892359 0.8643970903788631 1.4660732085440167 2.21364740006212
89 4984 -0.9949265630136516 -0.6832774359251998 0.5221072251559473 0.9771739806949647 0.008056127789692903 0.08131359323032666 0.15521969138695005 0.20640857387179498 0.2848903404123481 0.8287396561886824 1.3345426175906985 2.318975986170001
90 5040 -0.9947491140617004 -0.7101085872937973 0.5466484606712312 0.9795666722294464 0.008056127789692903 0.08131359323032666 0.15521969138695005 0.20640857387179498 0.2848903404123481 0.8287396561886824 1.3345426175906985 2.318975986170001
91 5096 -0.996367625372353 -0.8051658149677202 0.6544939726336317 0.9854170188942202 0.008056127789692903 0.08131359323032666 0.15521969138695005 0.20640857387179498 0.2848903404123481 0.8287396561886824 1.3345426175906985 2.318975986170001
92 5152 -0.9973775953426669 -0.8351919814819434 0.6750608007993095 0.987215955434126 0.008056127789692903 0.08131359323032666 0.15521969138695005 0.20640857387179498 0.2848903404123481 0.8287396561886824 1.3345426175906985 2.318975986170001
93 5208 -0.9972299212949847 -0.8271551394571747 0.6868312370516724 0.9887094229998639 0.008056127789692903 0.08131359323032666 0.15521969138695005 0.20640857387179498 0.2848903404123481 0.8287396561886824 1.3345426175906985 2.318975986170001
94 5264 -0.9968131187256474 -0.8223816640579924 0.6579692737642473 0.9883089598302929 0.008056127789692903 0.08131359323032666 0.15521969138695005 0.20640857387179498 0.2848903404123481 0.8287396561886824 1.3345426175906985 2.318975986170001
95 5320 -0.9968756879469216 -0.787603568558266 0.6723293175896976 0.9880672740214836 0.008056127789692903 0.08131359323032666 0.15521969138695005 0.20640857387179498 0.2848903404123481 0.8287396561886824 1.3345426175906985 2.318975986170001
96 5376 -0.9970665729410568 -0.7892556421630832 0.6714525213095895 0.9870019868945641 0.008056127789692903 0.08131359323032666 0.15521969138695005 0.20640857387179498 0.2848903404123481 0.8287396561886824 1.3345426175906985 2.318975986170001
97 5432 -0.9969410666256822 -0.7907041356532558 0.6634691535697057 0.9838718062850448 0.006923553910147164 0.06690865411375041 0.12821646106380702 0.205575401144627 0.24210261698391747 0.6942361555205203 1.2963716075793315 2.3907358131425234
98 5488 -0.9968531789601506 -0.767431321172385 0.603503088039202 0.9859498905603225 0.006923553910147164 0.06690865411375041 0.12821646106380702 0.205575401144627 0.24210261698391747 0.6942361555205203 1.2963716075793315 2.3907358131425234
99 5544 -0.9969379194444622 -0.7431181519845653 0.6043119282359459 0.9825727535504736 0.006923553910147164 0.06690865411375041 0.12821646106380702 0.205575401144627 0.24210261698391747 0.6942361555205203 1.2963716075793315 2.3907358131425234
100 5600 -0.9970580386957197 -0.7698899954163412 0.6115486991364778 0.9832971168517225 0.006923553910147164 0.06690865411375041 0.12821646106380702 0.205575401144627 0.24210261698391747 0.6942361555205203 1.2963716075793315 2.3907358131425234
101 5656 -0.9968212973303493 -0.7075765129736973 0.5615586438256288 0.9808571323751415 0.006923553910147164 0.06690865411375041 0.12821646106380702 0.205575401144627 0.24210261698391747 0.6942361555205203 1.2963716075793315 2.3907358131425234
102 5712 -0.9963842005600313 -0.6961924741704361 0.509539326047361 0.9776674753480912 0.006923553910147164 0.06690865411375041 0.12821646106380702 0.205575401144627 0.24210261698391747 0.6942361555205203 1.2963716075793315 2.3907358131425234
103 5768 -0.9961928171034137 -0.6556042860042648 0.46771170774476556 0.9711333938387078 0.006923553910147164 0.06690865411375041 0.12821646106380702 0.205575401144627 0.24210261698391747 0.6942361555205203 1.2963716075793315 2.3907358131425234
104 5824 -0.9962818039468814 -0.6526570945640906 0.47176810654835327 0.9748437686872117 0.006923553910147164 0.06690865411375041 0.12821646106380702 0.205575401144627 0.24210261698391747 0.6942361555205203 1.2963716075793315 2.3907358131425234
105 5880 -0.9951714988010584 -0.6677829178877548 0.4576118832494409 0.9757571344375506 0.005305323213877307 0.0736629920194695 0.13580415280673896 0.245591372266018 0.2926029433328375 0.8701337787618884 1.3425596223205363 2.29577266126817
106 5936 -0.9950993147373083 -0.6792560677548886 0.47620481540391923 0.9731029541466008 0.005305323213877307 0.0736629920194695 0.13580415280673896 0.245591372266018 0.2926029433328375 0.8701337787618884 1.3425596223205363 2.29577266126817
107 5992 -0.9948166923179979 -0.668785102063653 0.4419968804179879 0.9714811559291634 0.005305323213877307 0.0736629920194695 0.13580415280673896 0.245591372266018 0.2926029433328375 0.8701337787618884 1.3425596223205363 2.29577266126817
108 6048 -0.9959213226003342 -0.6403431063656951 0.5136623930255266 0.9757095606135083 0.005305323213877307 0.0736629920194695 0.13580415280673896 0.245591372266018 0.2926029433328375 0.8701337787618884 1.3425596223205363 2.29577266126817
109 6104 -0.9970873252192292 -0.6424933383754403 0.4861506357740256 0.9834278344586193 0.005305323213877307 0.0736629920194695 0.13580415280673896 0.245591372266018 0.2926029433328375 0.8701337787618884 1.3425596223205363 2.29577266126817
110 6160 -0.9965950566719626 -0.6335491055197338 0.5097183943006349 0.9838377251647528 0.005305323213877307 0.0736629920194695 0.13580415280673896 0.245591372266018 0.2926029433328375 0.8701337787618884 1.3425596223205363 2.29577266126817
111 6216 -0.9965230981451069 -0.6806215819562852 0.5205666638097595 0.9817087828501878 0.005305323213877307 0.0736629920194695 0.13580415280673896 0.245591372266018 0.2926029433328375 0.8701337787618884 1.3425596223205363 2.29577266126817
112 6272 -0.9962094948107217 -0.7285082736307003 0.5965086682737718 0.9829206353615839 0.005305323213877307 0.0736629920194695 0.13580415280673896 0.245591372266018 0.2926029433328375 0.8701337787618884 1.3425596223205363 2.29577266126817
113 6328 -0.9955242164118161 -0.6884215590512646 0.5446547839398835 0.9812607266141681 0.002900704468131792 0.08461095232797503 0.13709748974498606 0.1982583346142157 0.24951202948695517 0.8095507877816589 1.3689793205375744 2.3114924557102157
114 6384 -0.9952657213834483 -0.7194100117665325 0.6099915753129963 0.9798496335338528 0.002900704468131792 0.08461095232797503 0.13709748974498606 0.1982583346142157 0.24951202948695517 0.8095507877816589 1.3689793205375744 2.3114924557102157
115 6440 -0.9943488586390533 -0.6984826655646809 0.6139906437689522 0.9750910268564074 0.002900704468131792 0.08461095232797503 0.13709748974498606 0.1982583346142157 0.24951202948695517 0.8095507877816589 1.3689793205375744 2.3114924557102157
116 6496 -0.9944986098545178 -0.6761251754147832 0.6062432873673246 0.9717755127045845 0.002900704468131792 0.08461095232797503 0.13709748974498606 0.1982583346142157 0.24951202948695517 0.8095507877816589 1.3689793205375744 2.3114924557102157
117 6552 -0.9947449395017947 -0.7430128034734171 0.6769195244884334 0.9753588330948532 0.002900704468131792 0.08461095232797503 0.13709748974498606 0.1982583346142157 0.24951202948695517 0.8095507877816589 1.3689793205375744 2.3114924557102157
118 6608 -0.9941476684312827 -0.7579493005007174 0.6349579780765462 0.9764544161765945 0.002900704468131792 0.08461095232797503 0.13709748974498606 0.1982583346142157 0.24951202948695517 0.8095507877816589 1.3689793205375744 2.3114924557102157
119 6664 -0.9942032803497886 -0.7289387711881432 0.6225735201316437 0.9734863719696656 0.002900704468131792 0.08461095232797503 0.13709748974498606 0.1982583346142157 0.24951202948695517 0.8095507877816589 1.3689793205375744 2.3114924557102157
120 6720 -0.9943778936349902 -0.7421720258686357 0.627821585041672 0.9716472505770666 0.002900704468131792 0.08461095232797503 0.13709748974498606 0.1982583346142157 0.24951202948695517 0.8095507877816589 1.3689793205375744 2.3114924557102157
121 6776 -0.9937694259522866 -0.7501958984702226 0.66568720713083 0.9648371377339117 0.0017662024070268477 0.0746587660619579 0.14804106114182167 0.19909212350361788 0.3231722250232501 0.6045590671083855 1.390059182618196 2.351738215857236
122 6832 -0.9938250029207581 -0.7556657762693664 0.5840395626957819 0.9664058791068565 0.0017662024070268477 0.0746587660619579 0.14804106114182167 0.19909212350361788 0.3231722250232501 0.6045590671083855 1.390059182618196 2.351738215857236
123 6888 -0.9938266349304022 -0.7484218100882927 0.5619308991642922 0.9694284536940673 0.0017662024070268477 0.0746587660619579 0.14804106114182167 0.19909212350361788 0.3231722250232501 0.6045590671083855 1.390059182618196 2.351738215857236
124 6944 -0.9938025734052444 -0.738109336776046 0.5600670612617772 0.9667829645825534 0.0017662024070268477 0.0746587660619579 0.14804106114182167 0.19909212350361788 0.3231722250232501 0.6045590671083855 1.390059182618196 2.351738215857236
