% # columns="iteration, evaluation, void, void, void, xmean", seed=404765, Thu Oct 26 13:26:52 2023, <python>{}</python> # scaling_of_variables: 1, typical_x: 0
1 56 0 0 0 -0.3501369665650199 -0.05302846065892827 -0.15916984934838038 -0.04834642776332733 0.005600988331537019 -0.2814672787965148 0.14880910651960352 0.27521682582852797
2 112 0 0 0 -0.40299299455498955 -0.04968467240348964 0.05128745744710192 -0.033418260803520575 0.2235932654519468 -0.17333201483221047 0.23669892573763873 0.2025533855433012
3 168 0 0 0 -0.5906755170045008 -0.01037119379151126 0.13859694445172854 -0.13557481452306713 0.34874224677346904 -0.27903725696430587 0.5732365991156539 0.4129344279212587
4 224 0 0 0 -1.0547270179755754 0.019110672821625523 0.41617646874780806 -0.008772263967574884 0.39051557742144716 -0.17490428731678018 0.5259232717230334 0.7154331330778682
5 280 0 0 0 -1.3619969645423196 -0.20919471871709705 0.403578431097108 -0.0609372802500547 0.3554106923820656 -0.17658734084730088 0.4411910545917444 1.261276615059843
6 336 0 0 0 -1.2857556060512003 -0.11301172491091897 0.444269268231609 -0.0423350644269252 0.39026623971649665 -0.2137879335777234 0.42109223802039736 1.2568812012973634
7 392 0 0 0 -1.7356411132669425 -0.08871089349331797 0.8424938383546571 -0.1672644178931276 0.5688299711563419 -0.2658537867520942 0.38129442369193595 1.5018615962935762
8 448 0 0 0 -2.0471856362447682 -0.21793121508770302 0.7277341557634195 -0.061469450027567055 0.49107282394980617 -0.30481928923194007 0.4224797027293802 1.5742513197559207
9 504 0 0 0 -2.1536068653037574 -0.22694053085728616 0.6975176199362121 -0.02209176050195793 0.4029443238442353 -0.3246066444944021 0.8224316307366157 1.3232565643350194
10 560 0 0 0 -2.4636671760045825 -0.13463498998536066 0.9006559243452851 -0.1529880292363895 0.4031688330162297 -0.37240709174800996 1.2125824842497106 1.3046085191338401
11 616 0 0 0 -2.6169189537376867 -0.1456522414253507 1.1203166391256596 -0.002990512635621001 0.41330923364267785 -0.4615613007880263 1.676995643807533 1.5136463866825662
12 672 0 0 0 -3.073139817972698 -0.09739408197087722 1.2073943378547538 -0.020620024181655427 0.49710116084278194 -0.5645287306230157 1.6943079543682416 1.7535515159899115
13 728 0 0 0 -3.6726574526889286 -0.2675197552315433 1.2969778696073686 0.01446492343668035 0.7102445594346428 -0.8199863491989575 1.9636850026483443 1.8704744687836083
14 784 0 0 0 -3.710608128755995 -0.24717797130554578 1.2549169859306546 0.4406672606891171 0.428651881669681 -0.6677270906985496 2.4123073981210346 1.7935200646128298
15 840 0 0 0 -4.376191235898638 -0.3694388559934499 1.9809188046293653 0.9131307278241576 0.7002048998950207 -0.7864423085383636 3.221256305534413 1.8984264927598067
16 896 0 0 0 -5.8694083069018355 -0.6312203243529929 3.1169746646048906 1.3145402788972498 0.9431335500877516 -1.1322240765713754 4.574443031125069 2.4140886256066274
17 952 0 0 0 -7.911200074877876 -1.0961428565431413 4.2082983165773005 1.7549554120593958 1.1734724437463762 -1.810764498589476 5.271812296509181 2.9538888572256075
18 1008 0 0 0 -10.613422030504191 -1.2519788301821082 6.045205923069486 2.3906377889921138 0.9724509507293307 -2.0310109179197333 6.990809526034348 3.6934581408819755
19 1064 0 0 0 -13.736589615771088 -1.5219518100216551 7.8217808419138635 2.5962546986315056 1.4563961412440354 -2.695372948401481 7.727990785380368 5.468471322305711
20 1120 0 0 0 -17.850143540064032 -2.3082825822492943 10.544697962596636 3.2238504466839615 2.3929138817019107 -3.4993507011625424 9.849888599075284 6.964200155106603
21 1176 0 0 0 -20.249068332877265 -2.084318742926513 13.170864539878389 3.6004310656662706 3.403746498958241 -4.2254986976478826 11.182877817938332 7.174107102586648
22 1232 0 0 0 -24.638573873023628 -2.9402748310856337 15.80450759532294 4.213446712047923 5.938970644652033 -6.036444859794137 12.78237471313108 7.051374855168069
23 1288 0 0 0 -32.98906208748903 -3.768002487956703 21.87181469938095 5.99740723914398 7.397002993489415 -8.267007619156997 16.85258359474184 8.948831168946208
24 1344 0 0 0 -41.70830869091478 -3.6820445684275267 29.108046231095763 8.578924972934177 10.921448395912194 -11.423131299521994 20.798074173478174 8.91946232397626
25 1400 0 0 0 -53.35008378828766 -4.248318828342763 37.13520514474275 11.724120092675333 14.532899490040078 -15.843536781414938 33.29144307930752 8.605122017803918
26 1456 0 0 0 -68.09549534302789 -6.680447533989825 45.84033393144741 16.426912481064846 18.86808017764924 -23.06930507941209 47.99901607072805 6.365023620091846
27 1512 0 0 0 -75.52574374500387 -7.688712183585023 54.063988787230116 21.96002458753053 20.593936486029957 -27.83150231865163 52.578221297334665 4.244996605469451
28 1568 0 0 0 -103.48439028664112 -8.151407806151848 74.90442167223907 30.28418412838151 28.270557175975576 -35.13914336217871 63.72327272895036 4.170202047286848
29 1624 0 0 0 -123.45699535731882 -10.596928510895019 89.44965711018021 37.32985787582047 32.88831038161152 -44.67563578328064 74.58638599571128 3.038909486967866
30 1680 0 0 0 -135.63253604778618 -5.8631672483973505 98.07027962769362 38.50982000809334 40.459265337027475 -44.30096420173193 69.4281981357804 15.410909423753289
31 1736 0 0 0 -174.22355051823655 -11.311072748222156 133.52699883431214 54.92411025490656 51.489098000718045 -64.74960188676211 102.67234209867519 9.519526332592001
32 1792 0 0 0 -193.08034631604133 -12.183486835409834 142.44556315885353 63.82720631621512 57.33641453090492 -75.83812106849822 115.50327731058987 7.2072233180043375
33 1848 0 0 0 -194.56284194621782 -11.55424606254027 141.29004490033012 62.72955279973264 60.6795688736274 -71.4595624073799 99.6974139790466 10.180649603616938
34 1904 0 0 0 -173.59921756467125 -12.743067403363295 124.81241770526586 54.23362532935827 53.93827228997224 -66.90559932477227 97.33496340862709 10.510720715635532
35 1960 0 0 0 -178.9496775145167 -17.046911661942104 127.53887985949606 55.55245032990141 54.48156591218246 -71.65395610681774 101.96749942946148 13.145158455609492
36 2016 0 0 0 -176.65676943836064 -17.16037335909107 124.20878566323641 58.41799507798937 51.90254533698176 -70.90514632918266 99.7987392075914 9.167775722232674
37 2072 0 0 0 -174.12877739903422 -19.21486213393158 120.76826165230858 57.88504877864593 48.18706265481353 -71.25177859829067 108.19338075917479 8.691390415281385
38 2128 0 0 0 -195.28395028862528 -23.356838907960512 138.17852989907132 62.25233759714987 53.1571338165661 -80.69372264778272 123.27867636977624 11.390862818547008
39 2184 0 0 0 -184.13729988832284 -23.256721909024368 129.5171004361671 55.25674934549313 50.82677449284798 -78.19918369991785 117.23813425726765 15.607932468398127
40 2240 0 0 0 -200.50375502154392 -27.469075196531776 145.57033245295935 56.36931092557025 53.59505043948521 -82.25778799776764 133.3839933891926 19.88128150308893
41 2296 0 0 0 -190.69861700972947 -23.989541987552933 135.65701339049792 49.86232801908486 58.50803603675843 -74.81014678371659 116.86792355716443 22.13931206650123
42 2352 0 0 0 -196.28841121046491 -23.863242454976056 141.26251440794988 47.103661280170364 63.73858678732144 -75.28053072682671 125.08773686447846 26.693221843519108
43 2408 0 0 0 -208.7739158755109 -24.34108124278251 146.63128029120236 49.12552077277925 69.17953545808207 -76.99131475724923 131.46800470700663 31.982912480790112
44 2464 0 0 0 -210.87101738702572 -26.114368449427133 147.29614688195045 49.21927440192143 73.37980351189103 -78.5096139307472 129.1067396748012 34.26077423391541
45 2520 0 0 0 -230.48774945883926 -25.61875142744118 157.80728400404888 55.42006592632448 78.19043485718551 -84.8348869782941 144.3424462459591 37.27829339933117
46 2576 0 0 0 -226.44372876067465 -27.136804779958673 152.85113918997112 64.15736417014348 70.47654006584186 -89.45480866245313 149.5530711851248 27.37267926466723
47 2632 0 0 0 -244.59120417762335 -31.04430986590321 170.9940665197022 69.27862603589463 70.34000644501494 -99.97367897828363 170.5444143930683 21.47805973592815
48 2688 0 0 0 -244.49812273921788 -32.1115634627269 171.80301628270777 66.76529001420684 74.52835914570055 -103.73473848673946 165.78817235762907 25.184974025968273
49 2744 0 0 0 -251.0856798873695 -29.739253390356776 176.43178328247345 63.872392179929854 80.26315647427724 -101.27747669398471 162.97791375428147 34.46664557121553
50 2800 0 0 0 -270.43756068282863 -27.570424324859452 185.20952935867012 74.84105584345319 80.41875781971048 -107.22850792972143 178.32381054936153 29.80251272065056
51 2856 0 0 0 -272.75556368355603 -26.993276563254483 189.19841917217954 78.59583099078569 74.94845985621576 -105.4526024633653 188.16845009952183 22.003138438074856
52 2912 0 0 0 -279.1525045869729 -27.348535207102145 192.07394216112354 77.30361248490058 79.23514895472685 -108.9544344310835 192.83484813818822 26.683326683404776
53 2968 0 0 0 -291.0673174409272 -27.266094574873506 198.17808073107335 80.910472893928 83.18032742875401 -112.75451427123025 197.4096122646686 25.0739109806376
54 3024 0 0 0 -299.761936446247 -29.480309039080595 204.3926329452342 84.42195311559003 83.11520067824866 -115.68471108011803 207.69703274985713 23.135452835015432
55 3080 0 0 0 -290.55218896470785 -30.066727517041596 195.03810978414765 84.38001248144619 81.63981001676159 -110.87986807385438 204.75640307503312 22.037758388565404
56 3136 0 0 0 -314.43143898020236 -32.76406694864288 211.8880433010688 90.33769396466 87.54054188734176 -119.89315395426415 226.03554381020763 24.075782814914362
57 3192 0 0 0 -300.78041606740885 -34.81164688106437 201.72660739797297 88.62914611795638 83.99670615355602 -119.90298991393404 215.98527798604 21.768490386120018
58 3248 0 0 0 -321.4511986792154 -37.090867894580526 217.77840829459464 94.4121260327782 86.22202029314182 -127.13236473887464 238.2271649951112 20.590505847639758
59 3304 0 0 0 -326.04505318394587 -35.894343265224784 221.84603200012305 93.02461683467945 87.71890444613747 -124.95180990741237 235.40349063956708 25.052881904779515
60 3360 0 0 0 -356.22154618771646 -36.829158363620785 244.20581249072828 103.16996091695229 91.30196042207868 -134.5715904747984 259.96069449507513 22.389684830782535
61 3416 0 0 0 -364.7484929123628 -39.27894689656888 249.78098714822409 111.61013767282373 87.6450320008026 -138.55101202859018 273.7758586860803 12.901907968549741
62 3472 0 0 0 -374.4779120644478 -40.70280558906769 254.65016934727558 116.06636777943717 91.92121879110373 -141.53872054847344 283.98397701398534 14.177691323761803
63 3528 0 0 0 -393.5806848198579 -43.4609324757931 267.1164646491603 120.86904325060827 98.42102616076608 -148.7415734294198 301.9375472322017 18.504203824748902
64 3584 0 0 0 -416.45608813585744 -46.66917240061486 283.88755085796487 125.56745263770819 103.42250247514121 -156.7066932414544 320.27065668219376 21.50511707219083
65 3640 0 0 0 -414.2796478974624 -46.76933868857567 283.8246111650601 122.5803913756531 103.54942926124559 -154.07170935531983 315.26147451663024 24.21528282582496
66 3696 0 0 0 -424.8561965109869 -48.96933058978648 289.98340174300836 122.9875973415748 110.09204340997384 -156.569801538366 328.3217658260198 32.278601778068726
67 3752 0 0 0 -421.4393097917084 -50.532861706786996 287.42918300612286 119.90172161507184 111.37101715655135 -154.61900909291725 328.6607068727384 35.174456837829936
68 3808 0 0 0 -409.7207255236714 -51.270573738690686 279.3346156246911 119.45740579548008 105.99169714679269 -152.23062637941428 325.37179821375213 28.92847578517055
69 3864 0 0 0 -407.25831233631504 -52.02834015240779 278.6713268311207 122.7721902209764 99.48272984295079 -151.27250944841416 329.7882724673859 20.56640690053049
70 3920 0 0 0 -407.4231627287223 -51.97739304829943 277.2932208795003 127.33374157842216 97.71254362423578 -154.73571805584464 333.8069063404754 14.69682496370624
71 3976 0 0 0 -433.5562855327131 -53.6817210425018 295.74319288442695 133.29456569116957 104.66323516169975 -161.11856447154193 355.83246708682094 18.070492640672946
72 4032 0 0 0 -433.74911185895877 -53.860846399558916 294.834196018661 135.20912047352456 105.07507571371889 -163.23755355878876 355.6584725283177 15.281609699212542
73 4088 0 0 0 -428.7412536627003 -54.334139869298745 290.7197352961776 137.6263396629539 100.00433973079757 -160.99395925399048 359.40941366297994 10.265275712170773
74 4144 0 0 0 -442.5828234303425 -57.080909990874176 301.2108587462487 142.67021024785396 101.01126691836672 -167.33044452667818 373.60013585168736 8.638804175707902
75 4200 0 0 0 -440.10367548935665 -56.09474014915199 298.0420945861975 145.87372403653234 99.12723483930662 -166.20210136901767 369.80083169210485 4.19778281757943
76 4256 0 0 0 -442.15908945380824 -55.59747661495984 300.43807402437926 147.6782281007298 97.00195311182348 -166.21739167502818 371.274065326384 0.7967591852676819
77 4312 0 0 0 -447.3065141552205 -54.21429524124073 304.33162133853 153.2008628939825 93.2854452853959 -167.61116535919092 376.56568060283655 -6.154488161762296
78 4368 0 0 0 -448.95075003098077 -52.682526294164774 306.236268150783 154.765581496667 91.18728941596481 -167.54058393200825 372.9038546705091 -9.150581609683151
79 4424 0 0 0 -465.7770987773239 -53.52392275322163 318.51351877735664 157.12567436012515 97.21124293154433 -172.73344875198507 383.17706165916184 -4.659953585140999
80 4480 0 0 0 -452.204699202506 -53.03887397784576 308.7375828508648 151.59613436342912 95.70472991341563 -167.07556850924888 373.30532411603326 -2.2531554306634276
81 4536 0 0 0 -461.3048191710986 -54.21862709976111 314.957764330683 149.3954333764844 103.32257138692216 -169.6251451539107 374.8589018660645 8.067441025683545
82 4592 0 0 0 -466.78447834836874 -53.85286321155971 319.72258498855075 150.98210048891224 103.18567290888613 -172.0190607978766 378.1273679587739 7.132144757805487
83 4648 0 0 0 -477.51911928204186 -53.51287534580967 327.05585399105695 152.3635119286452 107.5329409180208 -174.7186680032042 381.28477598352566 10.829728719891984
84 4704 0 0 0 -484.632174289811 -54.226964655576865 331.27639396689193 155.8029354983245 108.97162261655578 -177.18040288702352 386.14430886499235 11.399433119098436
85 4760 0 0 0 -503.6279245592981 -55.23189949642663 344.94511604219247 160.28272666128726 113.82941000587029 -184.0627798016738 398.31330847536174 13.870538692741444
86 4816 0 0 0 -495.4133013900799 -55.58526419742939 338.15707700260197 160.82386914898768 110.81887361082865 -181.3381280964808 396.0608799678422 12.152163307538924
87 4872 0 0 0 -504.1172435137756 -55.94272016174896 344.36280913149005 165.41319641057123 110.5731131205034 -185.52587662728044 401.00355450330505 7.992423983036344
88 4928 0 0 0 -501.9457200360328 -56.05619967212285 343.274824890768 166.34625255429404 107.7371159525405 -185.74585082394321 401.0549701918202 5.0740085911533095
89 4984 0 0 0 -504.91820334836706 -56.240548625651144 344.89389138394915 168.2693739694971 108.16294558570472 -185.03980019222283 404.6321276896635 6.329541803473558
90 5040 0 0 0 -493.6718664384766 -56.10008451143223 337.98572394691837 163.73445781013882 105.05389782372889 -181.840004609922 400.181618362316 6.051360120351692
91 5096 0 0 0 -472.61982833733447 -55.352381078941114 322.4534707899103 156.3925127648434 102.85061615224316 -174.11627410574368 386.8352509598199 7.9578714576003176
92 5152 0 0 0 -503.7844441116538 -56.07362598474392 345.74915329126515 164.18633915151784 108.7246037148703 -184.68039604323002 403.4565576827232 8.107802333675082
93 5208 0 0 0 -496.48390792111024 -54.31021820783395 341.7251608581082 156.95833436891667 110.27293590543641 -181.5948336646872 389.69296221199704 13.777649600337632
94 5264 0 0 0 -491.6978109869776 -54.09352708334249 337.3613616592332 155.5624501362295 110.96550808756047 -180.4862580140906 383.2876129907853 16.124784848318292
95 5320 0 0 0 -479.54249417716625 -53.30957594387961 328.63829801755287 149.7787331529672 111.03204681558186 -175.63210169025479 375.7902834462959 19.51041957203234
96 5376 0 0 0 -476.85536460508143 -53.29071918756385 327.0341716217593 147.4565452018508 111.48299266263045 -173.99943321674945 375.0840961586959 22.560170333862853
97 5432 0 0 0 -476.3938634788096 -53.27270894656802 327.3075492560566 145.19589705265776 112.54802513821858 -172.9669515459419 373.87318474717387 26.218678391945907
98 5488 0 0 0 -469.30753319024086 -52.851358882333855 322.84658250200727 144.46130696404828 108.7899605006696 -170.93653027815498 371.43261271196315 22.426168670448877
99 5544 0 0 0 -463.23370542481206 -51.61708406901371 319.2237207685277 143.8411116644807 105.13130468469953 -168.08518153665494 370.2013167159926 18.988252046130494
100 5600 0 0 0 -455.1382234949821 -52.15527271721155 313.682653295382 142.37976311795046 102.0887435728926 -166.52847697556564 366.48679040369683 17.661562298352315
101 5656 0 0 0 -466.33540531205506 -52.788675677893465 322.5112317002907 143.98331401110255 104.59226168562175 -170.0250073168043 374.41599777334204 19.601596005496912
102 5712 0 0 0 -476.5402492760667 -53.34957076232807 330.00716108916913 149.14952024926004 104.25369019910802 -174.22181473170872 381.2329165131481 15.779530199666397
103 5768 0 0 0 -471.0186429771383 -52.669341636591064 326.6625082000535 147.73991023630603 101.82551676042645 -171.94195343073008 378.6115294690742 15.231298157513406
104 5824 0 0 0 -478.29637373104913 -52.8638766160264 332.3750912066445 148.6079330764687 103.79306034028633 -174.35759001629535 381.7920086476449 16.16512977622579
105 5880 0 0 0 -472.67752527094507 -52.59034298564904 328.9673388818802 147.78460236806117 100.70175159827734 -172.47151401982558 378.8919497599743 13.701663036655438
106 5936 0 0 0 -474.93317714388144 -53.5019239397353 330.83535606096615 146.83831879858934 102.30797633800277 -173.30488049330745 382.2525730354549 15.338445044929982
107 5992 0 0 0 -468.72014179511797 -53.64451758853458 325.56861657833434 147.47923965912312 100.12323804171548 -170.83095790826724 383.09020250650275 13.238075057804895
108 6048 0 0 0 -485.3003772982394 -54.16531863321966 337.8204610662709 153.57269343770977 101.47354142947034 -175.9607248925332 395.3136800685581 10.80870576018939
109 6104 0 0 0 -489.4767559695694 -54.03324535183837 340.55202523085677 153.42857932061514 104.05054877560441 -177.1379772089098 396.7441261212031 13.326926912105295
110 6160 0 0 0 -498.39702789142945 -54.97730181473069 347.2215124803404 156.86887695841318 104.53132983538164 -180.0948330347648 403.41379038005726 12.122476558225511
111 6216 0 0 0 -482.4719226124259 -53.975772075444894 335.9260516882166 151.91912907163314 101.40355454617142 -174.29437365866937 392.81562021511024 11.18616806283852
112 6272 0 0 0 -483.29380605482055 -53.18393117838892 337.731684105366 151.4437350494575 100.21152822489685 -174.0246768542769 393.3042715681761 9.803757485414948
113 6328 0 0 0 -487.30269689042376 -53.476548584878856 340.6961377114276 151.8951988823916 101.60627499100558 -175.5190288573254 394.99444074955665 10.885634458699519
114 6384 0 0 0 -483.8514587985974 -53.26028572197621 337.9258120667734 150.6394187643424 101.66196927215232 -173.88635591859523 392.0012109227925 11.938282143770632
115 6440 0 0 0 -486.37234769348277 -52.85137555891406 340.3432488556925 149.86103215674328 102.56684936001142 -174.06602574851803 392.44224056123454 13.29314860541357
116 6496 0 0 0 -480.9552011953685 -52.5520380041355 336.0951001861528 147.81073935155135 102.57987874500596 -172.54972887978522 386.7707073144193 14.448780752700124
117 6552 0 0 0 -477.29189266592664 -51.73845174401097 333.6126532331663 145.80733165714554 102.50858864968004 -171.43948147320296 381.67850818978945 14.740875794974889
118 6608 0 0 0 -479.11939093932307 -52.015673288452724 334.53155811212946 147.3490414957815 102.52236679514283 -172.6936387512366 382.560702537417 13.97396053558104
119 6664 0 0 0 -478.68058061242635 -51.2482841287486 334.0785794543796 148.75287422001327 101.14500457480408 -172.6036621962425 380.9698083907272 11.577756714868833
120 6720 0 0 0 -480.10062052957346 -51.40038480664957 335.00075775057826 150.55287638260648 100.20573935509705 -172.8819564462541 382.54619645674467 10.566513106457446
121 6776 0 0 0 -484.9218327991478 -52.33741788555287 338.29234952601234 151.2736670056802 102.1398533842953 -173.87146746676055 387.70716238882363 12.601299809459984
122 6832 0 0 0 -494.91855373719545 -52.872294121962625 344.96603211624006 157.81086934573312 101.33277890871217 -177.1941257472796 397.6790814620981 7.880859537192647
123 6888 0 0 0 -488.34066550328725 -52.279649680686084 340.0044956699029 155.09757200153442 101.25264699950739 -174.7930713023385 392.1444404966861 9.489230136817268
124 6944 0 0 0 -491.9289962712551 -52.96936912160747 342.44930854359575 155.41774068601234 102.9053901829864 -176.4077962738737 393.98996929300847 10.902846638484952
